-13.9332 0.157305 -4.55538 0.101619 -0.994823 0.000294924
-13.8895 0.16086 -3.426 0.101819 -0.994803 -0.000696911
-13.8731 0.160652 -2.35233 0.103131 -0.994665 -0.00219725
-13.8266 0.162832 -1.21555 0.103535 -0.994624 -0.00202926
-13.7843 0.164377 -0.140322 0.104581 -0.994514 -0.00212535
-13.7746 0.164901 0.944177 0.106156 -0.994348 0.00140374
-13.7709 0.16669 2.12871 0.107365 -0.99422 0.000183559
-13.7423 0.170371 3.21647 0.106078 -0.994357 0.00080192
-13.7028 0.174397 4.33351 0.108095 -0.994138 -0.00208841
-13.6944 0.17304 5.38056 0.102343 -0.994746 -0.00204084
-13.0147 0.241161 6.10548 0.0987754 -0.995107 -0.0025097
-12.0009 0.338759 6.06505 0.0912664 -0.995826 -0.00118557
-10.9185 0.429907 6.07539 0.0799857 -0.996793 -0.0022751
-9.85134 0.505878 6.13505 0.061602 -0.998096 -0.00012978
-8.75011 0.557863 6.11968 0.0349955 -0.999372 0.000879209
-7.68145 0.583599 6.07453 0.0169038 -0.99985 0.0037116
-6.61576 0.585578 6.1185 -0.00814367 -0.999962 0.00303441
-5.51436 0.559838 6.0975 -0.033332 -0.999432 0.00447191
-4.42261 0.502935 6.09323 -0.0565359 -0.998396 0.0022336
-3.42001 0.437637 6.10425 -0.0777931 -0.996968 -0.0014821
-2.42047 0.354167 6.08678 -0.0872215 -0.996189 4.19739e-05
-1.34155 0.254611 6.10366 -0.0964286 -0.995339 0.0014849
-0.427695 0.160893 5.7707 -0.102856 -0.994696 0.00114378
-0.395354 0.155896 4.72696 -0.100058 -0.994981 0.00113609
-0.430822 0.159262 3.72682 -0.100566 -0.99493 0.000791906
-0.42216 0.158493 2.5822 -0.101289 -0.994856 0.000398698
-0.41398 0.15659 1.56111 -0.101647 -0.994819 0.00187867
-0.438486 0.156939 0.519485 -0.100259 -0.994958 0.00259934
-0.44563 0.155579 -0.65458 -0.0996446 -0.995021 0.00182614
-0.438728 0.153297 -1.69854 -0.0994476 -0.995042 0.00137526
-0.450254 0.152764 -2.7842 -0.0987952 -0.995107 0.00155137
-0.494409 0.156946 -3.88567 -0.10379 -0.994598 -0.000942267
-0.55165 0.164227 -4.98898 -0.105538 -0.994415 -3.99082e-05
-0.726978 0.182076 -6.02239 -0.104196 -0.994555 0.00208809
-1.7334 0.282737 -6.08157 -0.0930711 -0.995655 -0.00300448
-2.80659 0.374956 -6.1035 -0.0777493 -0.99697 0.00187778
-3.82982 0.447886 -6.10974 -0.0635659 -0.99797 0.00208544
-4.85289 0.507065 -6.14849 -0.0515779 -0.998657 0.00479119
-5.86768 0.548873 -6.12222 -0.0271186 -0.999613 0.00522981
-6.935 0.569751 -6.10076 -0.00601951 -0.999956 0.00280564
-8.02787 0.563239 -6.09068 0.0143156 -0.999877 0.00599753
-9.03912 0.536848 -6.09333 0.0314022 -0.999462 0.00944038
-10.0657 0.487339 -6.13058 0.0590214 -0.998214 -0.0092231
-11.2627 0.406678 -6.1343 0.0763416 -0.997061 -0.00487935
-12.2732 0.319806 -6.11017 0.0931632 -0.99565 0.00112292
-13.37 0.213683 -6.07588 0.099413 -0.995046 0.000398603
-13.8866 0.162066 -5.24023 0.100922 -0.994894 0.000284262
-13.9295 0.157689 -4.65554 0.101594 -0.994826 2.91501e-06
-14.8885 0.058518 -4.65399 0.104923 -0.99448 -0.000763865
-14.8667 0.06129 -5.73162 0.103896 -0.994588 -0.000131893
-14.8753 0.0594462 -6.86144 0.103034 -0.994677 0.00149108
-13.9198 0.157933 -7.06241 0.101862 -0.994797 0.00171289
-12.8838 0.260768 -7.03995 0.0963645 -0.995344 0.00192569
-11.8023 0.360789 -7.05188 0.0893932 -0.99599 0.00349971
-10.7476 0.447573 -7.06199 0.0734769 -0.997273 -0.00325077
-9.60307 0.512294 -7.04202 0.0470834 -0.998872 0.0028954
-8.46549 0.55244 -7.03229 0.0241768 -0.999707 0.00144552
-7.35241 0.566864 -7.05998 0.000656055 -0.999987 0.00504557
-6.30149 0.556728 -7.04039 -0.0177142 -0.999843 0.000415763
-5.29271 0.526674 -7.0826 -0.0447067 -0.998986 0.00525939
-4.24329 0.471348 -7.06985 -0.0584384 -0.99829 0.000392158
-3.21227 0.402772 -7.0572 -0.0745192 -0.997218 0.00148305
-2.12396 0.31697 -7.06155 -0.0877249 -0.996138 0.00074601
-1.05725 0.214915 -7.02048 -0.102072 -0.994772 0.0030545
0.0272431 0.10044 -7.03648 -0.106435 -0.994318 0.00176476
0.403126 0.0612518 -6.16593 -0.106795 -0.994281 0.000970578
0.41044 0.0611966 -5.10086 -0.106447 -0.994318 0.000763877
0.447884 0.058896 -3.99211 -0.103927 -0.994583 0.00189913
0.490057 0.058277 -2.92807 -0.100055 -0.994977 0.00298852
0.514963 0.0569162 -1.91366 -0.100187 -0.994969 -1.37997e-06
0.489073 0.0600703 -0.804227 -0.102406 -0.994742 0.000774589
0.505836 0.0595412 0.213191 -0.102473 -0.994735 0.00137349
0.521202 0.0594602 1.32328 -0.103325 -0.994647 0.00145521
0.537317 0.059038 2.48679 -0.104137 -0.994563 0.000462733
0.518754 0.0614813 3.59531 -0.1038 -0.994598 0.000796765
0.552293 0.0585398 4.75213 -0.103567 -0.994622 0.000793005
0.54888 0.0597902 5.87428 -0.103404 -0.994639 0.000872491
0.510373 0.0642096 6.88995 -0.10329 -0.994651 0.000140363
-0.535461 0.172204 7.06075 -0.102479 -0.994734 -0.00160574
-1.61543 0.28125 7.04921 -0.0943587 -0.995536 -0.00196666
-2.62995 0.37203 7.05057 -0.0845954 -0.996415 1.52547e-05
-3.6691 0.454624 7.04386 -0.070556 -0.997505 -0.00179764
-4.7548 0.522649 7.05238 -0.0569157 -0.998378 -0.00161603
-5.80704 0.569823 7.05682 -0.0385636 -0.999254 0.00189745
-6.86033 0.585806 7.05331 -0.00353505 -0.99999 -0.00126232
-7.92619 0.580923 7.03631 0.0167509 -0.999843 0.00571132
-9.07155 0.546055 7.06773 0.0449192 -0.998987 0.00275779
-10.0845 0.490119 7.05043 0.0708565 -0.997479 -0.00264314
-11.2201 0.402706 7.02967 0.0813625 -0.996677 -0.00391157
-12.3188 0.307428 7.02575 0.0908719 -0.995863 -0.000205202
-13.3483 0.203526 7.04135 0.104467 -0.994517 -0.00480794
-14.3911 0.0894513 7.01599 0.113297 -0.993555 -0.00339117
-14.6049 0.0689594 6.09968 0.114373 -0.993424 -0.00529505
-14.656 0.0666697 5.07139 0.114254 -0.993449 -0.00232469
-14.6546 0.068741 4.07126 0.114524 -0.993419 -0.00153962
-14.6808 0.0667741 3.06888 0.112821 -0.993615 -0.000915967
-14.7057 0.064413 2.05843 0.11003 -0.993928 -2.99909e-05
-14.704 0.0641011 1.01065 0.108948 -0.994047 3.65167e-05
-14.7174 0.0641248 -0.0419177 0.107307 -0.99422 -0.00329134
-14.7612 0.0633279 -1.08616 0.107096 -0.994239 -0.00429983
-14.7972 0.0633697 -2.25148 0.106733 -0.994284 -0.00227268
-14.8282 0.0622538 -3.34453 0.107573 -0.994196 -0.00122409
-14.8823 0.0587647 -4.42687 0.105867 -0.994377 -0.00240712
-14.887 0.0585333 -4.53571 0.10534 -0.994434 -0.00180973
-13.3453 0.216471 -4.49104 0.0990011 -0.995087 -0.000444446
-12.2451 0.32224 -4.49025 0.0898945 -0.995951 0.000649589
-11.1576 0.413662 -4.48929 0.0770934 -0.997023 0.00135655
-10.0264 0.492598 -4.48845 0.0580994 -0.99831 0.00112533
-8.98277 0.542353 -4.48783 0.0366053 -0.99933 -0.000417105
-7.97772 0.57279 -4.48742 0.0191404 -0.999814 -0.0023266
-6.96594 0.574384 -4.48731 -0.0118133 -0.999916 0.00538311
-5.92583 0.555055 -4.48742 -0.0346318 -0.999388 0.0048258
-4.85861 0.507388 -4.48778 -0.0514447 -0.998665 -0.00472124
-3.71724 0.442138 -4.48843 -0.065839 -0.997829 0.00178658
-2.63153 0.360347 -4.48916 -0.079409 -0.996841 -0.00139108
-1.58294 0.268428 -4.48979 -0.0930197 -0.995664 -0.000765051
-1.17237 0.228502 -4.48997 -0.10121 -0.994865 -0.000978855
-1.18526 0.231466 -5.38839 -0.100729 -0.994914 0.000452394
-2.26233 0.329978 -5.38739 -0.0856295 -0.996326 0.00174291
-3.40437 0.420189 -5.38626 -0.0704767 -0.99751 0.00247492
-4.4837 0.488426 -5.38518 -0.0595503 -0.998225 0.00103449
-5.50384 0.539791 -5.38445 -0.038006 -0.999267 0.00459536
-6.60403 0.568042 -5.38399 -0.0183207 -0.99983 0.00204728
-7.69443 0.57201 -5.38405 0.00978367 -0.999935 0.00586452
-8.71763 0.551174 -5.38451 0.0327484 -0.999463 0.000719312
-9.84375 0.499852 -5.38556 0.0604307 -0.998172 0.000126657
-10.916 0.429833 -5.38675 0.067658 -0.997707 0.00147169
-11.9828 0.347394 -5.38797 0.0864476 -0.996256 0.000854512
-13.0568 0.244887 -5.38914 0.0987983 -0.995107 0.000742293
-13.2881 0.222006 -5.38934 0.0990009 -0.995087 2.50741e-05
-13.4176 0.208507 -3.59277 0.100006 -0.994986 -0.00115628
-12.3882 0.307887 -3.59229 0.0908516 -0.99586 -0.00305391
-11.2755 0.402845 -3.5916 0.0799285 -0.996798 -0.00210004
-10.1918 0.483748 -3.59109 0.0664121 -0.997786 0.00345768
-9.13595 0.538189 -3.59066 0.0403323 -0.999179 0.00372191
-7.97022 0.575378 -3.59036 0.0170292 -0.999829 0.00722203
-6.81248 0.57417 -3.59015 -0.0113498 -0.999933 0.00246989
-5.80949 0.55126 -3.5902 -0.0376963 -0.999283 0.00365119
-4.77371 0.505279 -3.59047 -0.050682 -0.998701 0.00528944
-3.66273 0.439969 -3.59086 -0.0697315 -0.997566 0.00012645
-2.51557 0.349765 -3.59131 -0.0814632 -0.996675 -0.00170636
-1.37084 0.245691 -3.59169 -0.100028 -0.994981 -0.00286077
-1.0411 0.212649 -3.59174 -0.100095 -0.994976 -0.00190281
-1.07493 0.214859 -2.69366 -0.0986207 -0.995125 0.00096692
-2.25501 0.32684 -2.69349 -0.0892306 -0.996011 -0.000627891
-3.31193 0.41733 -2.69334 -0.0824214 -0.996592 0.00336349
-4.37754 0.491294 -2.69321 -0.0568287 -0.998383 0.00113304
-5.4414 0.540548 -2.69303 -0.0402487 -0.999179 0.00471466
-6.50458 0.573064 -2.69284 -0.0162798 -0.999864 -0.00245758
-7.57282 0.58118 -2.69275 -0.00367813 -0.999992 0.00172337
-8.66492 0.56114 -2.69315 0.0313373 -0.999507 0.00181593
-9.73145 0.512464 -2.69339 0.056474 -0.998397 -0.00384433
-10.8141 0.439107 -2.69369 0.0795656 -0.996829 0.00113882
-11.8766 0.352303 -2.69405 0.0835241 -0.996505 -0.00126073
-12.9413 0.253985 -2.6944 0.097736 -0.995211 -0.00167415
-13.3787 0.210998 -2.69455 0.0986093 -0.995125 -0.001285
-13.2318 0.224453 -1.79652 0.098224 -0.995163 -0.001568
-12.2036 0.32198 -1.79629 0.088302 -0.996094 3.75501e-05
-11.1367 0.413572 -1.79604 0.0816071 -0.996663 0.00194278
-10.0545 0.492318 -1.79579 0.0654904 -0.997852 -0.00161353
-9.03827 0.545213 -1.79562 0.0406637 -0.999171 -0.00192751
-7.9852 0.578285 -1.79552 0.0119756 -0.999912 0.00568753
-6.97931 0.580613 -1.7954 -0.00733629 -0.999966 0.00388072
-5.95319 0.560208 -1.79556 -0.0335186 -0.999438 9.171e-06
-4.92337 0.52065 -1.79563 -0.044449 -0.999009 0.00219222
-3.87171 0.463754 -1.79568 -0.0643821 -0.997907 0.00609632
-2.8029 0.376273 -1.79568 -0.0860579 -0.996289 0.00159743
-1.6659 0.27373 -1.7957 -0.0941093 -0.99556 0.00210982
-0.934984 0.202375 -1.79569 -0.0977347 -0.995212 0.00130318
-0.937878 0.20415 -0.897727 -0.0982929 -0.995156 0.00200493
-2.15307 0.32107 -0.897877 -0.0909561 -0.99585 0.00326662
-3.25721 0.416175 -0.897943 -0.0814559 -0.996677 0.000383031
-4.39255 0.496806 -0.897985 -0.0534095 -0.99857 -0.00249791
-5.46045 0.543935 -0.898085 -0.0370869 -0.999303 0.00422681
-6.57765 0.577055 -0.898 -0.023875 -0.999714 -0.00100837
-7.59655 0.584202 -0.898103 0.00664844 -0.999978 0.000874893
-8.60694 0.565823 -0.89795 0.0319874 -0.999468 0.00638547
-9.7738 0.510958 -0.898054 0.0547 -0.998499 0.00259244
-10.7719 0.445964 -0.898245 0.0740442 -0.997231 0.00689623
-11.8264 0.357036 -0.898418 0.0874095 -0.99617 0.00211625
-12.8942 0.257208 -0.898669 0.0991324 -0.995074 -0.000553678
-13.2728 0.219548 -0.898765 0.100709 -0.994914 -0.00172471
-13.3151 0.213221 -0.000729576 0.10409 -0.994567 -0.000939385
-12.2693 0.317657 -0.000645151 0.0951288 -0.995464 0.00106834
-11.2295 0.413967 -0.000524446 0.0883724 -0.996077 0.00465848
-10.1532 0.492608 -0.000468729 0.0635276 -0.99798 0.000179705
-9.08748 0.547166 -0.000505079 0.0437995 -0.999039 -0.00159974
-7.91289 0.580914 -0.000428201 0.0150626 -0.999883 -0.00277732
-6.81942 0.583044 -0.000306795 -0.00948101 -0.999953 -0.00211242
-5.67177 0.5558 -0.000269679 -0.034907 -0.999386 0.00294153
-4.6211 0.512207 -0.000300907 -0.0531058 -0.998581 -0.0039193
-3.52565 0.438525 -0.000204565 -0.0784478 -0.996917 0.00147868
-2.45262 0.350849 -9.9943e-05 -0.0868151 -0.996223 0.00156167
-1.4053 0.251858 -2.01685e-05 -0.096562 -0.995321 0.003575
-0.991133 0.21119 3.50621e-05 -0.0990331 -0.995082 0.00191019
-0.990491 0.213609 0.897844 -0.100142 -0.994968 0.00315991
-2.11492 0.324303 0.897724 -0.0930614 -0.995659 0.00157837
-3.22698 0.417779 0.897613 -0.0794456 -0.996832 0.00383152
-4.25524 0.492573 0.897504 -0.0682255 -0.997642 0.00748874
-5.35989 0.546785 0.897468 -0.0382025 -0.999269 0.0011284
-6.4226 0.58016 0.897306 -0.0247387 -0.999692 -0.00184449
-7.52078 0.586113 0.897351 0.00546076 -0.999983 0.00220861
-8.5509 0.569457 0.897246 0.0248347 -0.999689 0.00240591
-9.61326 0.523803 0.897271 0.0528509 -0.9986 0.00211676
-10.6583 0.460443 0.897336 0.0656703 -0.997841 -0.00020814
-11.7258 0.369789 0.897413 0.091473 -0.995807 0.000669645
-12.8829 0.257863 0.897414 0.100814 -0.994905 -0.000271537
-13.137 0.232068 0.8974 0.104036 -0.994573 0.00101871
-13.2102 0.225678 1.79561 0.103504 -0.994626 0.00245549
-12.1582 0.330292 1.79548 0.0939175 -0.995576 0.00286134
-11.1105 0.425006 1.79533 0.0796262 -0.996823 0.00211752
-10.0974 0.49587 1.79512 0.0615155 -0.998105 0.00155117
-9.095 0.549413 1.79494 0.0461279 -0.998936 1.16107e-05
-8.07822 0.579787 1.79475 0.0159051 -0.999873 -0.000558258
-7.07692 0.589556 1.7948 -0.0100003 -0.999949 -0.00151596
-6.07083 0.573031 1.79482 -0.0227714 -0.999724 0.00570718
-4.94064 0.531875 1.79509 -0.0458261 -0.998934 0.00557285
-3.89965 0.471179 1.79531 -0.0668543 -0.997751 0.00478008
-2.89601 0.394138 1.79551 -0.0827012 -0.996572 0.00205345
-1.82915 0.299232 1.79571 -0.0989234 -0.995094 0.00164401
-0.920043 0.208438 1.79589 -0.100713 -0.994914 0.00139338
-0.908925 0.207749 2.69408 -0.100799 -0.994907 -0.000635795
-1.92291 0.308512 2.69376 -0.095392 -0.995439 -0.00154649
-2.96278 0.40049 2.6934 -0.0843589 -0.996435 -0.00118974
-4.01945 0.480195 2.69298 -0.0695017 -0.997578 -0.00268398
-5.085 0.539462 2.69259 -0.0465065 -0.998918 0.000227074
-6.08845 0.575526 2.69228 -0.0275501 -0.999604 -0.00573705
-7.18088 0.589848 2.6921 -0.00553995 -0.999985 0.000200382
-8.2155 0.576066 2.69255 0.0241715 -0.999708 -0.000645144
-9.36696 0.536341 2.69278 0.0527139 -0.99861 -0.000135281
-10.3913 0.476407 2.6931 0.0660311 -0.997816 -0.00148772
-11.5231 0.389723 2.69336 0.086925 -0.996214 -0.00137543
-12.6664 0.282061 2.69362 0.101546 -0.994831 -0.000134146
-13.253 0.22188 2.69384 0.102417 -0.994742 4.87743e-05
-13.2424 0.223364 3.59199 0.10344 -0.994635 -0.00119254
-12.1919 0.32728 3.59169 0.0942256 -0.995548 -0.00229937
-11.0209 0.430183 3.5912 0.0763309 -0.997047 -0.00844751
-10.011 0.499454 3.59062 0.0676432 -0.9977 -0.00429278
-8.87438 0.556982 3.59014 0.0313909 -0.999498 -0.00424682
-7.79065 0.583446 3.58997 0.0148115 -0.999887 -0.00273557
-6.55768 0.582593 3.58988 -0.0141071 -0.9999 -0.000553919
-5.54952 0.56047 3.58998 -0.0321358 -0.999482 -0.00178233
-4.44888 0.504911 3.59036 -0.0585559 -0.998283 0.00112202
-3.45039 0.437586 3.591 -0.0739631 -0.997261 -0.000752896
-2.43784 0.353239 3.59161 -0.088298 -0.996093 -0.00164895
-1.42667 0.258718 3.59211 -0.0966995 -0.995313 -0.00106238
-0.947458 0.211134 3.59234 -0.0992915 -0.995058 -0.000447034
-1.06281 0.222471 4.4905 -0.0987313 -0.995114 0.000271436
-2.25483 0.336825 4.4897 -0.0921429 -0.995746 0.000672418
-3.4535 0.438518 4.48871 -0.0805586 -0.996746 0.00267452
-4.5827 0.513961 4.48794 -0.0527083 -0.998609 0.00112255
-5.75139 0.566484 4.48728 -0.040636 -0.999166 0.00405394
-6.84835 0.586622 4.48701 -0.00547765 -0.999985 6.82114e-05
-7.87042 0.581988 4.48707 0.0186913 -0.999817 -0.00405409
-8.90496 0.551893 4.48758 0.0355676 -0.999367 -0.00117874
-9.99428 0.496822 4.48833 0.0613429 -0.998105 -0.00491816
-10.9937 0.427899 4.48907 0.0746747 -0.997201 -0.00368696
-12.013 0.341191 4.4898 0.0908951 -0.995859 -0.00139402
-13.0992 0.236884 4.49045 0.0985675 -0.995124 -0.00363584
-13.1999 0.226794 4.49049 0.100495 -0.994933 -0.00316071
-13.1055 0.233213 5.3891 0.0992966 -0.995058 -0.000417548
-12.0216 0.33841 5.38807 0.0941483 -0.995552 -0.00358866
-11.0161 0.423413 5.38697 0.0771573 -0.997018 -0.00165508
-9.94476 0.498566 5.38569 0.0635598 -0.997978 0.000773392
-8.80908 0.555903 5.38451 0.0371558 -0.999309 -0.00096963
-7.77322 0.582177 5.38388 0.0194062 -0.999807 -0.00290396
-6.75384 0.58649 5.38384 -0.00746302 -0.999967 -0.00311528
-5.62974 0.561595 5.38436 -0.0351754 -0.99938 -0.00179288
-4.58002 0.511427 5.38517 -0.0536976 -0.998557 -0.000280311
-3.55735 0.447842 5.38631 -0.0735986 -0.997283 0.00316521
-2.52492 0.362579 5.38745 -0.086142 -0.996281 0.00188153
-1.49523 0.268425 5.38844 -0.0969693 -0.995286 0.00163657
-1.23714 0.242413 5.38867 -0.100377 -0.994944 0.00320333
-1.06417 0.224964 5.38882 -0.100385 -0.994944 0.0032053
