-16.5393 1.04543 0.298176 0.106845 -0.994272 -0.00270975
-16.5123 1.04423 1.37598 0.107266 -0.994226 -0.00304612
-16.4971 1.04472 2.49299 0.109888 -0.993943 -0.00160618
-16.5129 1.04112 3.58167 0.110221 -0.993906 -0.00167972
-16.5205 1.03708 4.61868 0.111631 -0.993734 -0.00561477
-16.47 1.03615 5.68338 0.114851 -0.993369 -0.00492245
-15.6324 1.1318 6.1137 0.117117 -0.993112 -0.00358214
-14.525 1.26102 6.10343 0.114801 -0.993381 -0.00377722
-13.4504 1.38003 6.08191 0.104681 -0.994498 -0.00359332
-12.4353 1.48291 6.05622 0.0983401 -0.995149 -0.00273434
-11.3583 1.58259 6.10397 0.0854448 -0.99634 -0.00229038
-10.2127 1.67255 6.11046 0.068397 -0.997641 -0.00354022
-9.10637 1.73684 6.12899 0.045195 -0.998975 -0.00265298
-7.97111 1.77389 6.09953 0.0197395 -0.9998 0.00219203
-6.77757 1.7787 6.06904 -0.00690524 -0.999975 -0.00116099
-5.7371 1.75576 6.09591 -0.0350513 -0.99937 0.00319357
-4.62035 1.7028 6.13483 -0.059301 -0.998237 0.00252929
-3.60737 1.63504 6.11569 -0.0735289 -0.997281 -0.00330869
-2.57227 1.554 6.10534 -0.0836514 -0.996479 -0.00283779
-1.47168 1.45083 6.07875 -0.0974952 -0.995236 -2.42991e-05
-0.384965 1.34199 6.08854 -0.102644 -0.994717 0.000962535
0.620849 1.23573 6.07891 -0.107808 -0.994171 0.000876762
1.67089 1.12277 6.02856 -0.105057 -0.994465 -0.00119218
1.795 1.10955 4.88386 -0.10145 -0.994841 0.000197838
1.82772 1.10596 3.70144 -0.10125 -0.994861 0.000541292
1.77883 1.11054 2.6713 -0.102396 -0.994744 0.000318834
1.79699 1.10911 1.65031 -0.101621 -0.994823 -0.000778658
1.81973 1.107 0.618379 -0.102337 -0.99475 0.000118482
1.81541 1.10544 -0.441923 -0.101774 -0.994802 0.0033934
1.81898 1.1025 -1.63755 -0.102455 -0.994737 0.00115764
1.8099 1.10362 -2.6923 -0.102291 -0.994754 -0.00034985
1.82269 1.0981 -3.786 -0.103193 -0.994637 0.00696452
1.81931 1.09091 -4.84485 -0.105827 -0.99436 0.00692618
1.78115 1.09098 -5.8426 -0.107603 -0.994188 0.00329773
0.868066 1.19063 -6.08495 -0.110749 -0.993844 0.00305521
-0.241733 1.31278 -6.07222 -0.106951 -0.994262 0.00198051
-1.32024 1.4249 -6.11689 -0.100718 -0.994915 0.00093341
-2.42069 1.53078 -6.11161 -0.0876054 -0.996136 0.00623099
-3.45459 1.61134 -6.08806 -0.0687942 -0.997614 0.00571573
-4.56433 1.68241 -6.1199 -0.0539148 -0.998543 -0.000305074
-5.73829 1.73263 -6.12273 -0.0323604 -0.999455 0.00652488
-6.88731 1.75891 -6.12709 -0.00770703 -0.99997 0.0010515
-7.91192 1.75933 -6.12386 0.008337 -0.999945 0.00631271
-8.96811 1.73301 -6.12917 0.038439 -0.999258 -0.00242746
-10.0065 1.6813 -6.11447 0.0557645 -0.998439 -0.00301435
-11.0208 1.61264 -6.10504 0.0747699 -0.997199 -0.00140561
-12.0274 1.52912 -6.09064 0.0892637 -0.996005 -0.00157663
-13.24 1.41276 -6.09033 0.0984319 -0.995144 -0.000474234
-14.2457 1.30916 -6.08872 0.104304 -0.994545 -0.000641823
-15.2555 1.20314 -6.08592 0.104768 -0.994496 -0.00135085
-16.3266 1.08995 -6.0722 0.105033 -0.994468 -0.0013435
-16.5162 1.06725 -5.09786 0.106254 -0.994332 -0.00372977
-16.5157 1.06322 -4.07324 0.106983 -0.994252 -0.00410965
-16.5002 1.06 -2.8974 0.105586 -0.994401 -0.00415204
-16.5228 1.05292 -1.69536 0.105857 -0.994373 -0.00411643
-16.5222 1.04956 -0.597403 0.106619 -0.994298 -0.0015942
-16.5385 1.04595 0.140649 0.106845 -0.994272 -0.00270951
-17.4679 0.946634 0.0775014 0.107101 -0.994243 -0.00299259
-17.4422 0.944171 1.25005 0.105899 -0.994367 -0.00431086
-17.4461 0.941505 2.27099 0.108116 -0.994137 -0.00160025
-17.4566 0.938217 3.34325 0.108028 -0.994145 -0.00223056
-17.4613 0.933151 4.39217 0.110402 -0.993858 -0.00754607
-17.4442 0.927689 5.42201 0.109917 -0.993935 -0.00345267
-17.462 0.922355 6.46157 0.107987 -0.994151 -0.00145161
-16.8437 0.990832 7.0382 0.11114 -0.993805 0.000221752
-15.8436 1.10446 7.07794 0.114584 -0.99341 -0.0025858
-14.7591 1.23069 7.04917 0.115127 -0.993347 -0.00268348
-13.6928 1.35024 7.03525 0.106585 -0.994291 -0.00445634
-12.6482 1.45804 7.0276 0.100521 -0.994922 -0.00499665
-11.6252 1.55675 7.03448 0.0898685 -0.995952 -0.00158938
-10.4841 1.64835 7.04128 0.0735672 -0.997273 -0.00581108
-9.44698 1.72064 7.068 0.0589167 -0.998203 0.00175613
-8.40577 1.76069 7.04442 0.0196163 -0.999806 -0.00153445
-7.21795 1.77747 7.04416 0.00741164 -0.99995 -0.0066725
-6.14754 1.76532 7.04793 -0.0194952 -0.999797 -0.00488194
-5.13455 1.73037 7.07238 -0.0490096 -0.998798 0.000537423
-3.95286 1.65676 7.06518 -0.0691172 -0.997607 -0.00143032
-2.92873 1.58108 7.06662 -0.0829255 -0.996556 0.00015928
-1.75887 1.47754 7.05148 -0.0913999 -0.995811 -0.00240356
-0.564381 1.36051 7.05716 -0.102457 -0.994737 -0.000709628
0.43337 1.25535 7.02233 -0.107004 -0.994258 -0.000420711
1.50876 1.13948 7.05366 -0.105645 -0.994404 -0.000433865
2.5385 1.03432 7.02676 -0.0981937 -0.995167 -0.000150296
2.77098 1.01186 6.0045 -0.0955603 -0.995424 2.36343e-05
2.74267 1.01458 4.99155 -0.0969057 -0.995293 -0.000550548
2.77984 1.01093 3.92427 -0.0985637 -0.995131 0.000514701
2.74737 1.01303 2.82587 -0.099056 -0.995082 0.000206549
2.76333 1.01151 1.73751 -0.0970901 -0.995275 -0.000203011
2.77174 1.01046 0.684368 -0.0999151 -0.994995 0.00112558
2.74686 1.01142 -0.506416 -0.0992226 -0.995063 0.00193389
2.75895 1.00776 -1.59431 -0.0975346 -0.99523 0.00186947
2.74371 1.00813 -2.66587 -0.102153 -0.994767 0.00166331
2.75446 1.00245 -3.75915 -0.10319 -0.994631 0.00778891
2.74781 0.994935 -4.77729 -0.100901 -0.994869 0.00736145
2.75449 0.989328 -5.82909 -0.101867 -0.994794 0.00236546
2.71597 0.99195 -6.83034 -0.103269 -0.994647 0.00307867
1.78157 1.08831 -7.06261 -0.105714 -0.994393 0.00264997
0.639522 1.21299 -7.03617 -0.11173 -0.993729 0.00435143
-0.384064 1.32681 -7.03231 -0.10688 -0.994271 0.00154118
-1.52541 1.44474 -7.05708 -0.099514 -0.995036 0.000699447
-2.59764 1.54434 -7.06395 -0.081538 -0.996668 -0.00218019
-3.72536 1.62554 -7.04374 -0.0678282 -0.997686 0.00430661
-4.75431 1.68823 -7.06105 -0.043841 -0.999026 0.00493387
-5.90256 1.73091 -7.05658 -0.0296916 -0.999528 0.00769165
-7.02124 1.75476 -7.07154 -0.00580112 -0.99998 0.00247952
-8.04672 1.74942 -7.06694 0.0144037 -0.999847 0.00989458
-9.06167 1.7273 -7.06985 0.0396687 -0.99918 0.00203214
-10.1878 1.66919 -7.0604 0.0607079 -0.998116 0.00701544
-11.1995 1.59869 -7.03519 0.0778698 -0.996953 0.00465522
-12.2164 1.51274 -7.04327 0.0954322 -0.995436 0.000520534
-13.2746 1.40874 -7.03403 0.100705 -0.994915 0.00167719
-14.3218 1.30181 -7.05141 0.102315 -0.994752 -0.000269047
-15.4521 1.18332 -7.05339 0.105163 -0.994455 -0.000622503
-16.5886 1.06395 -7.05209 0.103349 -0.994644 -0.00146284
-17.4257 0.976733 -6.7509 0.102104 -0.994769 -0.00293909
-17.4497 0.971373 -5.7412 0.102943 -0.994683 -0.00276438
-17.4512 0.967205 -4.67178 0.102552 -0.994718 -0.00428155
-17.4463 0.963194 -3.56548 0.10321 -0.994653 -0.00348335
-17.4431 0.959748 -2.54471 0.104075 -0.994561 -0.00414158
-17.4462 0.953739 -1.40147 0.105235 -0.994434 -0.00522644
-17.4582 0.948715 -0.334692 0.10598 -0.994364 -0.00291201
-17.4641 0.947306 -0.0320647 0.107228 -0.994231 -0.00245032
-16.0385 1.10009 -0.00151403 0.106911 -0.994264 -0.00299677
-14.9325 1.2225 -0.00107261 0.112937 -0.993599 -0.00236633
-13.8787 1.34098 -0.000928666 0.110037 -0.993927 0.000458115
-12.8598 1.44983 -0.000741237 0.102756 -0.994706 0.000762335
-11.8287 1.55244 -0.00066967 0.0958627 -0.995394 0.00103973
-10.8071 1.63826 -0.000571136 0.0719067 -0.997411 0.000252552
-9.74724 1.70648 -0.000593685 0.0536516 -0.998558 -0.00199501
-8.69929 1.75339 -0.000551833 0.0305002 -0.999491 0.00938925
-7.64606 1.77773 -0.000594479 0.014842 -0.999871 0.0061538
-6.53564 1.76663 -0.000508513 -0.0224183 -0.999745 0.00281837
-5.372 1.73564 -0.000480605 -0.0283127 -0.999573 0.0072438
-4.198 1.67955 -0.000309558 -0.0703073 -0.997522 0.00264482
-2.99033 1.58385 -0.000130777 -0.0836131 -0.996498 -0.000377875
-1.81785 1.47947 2.69691e-05 -0.0923925 -0.995716 0.00373734
-0.746687 1.37249 0.000152008 -0.102802 -0.994699 0.00245935
0.28866 1.26452 0.000302281 -0.104122 -0.994562 0.00222317
1.28847 1.16076 0.000547517 -0.103133 -0.994666 0.00205353
1.32093 1.15739 0.000552911 -0.102211 -0.99476 0.00250183
1.25937 1.16463 0.898887 -0.102707 -0.994712 -0.000351609
0.233035 1.27106 0.898718 -0.104155 -0.994561 4.6074e-05
-0.936732 1.39451 0.898457 -0.103705 -0.994608 0.000351303
-2.00252 1.49912 0.89808 -0.0906728 -0.995879 0.00188771
-3.0033 1.58989 0.897798 -0.0870992 -0.996174 0.00714246
-4.01258 1.67236 0.897531 -0.0714993 -0.997425 0.00566594
-5.02409 1.72801 0.897285 -0.0451517 -0.998979 -0.00161727
-6.09775 1.76492 0.897204 -0.0202247 -0.999775 0.00645951
-7.15468 1.77959 0.897132 -0.00861652 -0.999963 0.000166164
-8.15586 1.77094 0.897145 0.0148098 -0.999888 0.00229349
-9.19384 1.73503 0.897425 0.0423259 -0.999104 0.000239024
-10.3082 1.67044 0.897458 0.0669971 -0.997747 -0.00348575
-11.4581 1.58864 0.897551 0.0858708 -0.996303 -0.00258
-12.4734 1.49021 0.897555 0.101952 -0.994789 0.000516935
-13.481 1.38471 0.897475 0.108664 -0.994077 0.00186932
-14.5823 1.26178 0.897428 0.113086 -0.993585 -0.000377855
-15.5823 1.14811 0.897426 0.109557 -0.99398 -0.000519115
-15.908 1.11204 0.897357 0.110512 -0.993872 -0.00228999
-15.9816 1.10261 1.79625 0.111366 -0.993779 -0.000493424
-14.8842 1.22751 1.79626 0.113991 -0.993482 0.00037205
-13.7723 1.35443 1.79616 0.113214 -0.99357 0.00141068
-12.5596 1.48159 1.79599 0.0997097 -0.995017 -5.80843e-05
-11.4366 1.59002 1.79579 0.0888758 -0.996042 -0.00129482
-10.3956 1.66459 1.79554 0.0643665 -0.997924 -0.00212646
-9.28974 1.73067 1.79524 0.0517093 -0.998662 0.000706749
-8.05152 1.76952 1.79491 0.016491 -0.999853 -0.00463556
-7.04516 1.77983 1.79495 -0.00353362 -0.999992 0.00163663
-5.89199 1.76141 1.79486 -0.0297443 -0.999557 -0.00141739
-4.78712 1.71666 1.79521 -0.0522588 -0.998633 -0.000405291
-3.73616 1.65291 1.79556 -0.0681283 -0.997622 0.0104189
-2.58435 1.5566 1.79591 -0.091585 -0.995797 0.000125057
-1.46717 1.44955 1.79641 -0.0990845 -0.995079 0.000693255
-0.464597 1.3459 1.79678 -0.105498 -0.994417 0.00220254
0.540223 1.23947 1.79701 -0.104434 -0.994532 0.000479808
1.22414 1.16798 1.79726 -0.10309 -0.994672 0.000151706
1.19809 1.17085 2.69556 -0.104867 -0.994486 0.000627838
0.200632 1.27659 2.69525 -0.10658 -0.994303 0.00166513
-0.970219 1.39973 2.69474 -0.100469 -0.99494 -0.000148845
-2.11356 1.51191 2.69423 -0.0953042 -0.995447 0.00171467
-3.27261 1.61773 2.69363 -0.0824581 -0.996587 -0.00375365
-4.36023 1.69333 2.69315 -0.0586635 -0.998274 0.00271205
-5.46877 1.74875 2.69288 -0.0446596 -0.999002 -0.000971341
-6.49665 1.77535 2.69263 -0.0144367 -0.999895 -0.000875973
-7.62081 1.77695 2.69266 0.0155178 -0.999878 0.00171565
-8.65239 1.75465 2.69293 0.0280431 -0.999603 0.00277229
-9.68948 1.70766 2.69321 0.0605362 -0.998161 -0.00315756
-10.8008 1.63573 2.69377 0.0709202 -0.997475 0.00361714
-11.8427 1.55248 2.69424 0.0888586 -0.996032 -0.00492347
-12.8836 1.44806 2.69463 0.103021 -0.994677 -0.00209495
-13.8939 1.33975 2.69497 0.109954 -0.993936 -0.000676996
-14.8898 1.2264 2.69516 0.114077 -0.993471 -0.00112767
-15.8481 1.11656 2.69506 0.112517 -0.993649 -0.00125407
-15.94 1.10483 3.59429 0.111638 -0.993747 -0.00200096
-14.7861 1.23707 3.59398 0.114793 -0.993388 -0.0016937
-13.6394 1.36648 3.59366 0.108643 -0.99408 -0.000998456
-12.5844 1.47647 3.59305 0.100454 -0.994934 -0.0039369
-11.5663 1.57281 3.59233 0.0884071 -0.996065 -0.00628686
-10.5565 1.65323 3.59161 0.0697056 -0.99756 -0.00396754
-9.48281 1.71856 3.59092 0.0465304 -0.998917 -0.000217552
-8.48123 1.76046 3.5904 0.0330112 -0.999446 0.00413833
-7.46477 1.77957 3.59021 0.00814791 -0.999962 -0.00312758
-6.45254 1.77532 3.59009 -0.0108901 -0.999941 -0.000245761
-5.36944 1.74462 3.59044 -0.0407757 -0.999168 3.36458e-05
-4.37045 1.69385 3.59091 -0.0596961 -0.998209 -0.00384336
-3.2239 1.6136 3.59149 -0.0839986 -0.996463 0.00246313
-2.10026 1.51205 3.5923 -0.0963313 -0.995348 0.00152926
-1.08768 1.41153 3.59304 -0.0998573 -0.995002 -0.000190698
-0.015719 1.30096 3.59368 -0.106716 -0.99429 0.000324687
0.980495 1.19421 3.59401 -0.106593 -0.994302 0.000836534
1.30334 1.16016 3.59413 -0.104778 -0.994496 -0.000442808
1.28243 1.16325 4.4929 -0.105234 -0.994447 0.000943422
0.199337 1.27869 4.49236 -0.105279 -0.994442 0.000770191
-0.855757 1.38854 4.49142 -0.101573 -0.994828 0.000575509
-2.0227 1.50459 4.49037 -0.0979768 -0.995188 -0.000633568
-3.05243 1.59689 4.48939 -0.0798218 -0.996808 -0.00117649
-4.1238 1.67669 4.48861 -0.0627529 -0.998002 -0.00740286
-5.20549 1.73617 4.48788 -0.0464672 -0.99892 6.83079e-05
-6.25223 1.77276 4.48759 -0.0204507 -0.99979 0.00116349
-7.29737 1.78212 4.48731 0.00522349 -0.99998 -0.00352453
-8.404 1.76265 4.4877 0.0336622 -0.999433 -0.00016103
-9.55324 1.71282 4.48849 0.0536258 -0.998557 -0.0028399
-10.6811 1.64179 4.48954 0.0776614 -0.996971 -0.00418832
-11.8051 1.54612 4.49081 0.089272 -0.996 -0.00370075
-12.9733 1.43424 4.49202 0.101233 -0.994862 -0.00100282
-14.0118 1.32356 4.49279 0.111502 -0.993763 -0.00168007
-15.01 1.2096 4.49336 0.115216 -0.993338 -0.00204245
-16.0081 1.09531 4.49359 0.112397 -0.993658 -0.00325193
-15.8959 1.10423 5.39312 0.114739 -0.993386 -0.00440503
-14.8126 1.22998 5.39268 0.114429 -0.993426 -0.00340013
-13.6456 1.3612 5.39172 0.108065 -0.994138 -0.00346847
-12.6373 1.46636 5.39047 0.0960381 -0.995376 -0.00170547
-11.4922 1.57177 5.38868 0.0882266 -0.9961 -0.000319223
-10.4262 1.65687 5.38719 0.0710264 -0.997461 0.00514036
-9.3192 1.72402 5.38564 0.0479738 -0.998838 0.00465735
-8.21967 1.76858 5.38467 0.0273967 -0.999621 -0.00254686
-7.14084 1.78011 5.38426 -0.0033175 -0.999989 0.00337629
-6.08567 1.76811 5.38452 -0.0200198 -0.999793 -0.00365841
-5.01913 1.72363 5.38509 -0.0503759 -0.998727 -0.00269309
-3.95831 1.66278 5.38625 -0.0691455 -0.997581 -0.00720035
-2.7503 1.57113 5.38768 -0.0826278 -0.996577 -0.00255253
-1.64332 1.46738 5.38902 -0.0984381 -0.995143 -0.0004606
-0.537665 1.35676 5.39018 -0.100542 -0.994932 0.00117872
0.564494 1.24116 5.39126 -0.106706 -0.994289 0.00159112
1.29105 1.16313 5.39169 -0.106769 -0.994284 0.00013747
1.19775 1.1676 -0.897901 -0.1031 -0.994666 0.00326882
0.137546 1.27835 -0.897974 -0.104502 -0.994522 0.00229541
-0.950471 1.3915 -0.898045 -0.102662 -0.994715 0.00160326
-2.05585 1.50093 -0.898097 -0.0964388 -0.995338 0.000913457
-3.08251 1.5917 -0.898063 -0.0851018 -0.996372 -0.000519364
-4.18959 1.67582 -0.898063 -0.0649049 -0.997891 0.000183205
-5.34747 1.73246 -0.898051 -0.0382933 -0.999265 -0.0014606
-6.43679 1.76511 -0.897958 -0.0241728 -0.999705 -0.00243937
-7.55773 1.77499 -0.897989 0.0153817 -0.999873 0.00410833
-8.7109 1.74832 -0.898224 0.0298419 -0.999555 0.000293722
-9.83033 1.70059 -0.898383 0.060926 -0.998135 0.00369611
-10.8297 1.63425 -0.898566 0.075223 -0.997136 0.0078406
-11.9835 1.53398 -0.898826 0.091592 -0.995787 0.0043918
-13.1697 1.41812 -0.899052 0.103351 -0.994644 -0.0011691
-14.3613 1.28947 -0.89954 0.11151 -0.993757 -0.0034379
-15.4666 1.16504 -0.9 0.110178 -0.993906 -0.00337038
-16.0021 1.1063 -0.900233 0.107786 -0.994173 -0.00152583
-16.045 1.10406 -1.79906 0.106037 -0.994352 -0.00438982
-15.0285 1.21667 -1.79849 0.113995 -0.993475 -0.00344496
-13.9559 1.33854 -1.79779 0.108586 -0.994081 -0.00358938
-12.8881 1.44859 -1.79739 0.0999736 -0.994989 0.00158112
-11.8826 1.54058 -1.79694 0.0874771 -0.996162 0.00313972
-10.8374 1.6271 -1.79649 0.0760787 -0.997101 0.00138796
-9.72075 1.70438 -1.79615 0.0637761 -0.99796 -0.0028456
-8.64658 1.75229 -1.79589 0.0282588 -0.999561 -0.00893108
-7.62938 1.7721 -1.79569 0.0139815 -0.9999 -0.00198791
-6.60477 1.7695 -1.79562 -0.0198831 -0.999787 -0.00552501
-5.58304 1.7405 -1.79566 -0.0350822 -0.999384 -0.000966011
-4.51233 1.6949 -1.7956 -0.0573471 -0.998296 0.0107719
-3.46829 1.62302 -1.79589 -0.0791736 -0.996858 0.00240412
-2.42978 1.53504 -1.7961 -0.0902944 -0.995915 -0.00088128
-1.38923 1.43432 -1.79622 -0.0996136 -0.995026 0.00117562
-0.299661 1.32245 -1.79629 -0.103659 -0.994611 0.00191831
0.737864 1.2139 -1.79623 -0.103189 -0.994661 0.00117842
1.26492 1.15944 -1.79624 -0.102664 -0.994716 -0.000604543
1.29391 1.15655 -2.69473 -0.101382 -0.994847 0.000639698
0.181475 1.27093 -2.69465 -0.103149 -0.994665 0.000898688
-0.886954 1.38224 -2.69453 -0.102826 -0.994697 0.00195067
-2.04501 1.49916 -2.69423 -0.0948551 -0.995491 0.000261611
-3.20149 1.59914 -2.69383 -0.0791445 -0.996863 -0.00112243
-4.40939 1.68639 -2.69338 -0.0608651 -0.998115 0.00789262
-5.56496 1.74049 -2.69319 -0.0376504 -0.999287 -0.00264853
-6.6414 1.77123 -2.69327 -0.0234404 -0.999723 -0.00208701
-7.72042 1.7744 -2.69327 0.0116029 -0.999928 -0.00312231
-8.77456 1.75189 -2.69342 0.0263705 -0.999631 -0.00651295
-9.83658 1.6963 -2.69385 0.0629813 -0.998015 0.000145605
-10.87 1.62347 -2.69439 0.0755332 -0.997139 -0.00279159
-12.0246 1.52807 -2.6951 0.0873735 -0.996174 -0.00196416
-13.2022 1.41888 -2.69596 0.0976458 -0.995221 0.000573433
-14.3079 1.30258 -2.69669 0.110845 -0.993836 -0.00205492
-15.4566 1.17306 -2.69738 0.111734 -0.993721 -0.00580022
-15.973 1.11581 -2.69775 0.110148 -0.993905 -0.004405
-15.973 1.12007 -3.59639 0.108119 -0.994131 -0.00374579
-14.9467 1.23365 -3.59568 0.110885 -0.993833 -0.000719115
-13.7518 1.36306 -3.5948 0.102126 -0.994769 0.00224468
-12.7275 1.46556 -3.59382 0.0946502 -0.995507 -0.00256863
-11.6972 1.5594 -3.5929 0.0815286 -0.996659 -0.00485763
-10.6282 1.64256 -3.592 0.0722004 -0.997385 -0.00323435
-9.54262 1.7131 -3.59121 0.0594422 -0.998231 0.00115819
-8.53121 1.75794 -3.59067 0.0352596 -0.999374 0.00284647
-7.51638 1.77592 -3.59054 0.0119942 -0.999928 0.00080966
-6.40424 1.76507 -3.59047 -0.0194829 -0.999795 0.00557076
-5.31702 1.7275 -3.59062 -0.0454933 -0.998945 0.00633346
-4.10015 1.66168 -3.59123 -0.0678987 -0.997682 0.00458872
-3.07298 1.58795 -3.59175 -0.0774151 -0.996994 0.00314894
-1.86822 1.48132 -3.59228 -0.0970613 -0.995271 -0.00380324
-0.790662 1.37082 -3.59283 -0.103955 -0.994581 0.00104665
0.204879 1.2668 -3.59317 -0.103507 -0.994626 0.00237026
1.14178 1.16946 -3.59328 -0.101772 -0.994799 0.00425981
1.305 1.14787 -4.49209 -0.10519 -0.994442 0.00442968
0.233682 1.26234 -4.49187 -0.105651 -0.994403 0.00099623
-0.868358 1.37882 -4.49134 -0.104183 -0.994557 -0.00117827
-1.97426 1.49155 -4.4905 -0.0950597 -0.995471 -0.00143615
-3.1087 1.58929 -4.48952 -0.0780734 -0.996948 4.12115e-05
-4.33231 1.67091 -4.4885 -0.0573596 -0.998344 0.0044792
-5.36942 1.72335 -4.48794 -0.0451957 -0.998968 0.00457545
-6.50182 1.76234 -4.48764 -0.0188463 -0.999791 0.00788814
-7.57563 1.77035 -4.48768 0.00475647 -0.999971 0.00597197
-8.59695 1.7492 -4.48809 0.031394 -0.999497 0.00455149
-9.62956 1.70502 -4.48875 0.0520918 -0.998622 0.00637325
-10.8176 1.62999 -4.48985 0.0727025 -0.997353 -0.00112416
-11.9445 1.53948 -4.49122 0.0900794 -0.995934 -0.00117354
-12.9727 1.44109 -4.49239 0.0992097 -0.995063 0.00249422
-14.0373 1.33203 -4.4937 0.104584 -0.994514 0.0020194
-15.0627 1.22154 -4.49462 0.107109 -0.994247 -0.00109458
-15.8888 1.13226 -4.49528 0.107209 -0.994232 -0.00306905
-15.8017 1.14427 -5.39414 0.105986 -0.994366 -0.00165896
-14.7368 1.25693 -5.39307 0.104731 -0.9945 -0.000490498
-13.6414 1.37199 -5.3918 0.102431 -0.994739 0.00144487
-12.4921 1.4862 -5.39004 0.093426 -0.995625 0.00165221
-11.4108 1.58246 -5.38845 0.082464 -0.996592 0.00193366
-10.3903 1.65936 -5.38688 0.0644956 -0.997918 0.000297462
-9.38705 1.71315 -5.38568 0.049016 -0.998796 0.00207558
-8.24277 1.75845 -5.38477 0.0268659 -0.999612 0.00737842
-7.15829 1.76533 -5.38443 -0.00402177 -0.999985 0.00367757
-6.13942 1.74979 -5.38462 -0.0262292 -0.999654 0.00215334
-5.11392 1.70985 -5.38512 -0.0436579 -0.999044 0.00219243
-3.99483 1.65079 -5.38621 -0.062236 -0.998061 -0.000412274
-2.98446 1.5776 -5.38733 -0.0781236 -0.996937 0.00359222
-1.90569 1.48421 -5.38879 -0.0980999 -0.995175 0.00198961
-0.767016 1.36814 -5.39005 -0.104246 -0.994551 -0.000587911
0.299693 1.25458 -5.3908 -0.108463 -0.9941 0.00093306
1.18611 1.15749 -5.39113 -0.10928 -0.994008 0.0026297
1.28171 1.14698 -5.39115 -0.10928 -0.994008 0.00262969
