-46.5235 63.348 -1.14238 0.0388296 -0.999246 -0.000204208
-46.5129 63.3478 -0.10676 0.0393388 -0.999226 -0.000372096
-46.5162 63.3484 1.03063 0.0398968 -0.999204 0.000463591
-46.5028 63.3493 2.09275 0.0382003 -0.99927 -0.000520359
-46.5063 63.3478 3.23579 0.0378877 -0.999281 -0.00129455
-46.5084 63.3449 4.32813 0.0395087 -0.999217 -0.00203748
-46.4544 63.3468 5.37318 0.0401578 -0.999192 0.00138373
-46.0036 63.3657 6.05282 0.0391835 -0.99923 0.00169967
-44.9979 63.4022 6.04917 0.0333246 -0.999444 0.00110855
-43.8088 63.4394 6.02616 0.0289533 -0.999581 0.000203719
-42.6301 63.4689 6.01059 0.0216629 -0.999765 0.000561795
-41.5641 63.4894 6.0502 0.0169893 -0.999855 -0.000803213
-40.4737 63.5047 6.0817 0.00951546 -0.999953 -0.00188226
-39.4001 63.5138 6.03598 0.00832858 -0.999961 -0.00290394
-38.3991 63.5214 6.02236 0.00700432 -0.999973 -0.00222318
-37.6963 63.525 5.50555 0.00284317 -0.999992 -0.00280766
-37.6731 63.5285 4.45317 -0.00138383 -0.999997 0.00190789
-37.6599 63.5251 3.21192 -0.0018824 -0.999974 0.00690156
-37.6975 63.5212 2.11912 -0.0042864 -0.999987 0.00265804
-37.699 63.5197 1.01067 -0.00620245 -0.99998 0.00111048
-37.6768 63.5202 -0.00778772 -0.00445878 -0.999989 -0.00137512
-37.6291 63.5196 -1.00929 -0.000679597 -0.999991 0.00415308
-37.6457 63.5166 -2.06231 0.000525123 -1 0.000702358
-37.6458 63.5186 -3.06279 0.000547211 -0.99999 -0.00444614
-37.658 63.5206 -4.16817 -9.04025e-05 -0.999999 0.00110033
-37.6922 63.5165 -5.23194 -0.000782867 -0.999996 0.00261962
-38.2557 63.5138 -6.01661 0.00474653 -0.999988 0.00153884
-39.2825 63.5091 -6.01992 0.00451535 -0.999989 -0.000808246
-40.3857 63.5011 -6.05933 0.01044 -0.999943 0.0023507
-41.3871 63.4877 -6.05874 0.0149136 -0.999888 0.00100061
-42.3931 63.4717 -6.04503 0.0195539 -0.999807 -0.00140722
-43.5194 63.4468 -6.03083 0.0229927 -0.999734 -0.00188734
-44.5707 63.417 -6.04678 0.0298923 -0.999553 0.00100199
-45.596 63.3825 -6.03595 0.0360899 -0.999348 0.000422938
-46.4372 63.3512 -5.71312 0.0384386 -0.999261 3.19342e-05
-46.4859 63.3482 -4.65256 0.0398146 -0.999207 -0.000412375
-46.5092 63.3481 -3.55145 0.0404552 -0.99918 0.000996298
-46.489 63.3495 -2.35953 0.0386371 -0.999253 -0.000381674
-46.5218 63.3482 -1.38151 0.0382567 -0.999268 -0.000127952
-47.5021 63.3088 -1.34374 0.0425722 -0.99909 -0.00255881
-47.476 63.3099 -2.4238 0.0412519 -0.999148 0.00067609
-47.4979 63.307 -3.56596 0.0419347 -0.999119 0.0018504
-47.4891 63.3067 -4.58052 0.0415863 -0.999134 -0.00137073
-47.4498 63.3105 -5.73663 0.0405808 -0.999175 -0.00149005
-47.4521 63.31 -6.76449 0.040553 -0.999177 0.000469229
-46.5813 63.345 -7.01069 0.0394592 -0.999221 -0.000140035
-45.4633 63.3874 -7.03556 0.0365176 -0.999333 -0.000200098
-44.3109 63.4245 -7.02178 0.0291131 -0.999575 0.000847723
-43.1742 63.4554 -7.03908 0.0250301 -0.999685 0.00140452
-42.0667 63.4774 -7.01881 0.0151802 -0.999883 -0.0010396
-40.9313 63.493 -7.04312 0.0136264 -0.999905 0.00194431
-39.927 63.5054 -7.04601 0.0104133 -0.999946 0.000430093
-38.7103 63.5119 -7.0364 0.00184842 -0.999997 0.00174149
-37.66 63.5145 -7.03769 0.0026952 -0.999993 0.00257206
-36.7222 63.5137 -6.79586 -0.00482361 -0.999986 -0.001872
-36.6842 63.5109 -5.71949 -0.00968359 -0.999952 -0.00168949
-36.6658 63.5125 -4.65549 -0.0121827 -0.999919 0.00380012
-36.665 63.5146 -3.52022 -0.0123501 -0.999922 -0.00201215
-36.657 63.513 -2.44589 -0.00825088 -0.999965 -0.00134616
-36.6664 63.5133 -1.40159 -0.00820683 -0.999964 0.00206186
-36.6748 63.5154 -0.366568 -0.0100383 -0.99995 0.000159048
-36.6891 63.514 0.720621 -0.00532383 -0.999984 -0.00189167
-36.7079 63.5153 1.73609 -0.00547179 -0.999983 0.00179004
-36.6863 63.5169 2.9214 -0.0125209 -0.999922 0.000435659
-36.6818 63.521 3.92777 -0.0131549 -0.999888 0.00712853
-36.7005 63.527 4.99486 -0.00276525 -0.999994 -0.000841976
-36.658 63.5282 6.08747 0.00400541 -0.999985 0.00381181
-36.8843 63.5314 7.00699 0.00360583 -0.999982 0.00476829
-38.0301 63.5235 7.02764 0.00680251 -0.999976 0.00135427
-39.0354 63.5157 7.02238 0.00901358 -0.999953 0.00368874
-40.0493 63.5083 7.05292 0.00865919 -0.999962 0.000213617
-41.1284 63.4956 7.03838 0.0148822 -0.999884 -0.00302986
-42.1808 63.478 7.03435 0.0179577 -0.999838 -0.00155984
-43.2767 63.4545 7.00941 0.0254059 -0.999675 0.000677627
-44.3741 63.4223 7.03623 0.0308785 -0.999523 -0.000246149
-45.4091 63.3891 7.03795 0.0329351 -0.999457 0.000391492
-46.4703 63.3489 7.04421 0.0407494 -0.999168 0.00139101
-47.4279 63.3086 6.82442 0.0427483 -0.999086 0.000111017
-47.4702 63.3063 5.79875 0.0413993 -0.999142 0.00106844
-47.4849 63.3057 4.70687 0.0394216 -0.999221 -0.00182887
-47.487 63.3083 3.66641 0.0394052 -0.999219 -0.00279737
-47.4746 63.311 2.52606 0.039683 -0.999212 -0.000519438
-47.4844 63.3099 1.50936 0.0403607 -0.999184 0.00125058
-47.502 63.3077 0.502716 0.0414257 -0.99914 0.00150974
-47.488 63.3082 -0.504611 0.0425555 -0.999093 -0.00156294
-47.5021 63.3088 -1.31728 0.0422675 -0.999104 -0.00208708
-46.0026 63.3678 -0.897192 0.0379572 -0.999279 0.000219477
-44.9921 63.4049 -0.897168 0.0359474 -0.999354 0.000378847
-43.9828 63.4372 -0.897137 0.0300239 -0.999548 0.0013591
-42.9763 63.4632 -0.897115 0.0202474 -0.999795 0.000813433
-41.9433 63.4836 -0.897086 0.0181566 -0.999833 0.0018947
-40.8836 63.5011 -0.897045 0.0151522 -0.999885 0.000158786
-39.8276 63.5143 -0.897016 0.01113 -0.999938 0.000214586
-38.8177 63.521 -0.897006 0.00271662 -0.999994 0.00220889
-38.1494 63.5204 -0.897001 -0.00188734 -0.999989 0.00429812
-38.1604 63.5173 -1.79401 -0.00189047 -0.999998 0.00109193
-39.3047 63.5182 -1.79404 0.00563708 -0.999975 0.00436267
-40.3583 63.5081 -1.79409 0.0139584 -0.999903 0.000390263
-41.491 63.4912 -1.79415 0.0174071 -0.999848 6.29515e-05
-42.5569 63.4715 -1.7942 0.0196187 -0.999807 0.000391718
-43.5738 63.4475 -1.79425 0.0261562 -0.999655 0.00217809
-44.7136 63.4141 -1.79432 0.0301096 -0.999545 0.00168023
-45.7571 63.3768 -1.79436 0.0375323 -0.999295 3.5524e-05
-45.9168 63.3708 -1.79437 0.0375403 -0.999295 3.51406e-05
-45.9309 63.3708 -2.69154 0.0368606 -0.99932 -0.000696957
-44.8294 63.4098 -2.69147 0.032515 -0.999471 -7.13584e-05
-43.7826 63.4406 -2.69139 0.0272361 -0.999629 -0.000218956
-42.756 63.4662 -2.69131 0.0226795 -0.999743 0.000557449
-41.7363 63.4862 -2.69121 0.0188381 -0.999822 0.00110816
-40.5926 63.5043 -2.69113 0.014144 -0.9999 0.000928669
-39.4557 63.5161 -2.69108 0.00513914 -0.99998 0.00357955
-38.3977 63.5167 -2.691 -0.00120065 -0.999998 0.00170266
-38.2315 63.5165 -2.69099 0.00107441 -0.999998 0.00142189
-38.31 63.5182 -3.58798 0.0055856 -0.999983 -0.00181384
-39.4259 63.5144 -3.58805 0.0055497 -0.999975 0.00434542
-40.4356 63.5049 -3.58815 0.0121896 -0.999923 0.0022239
-41.5199 63.4889 -3.58827 0.0176391 -0.999843 0.00190587
-42.6438 63.4672 -3.58839 0.0213696 -0.99977 0.00192508
-43.6711 63.4435 -3.5885 0.026 -0.999662 -2.42115e-05
-44.7891 63.411 -3.58864 0.0316304 -0.999499 0.00140225
-45.8104 63.3751 -3.58873 0.0375987 -0.999292 0.00106556
-45.8928 63.3719 -3.58874 0.0381828 -0.99927 0.000802436
-45.977 63.3683 -4.48599 0.0380281 -0.999276 0.0011882
-44.8839 63.4077 -4.48583 0.033754 -0.999429 0.00146004
-43.7841 63.4404 -4.48564 0.0247958 -0.999692 0.000579088
-42.7262 63.4643 -4.48547 0.0210425 -0.999776 0.00213639
-41.6387 63.4853 -4.48532 0.0170375 -0.999855 0.000725159
-40.4902 63.5026 -4.48517 0.012372 -0.999923 0.000979041
-39.3959 63.512 -4.48504 0.003652 -0.999988 0.00340814
-38.3918 63.5168 -4.48496 0.00598392 -0.999974 0.00395207
-38.1732 63.5181 -4.48494 0.00622249 -0.999975 0.00349862
-38.4109 63.514 -5.38188 0.00487431 -0.999987 0.00155455
-39.4465 63.5086 -5.38198 0.00406113 -0.999991 0.00139452
-40.4956 63.501 -5.38214 0.0118695 -0.999929 0.000800929
-41.502 63.4869 -5.3823 0.0159169 -0.999872 0.00167106
-42.6498 63.4654 -5.38252 0.0210917 -0.999775 -0.0021434
-43.7375 63.4406 -5.38277 0.0244786 -0.9997 0.00112908
-44.8752 63.4077 -5.38302 0.0331734 -0.999449 -0.000530818
-45.7438 63.3772 -5.38319 0.0362424 -0.999343 0.000562173
-45.9763 63.3685 1.07863e-05 0.037406 -0.9993 -0.000446073
-44.8984 63.4071 7.76403e-06 0.0343798 -0.999408 -0.00090302
-43.7878 63.4428 2.96672e-06 0.0292776 -0.999571 -0.000539208
-42.7192 63.4699 2.18433e-06 0.0215657 -0.999767 0.00067684
-41.583 63.4917 5.8459e-08 0.0161251 -0.999866 0.00272211
-40.5202 63.5067 8.18147e-06 0.0115651 -0.999933 0.00102588
-39.4899 63.5179 7.8107e-06 0.00892584 -0.99996 0.00100392
-38.4397 63.5233 -3.48721e-06 -0.00232047 -0.999997 0.000676222
-38.2182 63.5227 -7.83664e-06 -0.00226712 -0.999995 0.00211149
-38.2321 63.5234 0.897001 -0.00420335 -0.99999 0.00129128
-39.2659 63.5217 0.897013 0.0106457 -0.999941 0.00198122
-40.3433 63.5095 0.897049 0.0119393 -0.999928 0.0010724
-41.4714 63.4948 0.897081 0.0148494 -0.999889 0.00081288
-42.6055 63.4723 0.897104 0.0221185 -0.999755 -0.000211903
-43.6192 63.4473 0.897135 0.026398 -0.999651 -0.000531136
-44.7421 63.4124 0.897162 0.033443 -0.99944 0.000879575
-45.8079 63.3749 0.897192 0.0363977 -0.999337 -0.000128418
-45.9957 63.3681 0.897196 0.0371011 -0.999312 -3.48766e-05
-45.9159 63.3713 1.79438 0.0364322 -0.999336 -9.86388e-05
-44.9063 63.4065 1.79433 0.0342779 -0.999412 -0.00111996
-43.815 63.4413 1.79428 0.0282274 -0.999599 -0.00208796
-42.6904 63.4714 1.79422 0.0226801 -0.99974 0.00213557
-41.5293 63.494 1.79415 0.0167711 -0.999859 0.000375189
-40.3835 63.5098 1.79409 0.0112688 -0.999936 -0.000291304
-39.3526 63.5204 1.79405 0.00825226 -0.999966 0.00090384
-38.2339 63.5236 1.79402 -0.00615524 -0.99998 0.00106199
-38.2334 63.5244 2.69102 -0.000455222 -0.999997 0.00235531
-39.2976 63.5196 2.69105 0.0100321 -0.999946 -0.00278404
-40.3096 63.5105 2.69112 0.00895859 -0.99996 -0.000626469
-41.3291 63.4971 2.6912 0.0165824 -0.999861 -0.00199106
-42.3878 63.478 2.69129 0.0200147 -0.9998 0.000593668
-43.4466 63.4524 2.69139 0.0274453 -0.999623 5.32721e-06
-44.5428 63.417 2.69147 0.0333769 -0.999443 -5.39899e-05
-45.5489 63.3833 2.69153 0.0337607 -0.999429 -0.00106353
-45.9598 63.369 2.69155 0.0369072 -0.999318 -0.000905113
-45.8859 63.3704 3.58876 0.0370617 -0.999311 -0.00209723
-44.7775 63.4095 3.58866 0.0327811 -0.999462 0.000502514
-43.5975 63.4468 3.58854 0.0287529 -0.999586 -0.000954135
-42.402 63.4764 3.58839 0.0214142 -0.999768 -0.00218275
-41.2143 63.4969 3.58825 0.0160078 -0.999871 -0.00138729
-40.1422 63.5115 3.58814 0.0107994 -0.999942 0.000515356
-39.0518 63.5206 3.58806 0.00785847 -0.999967 0.00192365
-38.2091 63.5262 3.588 0.00281832 -0.999994 0.00218884
-38.2951 63.5268 4.485 0.00510213 -0.999987 -0.000263927
-39.4937 63.5198 4.48509 0.00662931 -0.999976 -0.00212413
-40.6255 63.5056 4.48521 0.0160234 -0.999871 0.00122818
-41.7953 63.4868 4.48538 0.017484 -0.999847 -0.000552175
-42.8252 63.4659 4.48556 0.0230259 -0.999734 -0.00125256
-43.852 63.4384 4.4857 0.0297812 -0.999556 -0.000600895
-45.0159 63.4011 4.48587 0.0335905 -0.999436 -0.000445452
-45.9861 63.3654 4.48598 0.04016 -0.999193 -0.00117018
-45.9156 63.3682 5.38325 0.0390131 -0.999237 0.001843
-44.8357 63.4073 5.38305 0.0334911 -0.999439 -3.39447e-05
-43.8077 63.4397 5.38286 0.0298083 -0.999556 -0.000201857
-42.7174 63.4669 5.38262 0.021574 -0.999767 -0.00110921
-41.7106 63.488 5.3824 0.0196677 -0.999807 4.628e-05
-40.6729 63.5044 5.38221 0.0152886 -0.999883 -0.00070151
-39.6725 63.5153 5.38207 0.00985593 -0.999942 -0.00423794
-38.5588 63.5226 5.38195 0.00343009 -0.999987 -0.00379844
-38.4499 63.523 5.38193 0.00367577 -0.999986 -0.00368156
-38.296 63.5236 5.38192 0.00368308 -0.999986 -0.00367811
