21.7562 66.1865 -0.500941 -0.0730508 -0.997328 0.00027945
21.7966 66.1843 -1.55297 -0.0727728 -0.997336 0.00315039
21.7705 66.1797 -2.64546 -0.0723896 -0.997355 0.00656727
21.7849 66.1794 -3.74864 -0.0754277 -0.997149 -0.00220853
21.8064 66.1814 -4.85295 -0.0546928 -0.998502 -0.00133087
21.8743 66.1795 -5.85398 -0.0544369 -0.998503 0.0036788
22.9056 66.098 -6.08607 -0.0908297 -0.995832 -0.00171296
23.926 65.9883 -6.10326 -0.116293 -0.993214 0.00117727
25.0144 65.8543 -6.10054 -0.127921 -0.99178 -0.000328238
26.1235 65.7012 -6.08539 -0.142402 -0.989803 0.00256798
27.1218 65.5485 -6.04942 -0.16441 -0.986365 0.00529556
28.16 65.3661 -6.0399 -0.180008 -0.983641 0.00691847
29.2466 65.1577 -6.05086 -0.199026 -0.979974 0.00627709
30.2729 64.9452 -6.08045 -0.203439 -0.979081 0.00366753
31.4088 64.7153 -6.08737 -0.194925 -0.980804 0.00524689
32.0909 64.5819 -5.47767 -0.195636 -0.980676 -0.000314523
32.1094 64.5774 -4.42986 -0.206804 -0.978381 0.00186714
32.0655 64.5917 -3.38352 -0.200591 -0.979624 0.00997638
32.0412 64.6008 -2.33631 -0.193491 -0.981102 0.000183195
32.0765 64.5957 -1.22709 -0.195726 -0.980656 -0.00205931
32.0958 64.586 -0.103298 -0.204102 -0.978914 -0.00815021
32.0724 64.5857 0.935542 -0.206625 -0.978419 -0.00115965
32.0382 64.5922 2.02886 -0.204499 -0.978866 0.00153248
32.0368 64.5936 3.04885 -0.194494 -0.980903 -0.000828029
32.0368 64.5926 4.06643 -0.204193 -0.978929 -0.00200648
32.0468 64.5847 5.12071 -0.199062 -0.979924 -0.0110884
31.7445 64.6355 6.05071 -0.199688 -0.979795 -0.0112175
30.6815 64.8559 6.10141 -0.210238 -0.97763 -0.00634569
29.5803 65.0878 6.06853 -0.199999 -0.979791 -0.00313442
28.5563 65.2858 6.08741 -0.181054 -0.983473 -8.54802e-05
27.353 65.4946 6.11548 -0.16521 -0.986256 -0.000331812
26.2464 65.6714 6.08797 -0.153012 -0.988223 -0.00141054
25.1959 65.8251 6.06994 -0.137484 -0.990503 0.00137825
24.1316 65.9592 6.07146 -0.11542 -0.993301 0.00467836
23.091 66.0642 6.09285 -0.0894523 -0.995982 -0.00246898
22.0235 66.1539 6.05901 -0.0798363 -0.996782 -0.00719184
21.8182 66.1767 5.12454 -0.0774305 -0.996975 -0.00660721
21.8006 66.1765 3.98748 -0.0770628 -0.996939 0.0125287
21.8075 66.1659 2.98161 -0.0746067 -0.997095 -0.0146978
21.7645 66.189 1.84706 -0.0905919 -0.995669 -0.0209022
21.7862 66.1906 0.830318 -0.0761501 -0.99709 0.00339957
21.7618 66.1862 -0.177116 -0.0740904 -0.997249 0.00166556
21.7563 66.1866 -0.408784 -0.0730597 -0.997328 0.000291353
20.8035 66.2547 -0.486277 -0.0631406 -0.997998 0.00352741
20.8347 66.2512 -1.48615 -0.0662932 -0.99779 0.00390338
20.8301 66.2459 -2.5836 -0.0706073 -0.997498 0.00358271
20.84 66.2419 -3.62664 -0.0560951 -0.99842 0.00319743
20.8325 66.2324 -4.69091 -0.0440398 -0.998946 0.0129527
20.8578 66.2273 -5.85936 -0.0451979 -0.998956 -0.00663979
20.8682 66.2361 -6.86642 -0.0490717 -0.998736 -0.0107047
21.8987 66.1713 -7.05675 -0.0790411 -0.996827 0.00676073
22.9955 66.0798 -7.0483 -0.0878512 -0.996071 0.0109323
24.0542 65.9739 -7.04666 -0.110622 -0.99383 0.00135486
25.0658 65.849 -7.05579 -0.129577 -0.991567 -0.00208221
26.1556 65.6951 -7.04605 -0.143326 -0.989675 -0.000830016
27.1675 65.5393 -7.03528 -0.163767 -0.986491 0.000468321
28.1585 65.3644 -7.01315 -0.181562 -0.983368 0.0047316
29.1567 65.1731 -7.04335 -0.189872 -0.981805 0.00268184
30.1762 64.9662 -7.05102 -0.204988 -0.978758 -0.00306646
31.2298 64.7483 -7.07527 -0.198518 -0.980096 -0.00163876
32.2507 64.5452 -7.05524 -0.193822 -0.981031 0.00346626
32.9786 64.3967 -6.63558 -0.205488 -0.978655 0.00318269
33.0267 64.3868 -5.49889 -0.207496 -0.978224 -0.00408826
33.0586 64.3752 -4.39614 -0.204717 -0.978799 0.0066657
33.0073 64.3979 -3.27042 -0.206756 -0.978239 0.0173031
32.9872 64.4123 -2.2088 -0.198391 -0.980121 0.0020289
33.0186 64.4034 -1.16212 -0.203876 -0.978931 -0.0113156
33.0479 64.3855 -0.101944 -0.206265 -0.978458 -0.00863025
33.0106 64.3884 0.934949 -0.203284 -0.979118 -0.0011305
33.0064 64.3902 1.95554 -0.195017 -0.980789 0.00469831
32.9842 64.4039 3.05355 -0.198895 -0.979999 0.00646969
32.9978 64.3998 4.13507 -0.194269 -0.98094 -0.00402644
32.9986 64.3937 5.15445 -0.187594 -0.98223 -0.00574289
32.9923 64.3928 6.2076 -0.18686 -0.982354 0.00564542
32.5646 64.4806 7.01803 -0.187354 -0.982262 0.00766642
31.508 64.6837 7.04904 -0.195091 -0.980775 0.00248164
30.4861 64.8922 7.04609 -0.208064 -0.978113 -1.85736e-05
29.4437 65.1138 7.04404 -0.200591 -0.979661 -0.00018527
28.3862 65.3142 7.05254 -0.178622 -0.983916 -0.00179563
27.2949 65.5037 7.05691 -0.164207 -0.986418 -0.00186217
26.251 65.6711 7.04712 -0.152106 -0.988363 0.00142722
25.2069 65.8227 7.04443 -0.12957 -0.991563 -0.00378763
24.1609 65.953 7.04883 -0.112851 -0.993586 -0.00518928
23.0609 66.0633 7.04835 -0.0881828 -0.996071 -0.00739985
21.9259 66.1553 7.0594 -0.0816249 -0.996643 -0.00634544
20.8929 66.2319 6.88454 -0.0523272 -0.998629 0.00147991
20.8326 66.2426 5.87796 -0.0611484 -0.998126 -0.00250118
20.8269 66.2487 4.72708 -0.0601841 -0.998184 -0.00268648
20.8398 66.2406 3.68613 -0.0684139 -0.997618 0.00809168
20.8215 66.2448 2.681 -0.0753292 -0.997101 -0.0107621
20.8091 66.2577 1.49666 -0.0572519 -0.998357 -0.00230569
20.826 66.2554 0.329825 -0.0572393 -0.99836 -0.000441043
20.8081 66.2552 -0.260479 -0.0631353 -0.997999 0.00351238
22.3027 66.1434 -0.000143434 -0.0816304 -0.99666 0.00235849
23.3771 66.0472 -0.000330803 -0.10243 -0.99474 -0.00106006
24.3744 65.9367 -0.000459216 -0.115274 -0.993315 0.00603195
25.4775 65.7963 -0.000856378 -0.130957 -0.991388 -0.000277355
26.585 65.6368 -0.00089735 -0.146776 -0.989167 -0.00235768
27.5785 65.4718 -0.0010748 -0.173248 -0.984868 -0.00440945
28.7903 65.2476 -0.00133706 -0.186411 -0.982472 -2.39685e-05
29.8041 65.053 -0.0014112 -0.189995 -0.981783 0.0019462
30.9084 64.8317 -0.00159175 -0.201298 -0.97953 -0.000957494
31.5957 64.69 -0.00188386 -0.202822 -0.979194 -0.00645152
31.499 64.7117 -0.906091 -0.196101 -0.980575 0.00415522
30.4956 64.9136 -0.905725 -0.199335 -0.979924 0.00366172
29.4552 65.119 -0.905289 -0.190989 -0.981591 0.00122278
28.2551 65.3484 -0.904261 -0.182776 -0.983153 0.00200232
27.1975 65.538 -0.903113 -0.16565 -0.986167 0.00585114
26.0393 65.7178 -0.902215 -0.146272 -0.989244 0.0012675
25.0232 65.855 -0.901427 -0.121658 -0.992566 0.00356286
24.0208 65.9729 -0.900827 -0.114556 -0.993406 0.00472274
22.97 66.0868 -0.899808 -0.0967443 -0.995307 0.00228288
22.3143 66.1442 -0.899262 -0.0776686 -0.996979 0.000569134
22.2746 66.1469 -1.79909 -0.0759404 -0.997092 0.00629566
23.3393 66.0475 -1.8 -0.102384 -0.994744 -0.000982405
24.4727 65.9197 -1.80107 -0.112762 -0.99362 -0.00182065
25.5157 65.7915 -1.80266 -0.134882 -0.990861 -0.00112149
26.7268 65.6099 -1.80444 -0.156572 -0.987666 -0.000925054
27.8364 65.424 -1.80612 -0.178403 -0.983952 0.00333978
28.8735 65.2295 -1.80784 -0.187063 -0.982343 0.00317135
29.9396 65.0234 -1.8092 -0.192928 -0.981213 0.000571902
30.9438 64.8204 -1.80997 -0.19807 -0.980186 0.00203541
31.4913 64.7109 -1.81036 -0.195522 -0.980699 0.00095044
31.5661 64.6958 -2.71497 -0.199256 -0.979947 -0.00128122
30.4385 64.9249 -2.71349 -0.196662 -0.980464 -0.00371912
29.2964 65.1481 -2.71149 -0.190363 -0.981714 -0.00020156
28.2735 65.3454 -2.70965 -0.187266 -0.982307 -0.00189246
27.1698 65.5384 -2.7074 -0.161162 -0.986926 -0.00197611
26.0587 65.7134 -2.70481 -0.15083 -0.988555 -0.00312469
25.0594 65.8524 -2.70263 -0.122935 -0.99241 0.00305795
23.9429 65.9817 -2.70042 -0.109638 -0.99397 -0.00153108
22.8903 66.0918 -2.69909 -0.0973669 -0.995248 0.000627108
22.2931 66.1415 -2.69855 -0.0779696 -0.996954 0.00177732
22.2759 66.1407 -3.59672 -0.080867 -0.996723 -0.00183729
23.3946 66.0381 -3.59868 -0.0977053 -0.995203 0.00505222
24.4374 65.9276 -3.60129 -0.113667 -0.993518 -0.00152396
25.46 65.8025 -3.6044 -0.142357 -0.989812 0.00266348
26.6152 65.628 -3.60773 -0.157344 -0.987541 -0.0021915
27.6548 65.4585 -3.6114 -0.16475 -0.986335 0.00068434
28.6581 65.2757 -3.61426 -0.192953 -0.981207 -0.00163118
29.6475 65.0799 -3.61658 -0.194384 -0.980925 0.000184176
30.6424 64.8844 -3.61877 -0.195321 -0.980737 0.00202942
31.4127 64.7276 -3.61995 -0.204976 -0.978752 0.00542605
31.6149 64.6814 -4.52564 -0.203 -0.979162 0.00576131
30.5479 64.9002 -4.52367 -0.197666 -0.980236 0.00805399
29.5463 65.0998 -4.52136 -0.196165 -0.98057 0.00142641
28.3569 65.3344 -4.51708 -0.185403 -0.982659 0.00252629
27.2584 65.5253 -4.51269 -0.161286 -0.986908 -0.000176115
26.162 65.6996 -4.50766 -0.147621 -0.989033 0.00457838
25.0506 65.8528 -4.50331 -0.126415 -0.991969 0.0041969
24.0386 65.9715 -4.49942 -0.105449 -0.994416 -0.0041616
22.8448 66.0938 -4.49559 -0.0950087 -0.995447 -0.00768852
22.4028 66.134 -4.49469 -0.0871853 -0.99619 -0.00203837
22.392 66.1389 -5.39206 -0.083285 -0.996502 -0.00681407
23.4269 66.0442 -5.39553 -0.112395 -0.993634 -0.00772589
24.4378 65.9281 -5.40018 -0.118318 -0.992975 0.00140091
25.5408 65.7845 -5.40584 -0.133656 -0.991025 0.00216187
26.5541 65.6415 -5.41114 -0.148267 -0.988947 -0.00112651
27.6801 65.4545 -5.4175 -0.169403 -0.98554 0.00373818
28.7013 65.2683 -5.42317 -0.185025 -0.982734 0.000136898
29.8514 65.035 -5.42786 -0.201923 -0.979379 0.00656634
30.973 64.8067 -5.43116 -0.197444 -0.980283 0.00777772
31.4078 64.7188 -5.43192 -0.198548 -0.980061 0.00769448
31.4524 64.7164 0.902973 -0.204896 -0.978781 -0.00218083
30.4128 64.9296 0.902654 -0.195742 -0.980645 -0.00457359
29.3183 65.1466 0.90247 -0.190531 -0.981677 -0.00298487
28.17 65.3629 0.901736 -0.183916 -0.98294 -0.0020825
27.1808 65.5397 0.901044 -0.155245 -0.987873 -0.00226823
26.0509 65.7141 0.900541 -0.144415 -0.989517 -0.000920023
24.9221 65.8688 0.900026 -0.122761 -0.992436 0.000965777
23.8357 65.9995 0.899628 -0.112134 -0.993654 -0.00884484
22.8159 66.1025 0.899237 -0.0954784 -0.99543 0.00160893
22.3479 66.1448 0.898998 -0.0890164 -0.996012 0.00599314
22.3607 66.1391 1.79852 -0.0853331 -0.99631 -0.00915508
23.4691 66.0354 1.79916 -0.10625 -0.994311 -0.00747137
24.5023 65.918 1.80004 -0.119255 -0.992863 -0.00106902
25.4975 65.7905 1.80111 -0.13605 -0.990697 0.00319771
26.5676 65.6342 1.80246 -0.149714 -0.988728 -0.00156098
27.5581 65.4716 1.8037 -0.172028 -0.985088 -0.00275913
28.5872 65.2824 1.80487 -0.182714 -0.983157 -0.00416298
29.7124 65.0655 1.8061 -0.196933 -0.980409 -0.00407156
30.8436 64.8379 1.80729 -0.19713 -0.980364 -0.00507016
31.3879 64.7274 1.80771 -0.201999 -0.979365 -0.00639778
31.517 64.6985 2.71247 -0.198155 -0.98017 0.000878838
30.5231 64.8999 2.71132 -0.199466 -0.979904 0.00115073
29.5281 65.0997 2.70959 -0.191322 -0.981526 -0.0013608
28.4831 65.2975 2.70797 -0.180613 -0.983543 -0.00469641
27.4301 65.4884 2.70594 -0.176212 -0.984326 -0.00724522
26.4109 65.6549 2.70365 -0.154045 -0.988064 -0.000364649
25.4193 65.8015 2.70157 -0.136201 -0.990676 -0.00318302
24.4233 65.9258 2.7 -0.116195 -0.993219 -0.00382706
23.279 66.0519 2.69829 -0.0918556 -0.995765 -0.00388801
22.3314 66.1292 2.6971 -0.0755043 -0.997115 -0.00777395
22.3085 66.1346 3.59571 -0.0710299 -0.99736 0.0151128
23.3941 66.0397 3.5976 -0.104049 -0.994571 0.00124989
24.414 65.9268 3.59977 -0.116764 -0.993159 0.000920962
25.4586 65.7924 3.60244 -0.138807 -0.990315 -0.00303965
26.5381 65.6353 3.60549 -0.157361 -0.98754 -0.00120471
27.581 65.4593 3.60854 -0.174466 -0.984662 0.00166674
28.5851 65.2775 3.6112 -0.183026 -0.983108 0.000530225
29.5956 65.0848 3.61398 -0.189635 -0.981855 0.000259284
30.681 64.8711 3.61566 -0.196077 -0.980581 0.00387504
31.4561 64.713 3.61715 -0.2015 -0.979481 0.00384675
31.423 64.7201 4.52156 -0.205011 -0.978759 -0.00123436
30.2906 64.9514 4.51955 -0.191276 -0.981536 -0.000622901
29.2999 65.1439 4.51705 -0.1895 -0.98188 0.000918728
28.3119 65.3296 4.51382 -0.181966 -0.983305 -0.000591639
27.2532 65.5168 4.50998 -0.16881 -0.985649 -0.000154135
26.0947 65.6994 4.50553 -0.144592 -0.989491 -0.000987417
24.9751 65.8558 4.50118 -0.123018 -0.992403 -0.0015385
23.9426 65.9795 4.4978 -0.114972 -0.993369 0.000310921
22.9377 66.0855 4.49514 -0.0977546 -0.995173 -0.00860154
22.4594 66.1296 4.49414 -0.0832803 -0.996485 -0.00906249
22.435 66.1243 5.39169 -0.0853866 -0.996324 -0.00684828
23.4501 66.0305 5.39452 -0.0980286 -0.995182 0.00150269
24.5968 65.9024 5.3993 -0.119712 -0.992806 0.00209347
25.6089 65.7674 5.40404 -0.139315 -0.990245 -0.00241078
26.6796 65.6064 5.40949 -0.157402 -0.987531 -0.00279122
27.6793 65.4404 5.41425 -0.166988 -0.985957 -0.00203762
28.7808 65.2443 5.41978 -0.180807 -0.983518 0.000718581
29.9149 65.0223 5.42397 -0.201025 -0.97956 -0.00719365
30.9186 64.8141 5.42665 -0.204963 -0.978666 -0.0142558
31.4862 64.696 5.42759 -0.2033 -0.979026 -0.0132852
31.5213 64.6887 5.42765 -0.202163 -0.979261 -0.0133631
