-45.8131 65.776 -3.42548 0.0340633 -0.999418 -0.00146305
-45.7493 65.7809 -4.48518 0.033816 -0.999421 -0.00385543
-45.7618 65.7829 -5.62728 0.0327523 -0.999461 -0.00151423
-44.8539 65.8119 -5.95736 0.0274322 -0.999618 0.00021209
-43.8416 65.8336 -5.98797 0.0162489 -0.999868 0.000110318
-42.6775 65.8513 -6.00069 0.0136106 -0.999907 0.000341146
-41.645 65.8579 -6.03582 -0.00144225 -0.999991 0.00259039
-40.5463 65.8524 -6.00984 -0.00551659 -0.999983 -0.00207036
-39.4028 65.8437 -5.99226 -0.0113733 -0.999928 -0.00394285
-38.3174 65.8274 -6.00271 -0.0183393 -0.99981 -0.00659421
-37.2651 65.8054 -6.00445 -0.0248749 -0.99969 0.000700752
-36.7873 65.7931 -5.27811 -0.0308112 -0.999524 -0.00146988
-36.8152 65.7951 -4.14833 -0.0317102 -0.999495 0.00180478
-36.8119 65.7956 -3.14678 -0.0330015 -0.999455 -0.0012626
-36.8186 65.7953 -2.11451 -0.0315497 -0.999499 -0.00234811
-36.7931 65.7957 -1.04792 -0.0309973 -0.999517 0.00213878
-36.7914 65.796 0.00489628 -0.0268501 -0.999639 0.00131621
-36.8036 65.7911 1.15952 -0.0270781 -0.999631 -0.00200235
-36.803 65.7924 2.25037 -0.0287754 -0.99958 0.00353338
-36.8265 65.7952 3.38604 -0.0266489 -0.999644 -0.00114637
-36.8417 65.7962 4.55227 -0.0257873 -0.999667 0.000621603
-36.8208 65.7984 5.5802 -0.025027 -0.999668 0.00570969
-37.6552 65.8244 6.02283 -0.0243102 -0.999659 0.00884001
-38.8202 65.8441 6.02554 -0.00913804 -0.999956 0.00231119
-39.9793 65.8557 6.0093 -0.0110161 -0.999938 0.00161939
-41.0083 65.8625 5.99001 -0.00225327 -0.999997 0.00125363
-42.2015 65.858 6.0092 0.0120182 -0.999923 -0.0022362
-43.2956 65.8404 5.9637 0.0172498 -0.999851 0.000666361
-44.3002 65.8205 5.98753 0.0245227 -0.999699 0.000403379
-45.4792 65.7855 5.99746 0.0316481 -0.999499 0.00106221
-45.7842 65.7754 5.15415 0.0335468 -0.999435 -0.0022631
-45.7786 65.7772 3.95703 0.0345455 -0.999403 -0.000531461
-45.7579 65.7768 2.87319 0.0339453 -0.999423 0.000584118
-45.7931 65.7757 1.84935 0.0346559 -0.999399 -0.000321369
-45.7996 65.7753 0.735993 0.0352852 -0.999377 0.000550623
-45.7721 65.7751 -0.31312 0.0345012 -0.999404 0.000695284
-45.7832 65.775 -1.3924 0.0335085 -0.999438 -0.00129598
-45.7937 65.7759 -2.52881 0.0333763 -0.999442 -0.000931536
-45.8062 65.7761 -3.23851 0.0340352 -0.99942 -0.000855582
-46.8092 65.7417 -3.1858 0.0349748 -0.999387 -0.00133357
-46.7902 65.7444 -4.2063 0.0338609 -0.999423 -0.00281263
-46.7878 65.7466 -5.33888 0.0361691 -0.999345 -0.00121786
-46.8115 65.7462 -6.44848 0.0386009 -0.999254 0.000493966
-46.1155 65.771 -7.02272 0.0361107 -0.999346 0.00140283
-44.9643 65.8101 -6.98953 0.0303303 -0.999538 -0.00108244
-43.8947 65.8329 -7.0087 0.0168779 -0.999857 -0.00100802
-42.8314 65.8482 -6.99813 0.0124584 -0.999922 0.00106197
-41.783 65.8584 -7.04403 0.0047163 -0.999988 -0.00106386
-40.7158 65.8567 -7.03083 -0.00652116 -0.999969 -0.00446784
-39.536 65.8491 -7.0402 -0.00704898 -0.99997 -0.00305851
-38.4451 65.836 -7.00592 -0.0189647 -0.999813 -0.003767
-37.41 65.8094 -7.01712 -0.0272277 -0.999628 -0.00143705
-36.25 65.7788 -7.01654 -0.0299378 -0.99955 -0.00189595
-35.7835 65.7594 -6.19813 -0.0380245 -0.999269 -0.00405313
-35.7836 65.7574 -5.1098 -0.0382978 -0.999266 0.000826423
-35.8008 65.7594 -4.01985 -0.0394556 -0.999221 0.000259023
-35.7957 65.7586 -2.98246 -0.0396948 -0.999211 -0.00142809
-35.7972 65.7578 -1.96116 -0.0393424 -0.999226 0.000187621
-35.7966 65.7584 -0.931252 -0.0403915 -0.999183 0.00115619
-35.777 65.7598 0.0707981 -0.0448347 -0.99898 0.00390604
-35.7843 65.7613 1.07271 -0.0374739 -0.99928 -0.00326341
-35.7785 65.7609 2.1462 -0.0315645 -0.999499 0.00098034
-35.8213 65.7621 3.35343 -0.0367191 -0.999325 0.000971262
-35.8221 65.7668 4.36407 -0.0320392 -0.999479 0.00378067
-35.7965 65.7722 5.53684 -0.0256525 -0.999662 0.00416337
-35.7972 65.7773 6.6682 -0.0287615 -0.999568 0.00593125
-36.7196 65.805 7.00622 -0.0278409 -0.999608 0.00232033
-37.7461 65.8328 7.02739 -0.0247642 -0.999676 0.00586023
-38.9405 65.8491 7.02627 -0.0098448 -0.999946 0.00335825
-39.9982 65.859 7.02098 -0.00572264 -0.999973 0.00466089
-41.0974 65.8619 7.01093 -0.00113868 -0.999996 -0.00254958
-42.1133 65.8582 7.02712 0.00877948 -0.999942 -0.00538339
-43.165 65.8432 7.01669 0.0190069 -0.999818 0.00100781
-44.2589 65.821 7.00383 0.0239774 -0.999712 -0.000486869
-45.3907 65.7895 7.00782 0.0317333 -0.999496 0.000375587
-46.4332 65.7532 7.00307 0.0356398 -0.999364 -0.000495067
-46.8166 65.7394 6.06206 0.035317 -0.999376 -0.000245197
-46.7887 65.7415 4.90904 0.0347971 -0.999393 -0.0018712
-46.8023 65.7425 3.89605 0.0343183 -0.999411 -0.00018725
-46.7762 65.7421 2.8762 0.0337069 -0.999431 0.00147861
-46.8146 65.7397 1.65777 0.036217 -0.999344 -0.000586252
-46.8207 65.7385 0.640979 0.0363185 -0.99934 0.000402902
-46.7875 65.7395 -0.394943 0.0354468 -0.999372 -4.05651e-05
-46.7953 65.74 -1.45173 0.0354542 -0.99937 -0.00133842
-46.8015 65.7413 -2.53348 0.0350409 -0.999385 -0.00131139
-46.8075 65.7416 -3.03074 0.0349349 -0.999389 -0.00113895
-45.2106 65.7952 -2.69113 0.032135 -0.999481 -0.00212226
-44.1375 65.8241 -2.69108 0.0221773 -0.999754 0.000161279
-43.0207 65.8455 -2.69103 0.0132118 -0.99991 -0.00230211
-41.9213 65.8545 -2.69101 0.00454719 -0.999987 -0.002288
-40.7501 65.8543 -2.691 -0.00334515 -0.999994 -0.00129825
-39.6957 65.8492 -2.69099 -0.00612923 -0.999981 -8.65001e-05
-38.6645 65.8357 -2.69101 -0.0163036 -0.999866 0.00133314
-37.6366 65.8167 -2.69102 -0.0194466 -0.999811 0.000775532
-37.382 65.8117 -2.69103 -0.0197671 -0.999804 0.000993035
-37.4055 65.8111 -3.58807 -0.0224464 -0.999747 0.00110649
-38.4867 65.8335 -3.58802 -0.0194096 -0.999807 -0.00291454
-39.5421 65.8478 -3.58799 -0.00990339 -0.999949 -0.00176429
-40.5479 65.8557 -3.58797 -0.00648642 -0.99997 -0.00417188
-41.5507 65.8582 -3.58796 0.00271886 -0.999987 -0.00442099
-42.6049 65.8517 -3.58801 0.0113959 -0.999935 -0.000249732
-43.6439 65.835 -3.58807 0.0189713 -0.999818 -0.0020842
-44.6639 65.8129 -3.58813 0.0275455 -0.999619 -0.0019839
-45.192 65.797 -3.58817 0.0316991 -0.999497 -0.00120464
-45.152 65.8009 -4.48518 0.0343203 -0.999408 -0.00251146
-44.061 65.8285 -4.48509 0.0210011 -0.999779 -0.00116773
-42.9761 65.8472 -4.48502 0.0156229 -0.999876 -0.00194907
-41.8711 65.8586 -4.48495 0.00488637 -0.999987 0.00121083
-40.8573 65.8569 -4.48494 -0.00421726 -0.99999 0.00144136
-39.7905 65.8502 -4.48497 -0.00713181 -0.999973 0.00158916
-38.7238 65.8371 -4.48503 -0.0166426 -0.999844 0.00593393
-37.6399 65.8159 -4.4851 -0.0234174 -0.999726 -0.000184068
-37.3649 65.8094 -4.48511 -0.0253103 -0.99968 -0.000173744
-37.3779 65.8088 -5.38215 -0.0221682 -0.999754 0.00115921
-38.386 65.8279 -5.38204 -0.0174632 -0.999833 0.00534786
-39.4456 65.8438 -5.38193 -0.010523 -0.999942 0.00226075
-40.4541 65.8518 -5.38188 -0.00613678 -0.99998 0.00126107
-41.5121 65.8579 -5.38189 -0.00241994 -0.999995 0.00181762
-42.6742 65.8519 -5.38195 0.0153519 -0.999882 0.00070342
-43.7437 65.8352 -5.38207 0.0169752 -0.999856 -0.000434518
-44.8549 65.8114 -5.3822 0.0294521 -0.999565 -0.00118063
-45.1218 65.8034 -5.38223 0.0307809 -0.999526 -0.000804135
-45.2813 65.7919 -1.7941 0.0323963 -0.999474 -0.00115906
-44.1702 65.8234 -1.79407 0.0233508 -0.999727 0.000954962
-43.0072 65.8462 -1.79404 0.0154583 -0.99988 -0.000856387
-41.9303 65.8555 -1.79404 0.00470365 -0.999987 0.00176194
-40.8019 65.856 -1.79402 -0.00477047 -0.999985 0.00259717
-39.7868 65.8517 -1.79401 -0.00665269 -0.999968 0.00454278
-38.7091 65.8378 -1.79401 -0.016974 -0.999853 0.00238922
-37.6049 65.8167 -1.794 -0.0220649 -0.999752 0.00311669
-37.3581 65.8109 -1.794 -0.022673 -0.999743 0.000910637
-37.5186 65.8154 -0.896963 -0.0235758 -0.999721 0.00149799
-38.5362 65.8382 -0.896989 -0.0195377 -0.999807 0.00221417
-39.6303 65.8548 -0.897026 -0.00630573 -0.999977 0.00248739
-40.7114 65.8586 -0.897009 -0.00297884 -0.999984 0.0047273
-41.773 65.8584 -0.897031 0.00740911 -0.999967 0.00330575
-42.788 65.8486 -0.897038 0.013351 -0.999911 0.00017097
-43.9116 65.8286 -0.897053 0.0227124 -0.999742 0.000578859
-44.9682 65.8002 -0.897071 0.0295893 -0.999562 -0.000435513
-45.2314 65.7925 -0.897075 0.0298401 -0.999554 0.000629445
-45.2277 65.7932 -3.42943e-05 0.0325535 -0.999468 0.00205448
-44.1713 65.8229 -3.45448e-05 0.0242008 -0.999705 0.00221261
-43.0907 65.8452 -2.26327e-05 0.0152479 -0.999883 0.00103705
-41.9211 65.8594 -2.86358e-05 0.0112153 -0.999935 0.00226928
-40.8108 65.8624 -2.90352e-05 -0.00429372 -0.999989 0.00205899
-39.7734 65.8559 3.02162e-06 -0.00822753 -0.999966 0.00034695
-38.5923 65.8396 4.62571e-05 -0.0225029 -0.999747 -7.5519e-05
-37.4995 65.8144 8.69123e-05 -0.0237168 -0.999714 -0.00313714
-37.3835 65.8116 9.07211e-05 -0.0245521 -0.999692 -0.00362012
-37.331 65.8057 0.897118 -0.0254251 -0.999659 -0.00603028
-38.4541 65.8337 0.897079 -0.023095 -0.999729 -0.00293001
-39.477 65.8529 0.89704 -0.0159598 -0.999863 -0.00434969
-40.621 65.862 0.897002 -0.00747755 -0.999972 -0.000656849
-41.692 65.8628 0.896984 0.00610802 -0.99998 0.00138906
-42.7795 65.8512 0.896986 0.0129902 -0.999911 0.00288233
-43.9377 65.8305 0.896995 0.0214457 -0.999768 0.00213985
-45.0891 65.7995 0.897008 0.0321898 -0.99948 0.00166976
-45.2864 65.793 0.89701 0.032691 -0.999464 0.00151477
-45.2078 65.7955 1.79408 0.0324495 -0.999473 0.000450168
-44.0978 65.8272 1.79403 0.0262522 -0.999655 -0.000538177
-43.0886 65.849 1.79401 0.0146182 -0.99989 0.00263825
-42.0441 65.8624 1.794 0.00836236 -0.999964 -0.00130595
-41.022 65.8636 1.79401 -0.00591194 -0.999982 -0.000411814
-40.0145 65.8567 1.79403 -0.00704874 -0.999974 -0.00177099
-38.9849 65.8428 1.79407 -0.0185714 -0.999827 -0.000648907
-37.7644 65.8151 1.79411 -0.0235908 -0.999721 -0.000802033
-37.4477 65.8072 1.79413 -0.0251577 -0.999683 7.15476e-05
-37.3433 65.8073 2.69115 -0.0206347 -0.999786 0.00113281
-38.4255 65.8305 2.69109 -0.0242727 -0.999704 0.00138119
-39.5531 65.8517 2.69103 -0.0102825 -0.99994 -0.0037554
-40.6173 65.86 2.69101 -0.00600893 -0.999982 -0.00086051
-41.6882 65.8634 2.691 -0.000276536 -0.999991 -0.00421998
-42.7745 65.8536 2.69101 0.0124732 -0.999922 0.000346446
-43.79 65.8351 2.69104 0.0260554 -0.99966 0.00121268
-44.837 65.8064 2.69108 0.0287916 -0.999585 -0.000233855
-45.1711 65.7963 2.6911 0.0314524 -0.999505 0.000454187
-45.1802 65.7962 3.58813 0.031196 -0.999512 0.00161457
-44.0513 65.8285 3.58807 0.0256572 -0.999671 0.000433152
-43.0211 65.8497 3.58802 0.0148556 -0.999889 0.000764791
-41.9312 65.8605 3.58798 0.00733451 -0.999972 -0.00170583
-40.8638 65.8608 3.58799 -0.00603711 -0.99998 -0.0018825
-39.7589 65.8521 3.58802 -0.00864974 -0.999956 -0.00353275
-38.7012 65.8378 3.58807 -0.0163942 -0.999866 -0.000376184
-37.6537 65.816 3.58814 -0.0216674 -0.999761 0.0027483
-37.339 65.8083 3.58817 -0.0246466 -0.999696 0.000580034
-37.358 65.8092 4.48517 -0.0248299 -0.999691 0.000657374
-38.447 65.8345 4.48504 -0.0195308 -0.999809 0.000720585
-39.4832 65.8475 4.48497 -0.0109041 -0.99994 0.00108804
-40.5093 65.8576 4.48494 -0.00921951 -0.999957 0.0009999
-41.6716 65.8611 4.48495 0.00344922 -0.999994 -0.000661826
-42.7155 65.8533 4.485 0.0124934 -0.99992 0.00220765
-43.8119 65.833 4.48508 0.0228499 -0.999739 -0.000879589
-44.9207 65.8046 4.48514 0.0290378 -0.999578 -0.000554998
-45.1478 65.7977 4.48515 0.0302742 -0.999541 -0.000567478
-45.1545 65.796 5.38223 0.032573 -0.999468 -0.00187438
-44.0322 65.8265 5.3821 0.0224954 -0.999747 0.000741619
-42.9545 65.8477 5.382 0.0169583 -0.999851 -0.00328215
-41.7399 65.8621 5.3819 0.00560011 -0.999984 0.00124703
-40.7295 65.8611 5.38186 -0.00760451 -0.999971 0.00029851
-39.6666 65.8509 5.38188 -0.0105819 -0.999941 0.00249929
-38.5657 65.8393 5.38196 -0.0149876 -0.999869 0.00617792
-37.6133 65.8186 5.38211 -0.0272424 -0.999614 0.00543178
-37.435 65.8137 5.38214 -0.0272596 -0.999614 0.00543138
