-17.9762 12.0766 5.47991 0.32323 -0.94632 0.00029763
-17.9452 12.079 4.46543 0.322491 -0.946453 0.015052
-17.913 12.0732 3.46357 0.321574 -0.946884 0.000534876
-17.9548 12.0686 2.36642 0.328638 -0.944434 -0.00647364
-17.956 12.069 1.25627 0.341311 -0.939891 -0.00426893
-17.9269 12.0994 0.230622 0.348739 -0.936955 -0.0223002
-17.9494 12.1031 -0.859722 0.336463 -0.941674 -0.0065165
-17.9608 12.0942 -1.96686 0.327227 -0.944944 0.00139862
-17.9608 12.0937 -3.0082 0.328551 -0.944482 0.00243202
-17.9209 12.1036 -4.01401 0.324293 -0.94594 0.0055586
-17.961 12.0908 -5.05582 0.320109 -0.947365 -0.00545594
-17.744 12.1707 -6.06927 0.316845 -0.948459 -0.00590056
-16.7159 12.5079 -6.11509 0.300659 -0.953723 -0.00408733
-15.6828 12.8143 -6.07201 0.263686 -0.964595 -0.00128415
-14.6441 13.0811 -6.11638 0.240578 -0.970629 -0.000796685
-13.5938 13.3335 -6.1104 0.210943 -0.977386 -0.00257709
-12.5579 13.5392 -6.09272 0.183645 -0.982987 -0.00327523
-11.4673 13.729 -6.09282 0.144342 -0.989391 0.0164729
-10.3945 13.865 -6.12816 0.104112 -0.994563 0.00115314
-9.38639 13.957 -6.10079 0.0817314 -0.996636 0.00599582
-8.3708 14.0262 -6.13022 0.0477168 -0.998854 -0.00375023
-7.30397 14.0537 -6.13756 0.000453946 -0.999981 -0.000522464
-6.09249 14.0262 -6.10679 -0.0415057 -0.999138 -0.000726988
-5.06277 13.9613 -6.14414 -0.0809967 -0.996707 0.00165907
-4.05593 13.8621 -6.10541 -0.119196 -0.992824 -0.00578698
-3.01491 13.7175 -6.11096 -0.153224 -0.988181 -0.00451534
-1.91696 13.5242 -6.12431 -0.186066 -0.982529 0.0038609
-0.873849 13.3077 -6.10488 -0.223529 -0.974682 -0.000805358
0.280499 13.032 -6.11696 -0.246208 -0.969195 0.00646773
1.27101 12.7596 -6.08438 -0.275448 -0.961309 -0.0010244
2.228 12.4678 -6.07168 -0.311059 -0.950375 -0.00270912
3.23223 12.1211 -5.88667 -0.335068 -0.942154 -0.00871752
3.28304 12.1088 -4.8648 -0.321546 -0.946802 -0.000264899
3.24669 12.1033 -3.78915 -0.319691 -0.946886 -0.0346949
3.27406 12.0852 -2.61002 -0.319767 -0.947234 0.0214748
3.30542 12.0987 -1.60116 -0.329958 -0.943808 0.0151951
3.29639 12.1079 -0.560956 -0.334109 -0.942432 0.0130414
3.32827 12.1087 0.489333 -0.345529 -0.938171 0.0211009
3.29407 12.1226 1.51011 -0.328003 -0.944671 0.00334406
3.31934 12.1146 2.62549 -0.341483 -0.939884 0.00167953
3.29803 12.1204 3.751 -0.336839 -0.941548 -0.00521885
3.29155 12.1216 4.79981 -0.330886 -0.943667 0.00263462
3.25994 12.1405 5.85251 -0.328044 -0.944618 0.0090763
2.27808 12.4715 6.09024 -0.300764 -0.953622 0.00982708
1.30111 12.7655 6.07916 -0.264963 -0.9642 0.00907756
0.300614 13.0283 6.0935 -0.241572 -0.970366 0.0042178
-0.674445 13.2633 6.07275 -0.22561 -0.974204 0.0051538
-1.69464 13.48 6.08774 -0.196297 -0.98054 -0.00301229
-2.73045 13.6783 6.14368 -0.174466 -0.984623 -0.00884024
-3.74556 13.8384 6.14318 -0.143923 -0.989587 0.00187208
-4.8716 13.9608 6.09177 -0.0897447 -0.995957 0.00399205
-5.87714 14.0287 6.10856 -0.0557537 -0.998435 -0.000334811
-6.99587 14.0653 6.11375 -0.0102876 -0.999906 0.000429609
-8.0621 14.0509 6.10972 0.0375047 -0.999296 -0.000160163
-9.13024 13.9962 6.10259 0.0769488 -0.996938 -0.0101827
-10.2268 13.8892 6.12249 0.117628 -0.993057 -0.00107738
-11.4618 13.7215 6.09116 0.152761 -0.988146 -0.0152048
-12.6242 13.5107 6.08453 0.195332 -0.980724 -0.00510576
-13.7594 13.2757 6.0903 0.20962 -0.977774 -0.00368929
-14.8113 13.033 6.11598 0.247228 -0.968824 -0.0160502
-15.7873 12.7632 6.11354 0.273219 -0.961931 -0.00630301
-16.7983 12.4595 6.10671 0.300823 -0.953665 -0.00530945
-17.8613 12.1145 6.01026 0.319293 -0.947651 -0.00251073
-17.9706 12.0786 5.6904 0.320601 -0.947209 -0.00113744
-18.876 11.756 5.63972 0.349078 -0.937087 -0.00359967
-18.8285 11.7715 6.691 0.349144 -0.937065 -0.00271324
-17.9807 12.0731 7.04656 0.322392 -0.946568 0.00142035
-16.9722 12.4007 7.05022 0.305994 -0.952014 -0.00577947
-16.0082 12.6976 7.0521 0.2767 -0.96093 -0.00703367
-15.0177 12.9662 7.06033 0.253789 -0.967167 -0.0133616
-13.9795 13.2269 7.04205 0.217809 -0.975907 0.00851101
-12.9183 13.4486 7.04666 0.198643 -0.980072 7.96311e-05
-11.7754 13.6657 7.0641 0.16694 -0.985942 -0.00661264
-10.704 13.8251 7.06003 0.134003 -0.990969 -0.0049434
-9.70447 13.9411 7.07244 0.0901465 -0.995927 -0.0016898
-8.63467 14.0293 7.05955 0.0653069 -0.997806 -0.00314493
-7.5784 14.0639 7.04879 0.00838124 -0.999906 -0.00279288
-6.46479 14.0531 7.06191 -0.030249 -0.999514 -0.00685204
-5.34922 13.9915 7.04887 -0.0736446 -0.99728 -0.00226352
-4.27754 13.8965 7.06016 -0.0976194 -0.995185 -0.00880913
-3.18483 13.7507 7.06999 -0.145563 -0.989253 -0.0137599
-2.04925 13.5511 7.07292 -0.185126 -0.982692 0.00666061
-0.999597 13.336 7.05648 -0.205044 -0.978752 0.00102547
0.134028 13.0727 7.04577 -0.245043 -0.969507 0.00321039
1.17497 12.8 7.03617 -0.267476 -0.96352 -0.00309715
2.21268 12.4949 7.03603 -0.300924 -0.953578 -0.00762047
3.21131 12.1675 7.08756 -0.326145 -0.945244 0.00487287
4.17686 11.822 6.76181 -0.338081 -0.941113 0.00220359
4.18178 11.814 5.65095 -0.336581 -0.941613 0.00885983
4.18355 11.8037 4.59665 -0.337761 -0.94121 0.00616534
4.19735 11.7958 3.49694 -0.342572 -0.939484 0.00307024
4.21233 11.7855 2.42065 -0.346142 -0.938174 0.00367284
4.19498 11.7897 1.30156 -0.355615 -0.93463 0.00228041
4.20238 11.7805 0.26281 -0.357742 -0.933785 0.00806524
4.18871 11.7769 -0.767469 -0.351735 -0.936079 0.00589441
4.19985 11.769 -1.82542 -0.347449 -0.937653 0.0092996
4.16061 11.7719 -2.95215 -0.334535 -0.942368 0.00542978
4.1675 11.7866 -4.1059 -0.3487 -0.93689 -0.025396
4.18343 11.7893 -5.11436 -0.339491 -0.9406 -0.00412141
4.15976 11.7985 -6.203 -0.330262 -0.943844 -0.00926797
3.93662 11.8956 -7.04735 -0.336741 -0.941361 -0.0197507
2.97553 12.2282 -7.04743 -0.301876 -0.95309 -0.0192769
1.9675 12.5461 -7.05609 -0.297598 -0.954599 0.0132827
0.827684 12.882 -7.05299 -0.266086 -0.96393 0.0060939
-0.237242 13.1515 -7.04619 -0.24074 -0.970414 0.0184496
-1.27158 13.392 -7.05036 -0.214468 -0.976712 0.00614107
-2.36793 13.603 -7.063 -0.179851 -0.983585 0.0146577
-3.37628 13.7719 -7.03534 -0.154429 -0.988004 0.00038305
-4.37981 13.8926 -7.07748 -0.104031 -0.994571 0.00263384
-5.45597 13.9834 -7.09508 -0.0777588 -0.996851 0.0155714
-6.54432 14.0471 -7.04821 -0.0250948 -0.99952 -0.00914213
-7.60033 14.0473 -7.08988 0.0161705 -0.999861 -0.00417082
-8.68425 14.0079 -7.07601 0.069317 -0.997466 -0.0159994
-9.71488 13.9262 -7.06564 0.0884047 -0.996077 0.00397426
-10.7639 13.8157 -7.07045 0.116526 -0.993163 0.00693451
-11.9133 13.6532 -7.05192 0.158714 -0.987284 0.00896087
-12.9276 13.4646 -7.05364 0.194638 -0.98084 0.00716287
-13.9094 13.2594 -7.06036 0.214326 -0.976762 -0.000950219
-14.9104 13.0163 -7.06657 0.246194 -0.969208 -0.00497511
-15.9071 12.7519 -7.02794 0.274748 -0.96151 0.00339046
-16.8707 12.4576 -7.07989 0.299027 -0.954244 0.00100952
-17.8868 12.1306 -7.03989 0.31 -0.950681 -0.0102937
-18.8472 11.8031 -6.85984 0.327098 -0.944986 -0.00289295
-18.8658 11.79 -5.76584 0.323101 -0.946327 -0.00831832
-18.8425 11.7897 -4.72491 0.324855 -0.945759 -0.00321988
-18.8349 11.7917 -3.67473 0.322309 -0.946634 0.000711938
-18.8536 11.7858 -2.67473 0.322894 -0.946435 0.000492282
-18.8428 11.7878 -1.56664 0.331051 -0.943609 -0.00239234
-18.8358 11.7717 -0.441955 0.350847 -0.936234 -0.0192247
-18.8226 11.754 0.704006 0.345281 -0.938428 -0.00538109
-18.8554 11.7524 1.72272 0.333148 -0.942744 0.0156983
-18.8289 11.7709 2.76082 0.325504 -0.945539 0.00172169
-18.8194 11.7706 3.83247 0.320443 -0.947216 0.00457444
-18.8534 11.7647 4.86715 0.343849 -0.939015 0.00181947
-18.8692 11.7592 5.48226 0.348675 -0.93724 -0.00178371
-17.3568 12.2837 5.50386 0.313712 -0.949518 -0.000288041
-16.3569 12.5962 5.4914 0.290067 -0.957005 -0.00176699
-15.385 12.8793 5.47796 0.268599 -0.963252 -0.000892741
-14.3664 13.1458 5.46335 0.228496 -0.973499 -0.00949128
-13.313 13.3738 5.44819 0.207951 -0.978115 -0.00692163
-12.187 13.5992 5.43253 0.186289 -0.982479 -0.0056326
-11.1878 13.7672 5.42051 0.138551 -0.990321 -0.00819282
-10.1746 13.8965 5.41025 0.113464 -0.993542 -0.000643834
-9.1668 13.995 5.40342 0.0663673 -0.997717 0.0125283
-8.15577 14.0477 5.39891 0.0337615 -0.999429 -0.00137373
-7.13078 14.0665 5.39784 0.0127166 -0.999914 -0.00307538
-6.13115 14.0409 5.39989 -0.0550022 -0.998471 0.00544162
-5.09226 13.9764 5.40553 -0.079447 -0.996839 0.00086093
-4.05877 13.8787 5.4152 -0.124933 -0.992164 -0.00161885
-2.96082 13.7207 5.42725 -0.16004 -0.98711 -0.000967321
-1.83605 13.5123 5.44214 -0.195018 -0.980773 -0.00725206
-0.770944 13.284 5.45694 -0.228333 -0.973578 -0.00324433
0.26247 13.0341 5.47354 -0.237053 -0.971458 0.00866897
1.23712 12.7793 5.48827 -0.271154 -0.962536 -0.000358845
2.31027 12.4538 5.50599 -0.306931 -0.951664 0.0113559
2.78144 12.3003 5.51179 -0.312833 -0.949708 0.0137759
2.82882 12.2789 4.58969 -0.313879 -0.949454 0.00410388
1.82701 12.6019 4.58021 -0.30088 -0.953661 0.00137465
0.784707 12.9045 4.56713 -0.254971 -0.966936 -0.00503751
-0.209519 13.1509 4.55462 -0.237725 -0.971315 -0.00585734
-1.1874 13.3817 4.54438 -0.218531 -0.975788 -0.00904114
-2.17904 13.584 4.53198 -0.180552 -0.983534 -0.00786363
-3.2654 13.7667 4.52161 -0.147048 -0.989126 0.00245002
-4.30394 13.9064 4.51346 -0.126935 -0.991909 -0.0020198
-5.42712 13.998 4.50595 -0.0631336 -0.998004 0.00140593
-6.5497 14.0582 4.50197 -0.0302497 -0.999541 0.00145602
-7.55488 14.0621 4.50123 0.00463827 -0.999989 -0.000966352
-8.65543 14.0283 4.50405 0.0660948 -0.997813 0.000672407
-9.67054 13.9515 4.50858 0.0973996 -0.99521 -0.0083809
-10.8562 13.8143 4.5166 0.136719 -0.990608 0.00173228
-11.8746 13.6579 4.5264 0.167203 -0.985919 -0.00251373
-12.8971 13.4671 4.53556 0.201178 -0.979528 -0.00726871
-13.9128 13.2533 4.54766 0.220544 -0.975369 -0.00402208
-15.0738 12.9626 4.55983 0.263213 -0.964727 0.00458148
-16.1565 12.6511 4.57068 0.287648 -0.957717 0.00610432
-17.2455 12.3115 4.57999 0.312665 -0.949732 0.0157778
-17.4613 12.2407 4.58178 0.311759 -0.950042 0.0150784
-17.3853 12.2505 3.66246 0.315926 -0.948775 -0.00417543
-16.16 12.6453 3.65529 0.29257 -0.956201 -0.0090818
-15.1064 12.9507 3.64676 0.266616 -0.963799 0.00273314
-14.0817 13.2174 3.6387 0.230252 -0.973131 -4.65896e-05
-13.0035 13.4512 3.63051 0.199164 -0.979962 -0.00297612
-11.9559 13.6482 3.62258 0.164007 -0.986456 -0.00232244
-10.8781 13.8103 3.61478 0.143281 -0.989682 -6.51282e-05
-9.87013 13.9333 3.60958 0.103305 -0.99464 -0.00434354
-8.86053 14.0188 3.6063 0.0537981 -0.998548 -0.00270896
-7.84289 14.0635 3.60417 0.0154651 -0.999878 -0.00231672
-6.76547 14.0643 3.60402 -0.0137306 -0.999905 -0.00126763
-5.72623 14.0198 3.60599 -0.0550851 -0.99847 -0.0048848
-4.60673 13.9368 3.61148 -0.10602 -0.994356 -0.00389164
-3.51001 13.802 3.61797 -0.141734 -0.989895 -0.00437512
-2.5061 13.6447 3.6243 -0.17329 -0.984849 -0.00655947
-1.38079 13.426 3.63455 -0.202341 -0.979315 -0.00103712
-0.279223 13.1749 3.644 -0.233762 -0.972267 -0.00714825
0.775811 12.9064 3.65299 -0.267246 -0.963627 0.00178223
1.79457 12.6126 3.66267 -0.294456 -0.955665 -0.00060526
2.74834 12.3116 3.67075 -0.32533 -0.945545 -0.0102469
2.8042 12.2975 2.75156 -0.327082 -0.944983 -0.00499081
1.73759 12.63 2.74645 -0.286319 -0.958134 0.000238692
0.697515 12.9273 2.73986 -0.258723 -0.965951 0.00121196
-0.342961 13.1914 2.7325 -0.234082 -0.972211 -0.00322932
-1.33486 13.4203 2.72681 -0.205564 -0.978642 0.0017088
-2.46373 13.6374 2.72008 -0.175742 -0.984436 -0.000116387
-3.46286 13.797 2.71427 -0.143412 -0.989662 -0.00125157
-4.47997 13.9258 2.71024 -0.104562 -0.994516 -0.00216325
-5.57413 14.0114 2.70838 -0.0569167 -0.998345 0.00821628
-6.59287 14.0618 2.70569 -0.0374535 -0.999297 0.00169878
-7.61385 14.0677 2.70451 0.000514343 -0.999999 -0.000927855
-8.62641 14.0362 2.70454 0.0508101 -0.998708 0.000266845
-9.67139 13.9576 2.70662 0.103305 -0.994645 0.00308671
-10.6947 13.8349 2.71087 0.136405 -0.990636 -0.00574957
-11.7163 13.6862 2.71646 0.16257 -0.986697 -7.79263e-05
-12.8099 13.4901 2.72183 0.193196 -0.981093 0.011499
-13.8165 13.2756 2.72714 0.226032 -0.974119 -0.00110827
-14.8635 13.0188 2.73357 0.247188 -0.968967 -0.000757323
-15.8477 12.7495 2.73935 0.272956 -0.961922 -0.0141673
-16.858 12.4338 2.74341 0.312764 -0.949765 -0.0111793
-17.4655 12.2308 2.74561 0.320802 -0.946997 -0.0167994
-17.3969 12.2651 1.82843 0.328002 -0.944601 -0.0120313
-16.3844 12.5952 1.82646 0.286191 -0.958147 -0.00696644
-15.413 12.8769 1.82374 0.267706 -0.963474 -0.0071987
-14.4329 13.1244 1.82002 0.237341 -0.971424 0.00231587
-13.4378 13.3606 1.81647 0.219578 -0.975545 -0.00992199
-12.4495 13.5602 1.81325 0.18554 -0.982637 -5.09206e-05
-11.3834 13.7425 1.8087 0.144292 -0.989528 -0.00385684
-10.2129 13.9013 1.80604 0.121256 -0.992618 -0.00238868
-9.10542 14.0076 1.80336 0.0748265 -0.997195 -0.00187267
-7.95252 14.0642 1.80236 0.0258353 -0.999666 -0.000717532
-6.92725 14.0695 1.80411 -0.0228392 -0.999698 0.00912561
-5.71671 14.0212 1.80459 -0.0595566 -0.998216 -0.00429222
-4.71184 13.9441 1.80698 -0.0935922 -0.995606 -0.00293059
-3.70953 13.8342 1.80956 -0.137621 -0.990461 0.00685538
-2.71845 13.6821 1.81196 -0.179373 -0.983781 0.000971672
-1.66313 13.4867 1.81602 -0.18642 -0.98247 0.000198796
-0.525653 13.2389 1.82119 -0.229043 -0.973415 -0.00180353
0.568608 12.964 1.82665 -0.250549 -0.968097 0.00368222
1.5649 12.6784 1.83169 -0.288075 -0.957589 0.00602595
2.60253 12.3589 1.83556 -0.312791 -0.949822 -0.000908952
2.79384 12.2959 1.83604 -0.318467 -0.947933 -0.00162951
2.7405 12.3069 0.920288 -0.30961 -0.950841 -0.00649458
1.7704 12.6107 0.916547 -0.296423 -0.955055 -0.00201976
0.644144 12.9458 0.913608 -0.267463 -0.963568 -0.000675494
-0.333012 13.197 0.911352 -0.24214 -0.970237 -0.00308911
-1.43818 13.4438 0.908737 -0.194778 -0.980842 -0.00339801
-2.48218 13.6408 0.907033 -0.172249 -0.985052 -0.00160602
-3.55266 13.8121 0.905406 -0.132125 -0.991176 0.0106029
-4.60034 13.9316 0.902753 -0.0987948 -0.995068 0.00884724
-5.79921 14.0246 0.901535 -0.0624065 -0.99805 -0.00149671
-6.98491 14.0664 0.900489 -0.0129434 -0.999916 0.000464581
-7.99553 14.064 0.90068 0.0269546 -0.999635 -0.00164182
-9.05921 14.0081 0.902147 0.0775963 -0.996975 0.00448969
-10.1693 13.9058 0.902944 0.115644 -0.993266 -0.00706299
-11.2013 13.7693 0.904694 0.14373 -0.989609 -0.00397369
-12.353 13.5783 0.906401 0.169225 -0.985577 -0.00131685
-13.374 13.3767 0.907959 0.216902 -0.976188 -0.00332005
-14.3783 13.1391 0.909452 0.235572 -0.971856 -0.00104102
-15.3932 12.8837 0.911188 0.260619 -0.965404 -0.00858462
-16.5013 12.5674 0.912473 0.284978 -0.958508 -0.00712654
-17.3769 12.2816 0.913185 0.32567 -0.945267 -0.0202414
-17.4159 12.2828 -0.00385474 0.320134 -0.947372 0.000407544
-16.3638 12.6139 -0.00275428 0.284841 -0.958559 -0.00554415
-15.3125 12.9104 -0.00148592 0.260998 -0.965295 -0.00922355
-14.2897 13.1659 -0.000959051 0.234257 -0.972149 -0.00708587
-13.2736 13.4003 -0.000606006 0.215671 -0.976464 -0.00221035
-12.2027 13.6048 -0.000444997 0.173537 -0.984827 -0.000757036
-11.1193 13.783 -0.000194212 0.148681 -0.988857 -0.00740154
-10.119 13.9096 -0.000407493 0.109917 -0.993941 0.000568959
-9.07796 14.0075 -0.000630948 0.0798089 -0.99681 -0.000149084
-7.9157 14.0648 -0.000664255 0.0197209 -0.999796 0.00437863
-6.8603 14.061 -0.00188389 -0.0114767 -0.99992 0.00533123
-5.82627 14.0278 -0.000780633 -0.0529813 -0.998595 0.00127939
-4.82092 13.9503 -0.000103838 -0.0905195 -0.995885 0.00430378
-3.71779 13.829 4.21728e-05 -0.122487 -0.992416 0.0103308
-2.62935 13.6683 -5.23104e-06 -0.160433 -0.986995 0.0100847
-1.59516 13.4789 0.000152269 -0.183655 -0.982981 0.00429905
-0.498736 13.2351 0.000374126 -0.236162 -0.971705 0.0041863
0.657685 12.9351 0.000671784 -0.26766 -0.963506 0.0036675
1.66978 12.6369 0.000702477 -0.292112 -0.956326 0.0105906
2.73465 12.3055 0.00229087 -0.297869 -0.954585 0.00648901
2.82093 12.2773 0.00254884 -0.319618 -0.947531 0.00542613
2.81106 12.2758 -0.914486 -0.331518 -0.943386 0.0109111
1.75458 12.602 -0.913273 -0.282578 -0.959192 0.0100307
0.685562 12.9155 -0.911926 -0.276603 -0.960897 0.0129741
-0.324416 13.1905 -0.910503 -0.244378 -0.969639 0.0089556
-1.35537 13.4249 -0.908701 -0.20776 -0.978178 -0.00199144
-2.55694 13.6519 -0.906607 -0.174587 -0.984628 0.00520495
-3.71165 13.827 -0.905187 -0.130487 -0.991443 0.00369433
-4.92525 13.9598 -0.904262 -0.0927301 -0.995651 0.00892417
-6.09752 14.0438 -0.902912 -0.0359999 -0.999351 0.00109268
-7.09923 14.0645 -0.901819 -0.00781985 -0.999946 -0.00687979
-8.20272 14.0566 -0.902908 0.037785 -0.999255 0.00789326
-9.3298 13.9821 -0.902839 0.0868112 -0.996191 0.00818628
-10.4135 13.8749 -0.903777 0.110014 -0.993913 0.00579078
-11.528 13.7229 -0.905611 0.156258 -0.987682 -0.00817175
-12.7099 13.5178 -0.907995 0.181081 -0.983459 -0.00413445
-13.7249 13.3049 -0.909855 0.227664 -0.97374 -0.000579016
-14.7098 13.0681 -0.912149 0.23688 -0.971538 0.00139845
-15.7236 12.801 -0.914724 0.272692 -0.962072 0.0075742
-16.7067 12.5135 -0.917705 0.303306 -0.952893 -0.000588151
-17.4393 12.2781 -0.920506 0.31113 -0.95034 0.00718662
-17.4415 12.274 -1.83432 0.320442 -0.947258 0.00443141
-16.308 12.6286 -1.83026 0.281186 -0.959653 -0.000216529
-15.321 12.9081 -1.82593 0.264367 -0.964378 0.00926561
-14.3445 13.1591 -1.82154 0.242578 -0.970128 -0.00283592
-13.1774 13.4281 -1.81649 0.211428 -0.977393 0.00135252
-12.0692 13.6348 -1.81239 0.166871 -0.985977 -0.00191052
-11.0575 13.7952 -1.80929 0.135877 -0.990714 0.00479429
-10.0123 13.9157 -1.80633 0.0985058 -0.995136 0.00127727
-8.94902 14.0032 -1.80457 0.0691951 -0.997574 0.00758499
-7.85618 14.066 -1.80352 0.029183 -0.999557 0.00578765
-6.7933 14.0628 -1.8031 -0.0230249 -0.999729 -0.00344187
-5.62503 14.0162 -1.80528 -0.0508169 -0.998684 0.00688834
-4.60418 13.9264 -1.80715 -0.0995482 -0.995031 0.00188152
-3.57198 13.804 -1.81004 -0.14047 -0.990067 0.00602917
-2.46376 13.6318 -1.81412 -0.16844 -0.985712 -0.000161667
-1.35469 13.4212 -1.81748 -0.203904 -0.978978 0.00507611
-0.257937 13.1701 -1.82142 -0.254464 -0.967082 0.000123825
0.719251 12.9011 -1.82506 -0.277452 -0.960724 -0.00553196
1.75042 12.599 -1.82837 -0.280775 -0.959771 0.00237259
2.77124 12.2751 -1.83046 -0.319895 -0.947332 0.0151133
2.78531 12.253 -2.74985 -0.335184 -0.942128 0.00678051
1.72476 12.6131 -2.74431 -0.307436 -0.951567 -0.0017686
0.729218 12.9056 -2.73856 -0.271714 -0.962367 -0.00462518
-0.381327 13.2012 -2.73194 -0.237744 -0.971313 0.0052724
-1.47928 13.4438 -2.7257 -0.193705 -0.981058 0.00205142
-2.50705 13.635 -2.7196 -0.175112 -0.984545 0.0025573
-3.54682 13.7995 -2.71436 -0.149434 -0.988746 0.00710123
-4.61378 13.9252 -2.70951 -0.100565 -0.994911 0.00623487
-5.64844 14.0132 -2.70541 -0.0618037 -0.998083 0.00336118
-6.66175 14.0553 -2.70482 -0.0250959 -0.999685 0.000420348
-7.74648 14.0562 -2.7039 0.0292773 -0.999537 0.00827664
-8.85108 14.0025 -2.70522 0.0653793 -0.99781 0.0100147
-10.0942 13.904 -2.70974 0.0977172 -0.995158 0.010564
-11.1531 13.7785 -2.7135 0.13661 -0.990603 0.00655583
-12.2851 13.5979 -2.71894 0.175692 -0.984444 0.00136555
-13.2768 13.409 -2.72478 0.207755 -0.978181 -0.000281322
-14.271 13.1777 -2.73098 0.240868 -0.970551 0.00373512
-15.2405 12.9253 -2.73714 0.263853 -0.964558 -0.00298726
-16.2249 12.6521 -2.74344 0.276553 -0.960989 -0.00424249
-17.3395 12.3074 -2.74818 0.306468 -0.951873 -0.00385471
-17.4091 12.2841 -2.74854 0.324826 -0.945772 -0.00154901
-17.344 12.3027 -3.66558 0.31615 -0.948689 0.00619456
-16.3379 12.6193 -3.65905 0.276969 -0.960878 0.000864671
-15.2718 12.9204 -3.64929 0.264028 -0.964491 -0.0068745
-14.2787 13.1757 -3.64093 0.238597 -0.971111 -0.00388276
-13.1636 13.4282 -3.63169 0.205028 -0.978719 0.00848168
-12.1386 13.6243 -3.62333 0.173433 -0.984836 0.00428844
-11.0441 13.7931 -3.61647 0.131738 -0.991177 0.0146081
-10.0205 13.9066 -3.61076 0.094811 -0.995484 0.00470389
-8.95162 13.9947 -3.60713 0.069163 -0.997605 -0.000500618
-7.81459 14.0537 -3.60371 0.034118 -0.999414 0.00267322
-6.78851 14.0615 -3.60406 -0.019186 -0.999814 -0.00187027
-5.67099 14.0119 -3.60621 -0.0562005 -0.998414 -0.00323586
-4.62656 13.9239 -3.61156 -0.098998 -0.995084 -0.00270802
-3.46893 13.7884 -3.61826 -0.135227 -0.990815 0.000140101
-2.47829 13.6261 -3.62518 -0.172732 -0.984959 0.00446125
-1.38438 13.4212 -3.63457 -0.196554 -0.980478 0.00548924
-0.387535 13.2021 -3.64344 -0.222189 -0.974985 0.00601461
0.623259 12.9399 -3.65174 -0.264733 -0.964315 -0.00345782
1.60483 12.657 -3.65995 -0.302848 -0.953032 -0.00363487
2.64028 12.3083 -3.66764 -0.324257 -0.94583 -0.0162191
2.7743 12.2624 -3.66845 -0.324257 -0.94583 -0.0162191
2.82469 12.2607 -4.58841 -0.31446 -0.949252 -0.00601031
1.8688 12.5757 -4.5803 -0.305181 -0.952229 -0.01113
0.869137 12.8755 -4.56843 -0.260938 -0.965355 -0.00122982
-0.163197 13.1446 -4.55704 -0.237785 -0.971315 0.00233855
-1.18256 13.373 -4.54461 -0.208838 -0.977948 0.0019823
-2.19291 13.5749 -4.53293 -0.17654 -0.98429 -0.00244796
-3.28985 13.7584 -4.52109 -0.155667 -0.987805 0.00292065
-4.32468 13.8944 -4.51367 -0.108659 -0.994064 -0.00551994
-5.35998 13.9913 -4.50769 -0.0780066 -0.996935 -0.00600426
-6.45841 14.048 -4.50264 -0.0271312 -0.999612 0.00624965
-7.49674 14.0572 -4.50152 0.0229349 -0.999703 0.00821971
-8.50656 14.0218 -4.50351 0.0469057 -0.998896 0.00274164
-9.5313 13.9489 -4.50783 0.0894907 -0.995983 0.0029872
-10.6479 13.8387 -4.51475 0.108315 -0.994112 0.00291681
-11.6695 13.6992 -4.52271 0.156639 -0.987656 0.000769186
-12.6789 13.5223 -4.5338 0.182844 -0.983128 0.00521783
-13.8035 13.2865 -4.54531 0.22349 -0.974697 -0.00426822
-14.7818 13.0516 -4.55677 0.247386 -0.968904 -0.00507078
-15.8261 12.7709 -4.56855 0.275016 -0.961433 -0.00372368
-16.8395 12.4653 -4.57874 0.302454 -0.953141 0.0065646
-17.3972 12.2802 -4.58229 0.320716 -0.947174 0.00179807
-17.4421 12.2678 -5.50294 0.31681 -0.948472 -0.00565583
-16.4565 12.5883 -5.493 0.29917 -0.954195 0.00305002
-15.3339 12.9084 -5.47761 0.26285 -0.964834 -0.00216351
-14.3231 13.1611 -5.46131 0.237744 -0.971321 0.0037186
-13.2182 13.4151 -5.44527 0.203181 -0.979107 0.0081391
-12.1249 13.6171 -5.43107 0.174015 -0.984743 -0.000843767
-11.1255 13.7805 -5.41803 0.134449 -0.990913 -0.00385236
-10.1058 13.896 -5.40839 0.0932971 -0.995634 -0.00279366
-9.07829 13.9852 -5.40208 0.0672219 -0.997738 0.000349883
-8.01451 14.0385 -5.39819 0.028566 -0.999589 0.00257458
-6.96842 14.053 -5.39787 -0.0162524 -0.999852 0.00559544
-5.94649 14.02 -5.4011 -0.0449353 -0.99898 0.0044518
-4.93503 13.958 -5.40734 -0.0692518 -0.997599 0.000756486
-3.87964 13.8372 -5.41592 -0.129178 -0.991617 0.00301909
-2.84426 13.6896 -5.42842 -0.163097 -0.986606 0.0027473
-1.73743 13.4896 -5.44405 -0.196889 -0.980385 -0.00899195
-0.670053 13.2603 -5.46106 -0.217326 -0.976097 0.00201615
0.322817 13.0205 -5.4766 -0.241745 -0.970323 0.00565761
1.28767 12.7557 -5.49096 -0.279695 -0.960089 -0.000168263
2.25 12.4566 -5.50485 -0.314562 -0.949237 -0.00061717
2.65052 12.3236 -5.51037 -0.317571 -0.948233 -0.00173545
2.69553 12.3084 -5.51081 -0.322934 -0.946419 -0.00202601
