-44.9847 68.2221 -2.46241 0.0246495 -0.999686 -0.00445127
-44.9356 68.2197 -1.41318 0.0217437 -0.999763 0.000915168
-44.9138 68.2206 -0.326355 0.0220961 -0.999751 0.000989139
-44.9441 68.2191 0.760158 0.0240991 -0.999707 -0.00213425
-44.9521 68.2172 1.77395 0.0217708 -0.999763 -0.000863488
-44.9555 68.2185 2.82003 0.0223083 -0.999747 0.00270126
-44.9319 68.2217 3.96942 0.023284 -0.999728 -0.000143303
-44.9023 68.2208 5.00109 0.0249809 -0.999687 -0.00165049
-44.6558 68.2262 5.97471 0.0217896 -0.999763 0.000147963
-43.6264 68.243 6.00422 0.0125817 -0.999914 -0.00353034
-42.6114 68.2533 6.01369 0.00370539 -0.999981 -0.00483601
-41.5237 68.2501 5.99568 -0.0146202 -0.999884 -0.00420636
-40.4154 68.2313 5.97531 -0.0238973 -0.999694 -0.00549488
-39.3362 68.1998 6.001 -0.0346061 -0.9994 0.00069166
-38.2288 68.159 6.00939 -0.0429897 -0.999075 -0.00119989
-37.1735 68.1095 5.98865 -0.0547438 -0.9985 -0.000914625
-36.167 68.0453 5.97374 -0.0659097 -0.997813 -0.00494602
-35.7737 68.022 5.08802 -0.0680092 -0.997683 -0.00154564
-35.7431 68.0223 4.00578 -0.0663845 -0.997789 -0.0032634
-35.7584 68.0254 2.98852 -0.061274 -0.998121 9.15678e-05
-35.7856 68.0242 1.90121 -0.0638774 -0.997952 0.00277597
-35.7616 68.0202 0.872456 -0.0662476 -0.997781 0.0066012
-35.7585 68.0194 -0.347024 -0.0636052 -0.997974 0.00144172
-35.7584 68.0154 -1.43019 -0.0751828 -0.997159 0.00452658
-35.7603 68.0164 -2.45416 -0.0758064 -0.997094 -0.00752861
-35.7617 68.0237 -3.52748 -0.0738645 -0.997262 -0.00360729
-35.7599 68.026 -4.52743 -0.0670218 -0.99775 0.00180337
-35.77 68.0217 -5.66169 -0.0718436 -0.9974 0.0056878
-36.6256 68.0765 -5.9827 -0.0596158 -0.998219 0.00209108
-37.7098 68.1345 -5.99528 -0.048053 -0.998845 -0.000527489
-38.9258 68.1857 -5.96237 -0.0376759 -0.999289 -0.0012763
-40.0279 68.2172 -5.9909 -0.0185752 -0.999823 0.00184095
-41.1163 68.2349 -6.0174 -0.0154439 -0.99988 -0.00139819
-42.2727 68.2512 -6.00837 -0.0132483 -0.999912 -0.00106129
-43.3503 68.2538 -5.98368 0.0065005 -0.999979 -1.33929e-05
-44.4342 68.2399 -5.96597 0.0180345 -0.999837 -0.000209679
-44.9205 68.2297 -5.30369 0.0205059 -0.999789 -0.0012204
-44.9167 68.2291 -4.18492 0.0219849 -0.999755 -0.00218326
-44.9523 68.2258 -3.14562 0.0213691 -0.999757 -0.00539599
-44.9717 68.2234 -2.68457 0.0246476 -0.999687 -0.00440381
-45.9889 68.1969 -2.81347 0.028203 -0.999591 -0.00457281
-45.9902 68.1934 -1.7449 0.0274573 -0.999617 -0.00341875
-45.9577 68.1916 -0.653163 0.0291245 -0.999575 -0.000338776
-45.9743 68.1929 0.382977 0.0281889 -0.999601 0.00154942
-45.9788 68.193 1.44325 0.0259488 -0.999661 0.000187469
-45.9678 68.1946 2.58107 0.0239727 -0.999709 0.00265773
-45.9746 68.1956 3.6221 0.0261693 -0.999657 0.000876406
-45.9309 68.1945 4.77173 0.0265268 -0.999646 -0.00178253
-45.965 68.1935 5.91934 0.0259927 -0.999661 0.0011928
-45.871 68.1989 6.94223 0.0288136 -0.999581 0.0029247
-44.8148 68.2257 7.02402 0.0215335 -0.999766 0.00175445
-43.756 68.2407 7.03315 0.00884919 -0.999958 0.00192748
-42.7309 68.2489 7.0566 0.0065338 -0.999978 -0.00144868
-41.7009 68.2457 7.01989 -0.00986657 -0.99992 -0.0079323
-40.6729 68.2314 7.0167 -0.0156609 -0.999873 -0.00257466
-39.5072 68.207 7.02442 -0.0286141 -0.999588 0.00203133
-38.4778 68.1698 7.04819 -0.0420284 -0.999107 0.00436767
-37.4515 68.1196 7.03908 -0.0520461 -0.998643 -0.00174982
-36.4144 68.0573 7.01744 -0.0672814 -0.997722 -0.00438467
-35.3589 67.9842 7.00638 -0.071925 -0.997375 -0.00835094
-34.7323 67.9402 6.47869 -0.0864421 -0.996228 -0.00759533
-34.7309 67.9449 5.37843 -0.0868289 -0.996212 -0.00467435
-34.7281 67.95 4.34917 -0.0764724 -0.997048 -0.00601913
-34.7294 67.9557 3.27483 -0.0728462 -0.997336 -0.00311433
-34.7529 67.9563 2.23685 -0.0735068 -0.997256 0.00751619
-34.7545 67.9455 1.23615 -0.0773877 -0.99696 0.00877178
-34.7404 67.9412 0.166118 -0.0861064 -0.996282 0.0020014
-34.7389 67.9387 -0.8406 -0.0845571 -0.996395 0.00693474
-34.7434 67.934 -1.95948 -0.0792347 -0.996855 0.00107921
-34.7585 67.9424 -3.03563 -0.0810194 -0.996686 -0.00732761
-34.7377 67.9486 -4.14291 -0.0832064 -0.996532 -0.00108486
-34.7428 67.9457 -5.20831 -0.0779646 -0.996936 0.00610265
-34.7101 67.9414 -6.27378 -0.0759145 -0.997113 -0.00172454
-35.2745 67.9845 -7.0232 -0.0727624 -0.997349 -0.000298743
-36.3946 68.0589 -7.00973 -0.0625155 -0.998017 0.00690669
-37.5407 68.1266 -7.02613 -0.0504694 -0.998724 0.00169076
-38.5748 68.1717 -7.00557 -0.0387605 -0.999248 0.00118314
-39.665 68.2102 -7.01942 -0.0304555 -0.999531 -0.00256713
-40.7296 68.2306 -7.03118 -0.0137993 -0.999898 -0.00343766
-41.9088 68.2475 -7.02667 -0.014097 -0.999899 0.00190115
-43.075 68.2541 -7.02333 0.00226796 -0.999987 0.00454811
-44.1737 68.245 -7.01272 0.0107136 -0.999942 0.00123396
-45.3337 68.221 -7.02971 0.0247683 -0.999693 -0.000350859
-45.9721 68.2038 -6.35386 0.0276796 -0.999616 -0.00153724
-45.9604 68.2032 -5.31451 0.0289648 -0.999578 -0.00103374
-45.9645 68.2018 -4.27611 0.032521 -0.999468 -0.00252349
-45.9854 68.1996 -3.27496 0.0336349 -0.999427 -0.00363434
-45.9865 68.1978 -2.96132 0.0279494 -0.999591 -0.00603423
-44.3001 68.2364 -2.69116 0.016221 -0.999864 -0.00285315
-43.1266 68.2484 -2.69128 0.00518942 -0.999982 -0.00295559
-41.9901 68.2462 -2.69147 -0.0052465 -0.99997 -0.0056361
-40.8503 68.2364 -2.69166 -0.0185725 -0.999827 -0.000476716
-39.7481 68.2113 -2.69198 -0.0261277 -0.999649 0.00449113
-38.6027 68.1734 -2.6923 -0.042057 -0.999115 -6.02922e-06
-37.5671 68.1257 -2.69252 -0.0487666 -0.998807 -0.00236686
-36.4426 68.0662 -2.69272 -0.062385 -0.998051 -0.00163949
-36.3484 68.0567 -1.79515 -0.0644078 -0.997916 0.00379759
-37.46 68.1185 -1.79499 -0.0519482 -0.99865 -0.000332057
-38.5529 68.1727 -1.79484 -0.0417471 -0.999128 0.000589363
-39.6997 68.214 -1.79466 -0.0286379 -0.999585 0.00316181
-40.7483 68.2345 -1.79451 -0.0112919 -0.999936 0.000838818
-41.7991 68.2434 -1.79439 -0.00549379 -0.999982 0.00258725
-42.8007 68.2466 -1.79424 0.00297461 -0.999982 0.00529042
-43.9237 68.2384 -1.79417 0.0139126 -0.999899 -0.00296414
-44.2815 68.2328 -1.79414 0.0164286 -0.999861 -0.00274032
-44.2526 68.2316 -0.897046 0.0157518 -0.999876 -2.57879e-05
-43.1364 68.2467 -0.897136 0.01159 -0.999932 0.0012899
-42.0051 68.2474 -0.897179 -0.00447705 -0.999981 0.00416964
-40.9076 68.2369 -0.897251 -0.0129812 -0.999916 1.68222e-05
-39.9061 68.2182 -0.897304 -0.0247471 -0.999694 0.000554026
-38.8657 68.1866 -0.897386 -0.0352031 -0.99938 -0.00105021
-37.7872 68.1345 -0.897438 -0.0516652 -0.998651 -0.00511233
-36.7829 68.081 -0.897491 -0.0524039 -0.998624 -0.00172419
-36.3175 68.0548 -0.897515 -0.0569647 -0.998372 0.00298616
-36.3845 68.0578 8.31464e-05 -0.0576069 -0.998339 0.00106369
-37.5186 68.1183 3.73916e-05 -0.0531948 -0.998583 -0.00129397
-38.6554 68.1756 1.86391e-05 -0.0434703 -0.99904 -0.00550123
-39.8091 68.2151 1.65249e-05 -0.0262388 -0.999656 0.000247617
-40.8377 68.237 -1.22759e-05 -0.016004 -0.999869 0.0025632
-41.9326 68.2493 -2.87455e-05 -0.00767415 -0.999963 0.00378565
-42.9791 68.2491 -3.1873e-05 0.0085858 -0.999963 0.000345086
-44.0343 68.2368 -4.74963e-06 0.0154908 -0.999875 0.00329609
-44.2347 68.2334 2.60472e-06 0.0167695 -0.999855 0.00291763
-44.3043 68.2322 0.897085 0.0183963 -0.999825 -0.00334295
-43.1746 68.2488 0.89708 0.0106777 -0.999942 0.00135817
-42.1047 68.2524 0.89712 -0.00246444 -0.999997 -0.000255653
-40.9753 68.2425 0.89716 -0.0160594 -0.999865 0.00342239
-39.8282 68.2179 0.897302 -0.0251312 -0.999682 0.00194419
-38.7829 68.1818 0.897401 -0.041306 -0.999144 -0.00223986
-37.6923 68.1276 0.897507 -0.05313 -0.998582 0.00321587
-36.6148 68.0694 0.897625 -0.0523759 -0.998627 0.000479929
-36.3037 68.0531 0.897655 -0.0556015 -0.998452 0.00151191
-36.3655 68.0587 1.79523 -0.0570547 -0.998369 0.0018833
-37.6 68.126 1.795 -0.0529622 -0.99858 0.00572238
-38.7369 68.1804 1.79482 -0.0382894 -0.999266 -0.00142781
-39.7546 68.2144 1.79461 -0.0279572 -0.999606 -0.00241776
-40.806 68.2405 1.79443 -0.0221426 -0.999755 0.000657422
-41.8447 68.2527 1.7943 -0.00503289 -0.999987 0.000239006
-42.8981 68.2508 1.79423 0.00669146 -0.999978 8.34655e-05
-43.9042 68.239 1.79417 0.0170631 -0.999854 0.000576739
-44.4189 68.2286 1.79416 0.0204205 -0.999791 0.000351551
-44.3344 68.2318 2.69119 0.0216177 -0.999764 0.00218411
-43.249 68.2496 2.69127 0.0099616 -0.999946 0.00292156
-42.2403 68.254 2.69139 -0.000346297 -0.999999 -0.0014016
-41.1716 68.2464 2.6916 -0.0128296 -0.999915 0.00236307
-40.1559 68.2246 2.69188 -0.0240948 -0.99971 0.000267645
-38.9824 68.188 2.69217 -0.0336052 -0.999435 -0.00093135
-37.8757 68.1436 2.69242 -0.0476517 -0.998864 -0.000805167
-36.8587 68.0912 2.69265 -0.056965 -0.998362 0.00537505
-36.2923 68.0577 2.69273 -0.0600553 -0.998186 0.00431873
-36.4176 68.0663 3.59029 -0.0611052 -0.998129 -0.00208989
-37.6087 68.1345 3.58999 -0.0470972 -0.998887 0.00257518
-38.754 68.1787 3.58961 -0.038818 -0.999246 0.000106085
-39.8157 68.2158 3.58923 -0.0286015 -0.999586 -0.00319011
-40.9817 68.2424 3.58887 -0.0195781 -0.999808 0.000671783
-42.0538 68.2554 3.58857 -0.000448894 -0.999998 -0.00199631
-43.1098 68.2528 3.58836 0.00508914 -0.999986 0.00138087
-44.2002 68.237 3.58819 0.0206442 -0.999784 0.00241318
-44.4215 68.2324 3.58818 0.0208065 -0.99978 0.00246396
-44.3538 68.2348 4.48516 0.0209093 -0.999781 -0.00107008
-43.3161 68.2527 4.48534 0.0124177 -0.99992 0.00238706
-42.2452 68.2568 4.48556 0.000504366 -1 0.000674545
-41.1475 68.2463 4.48596 -0.0152215 -0.99988 0.00304298
-39.9762 68.2208 4.48647 -0.028046 -0.999606 -0.000815922
-38.8227 68.1811 4.48704 -0.037519 -0.999296 0.000897832
-37.6771 68.1363 4.4876 -0.043023 -0.999072 0.00203634
-36.6292 68.0795 4.48796 -0.0623749 -0.998051 -0.00170162
-36.4204 68.0665 4.48801 -0.0643225 -0.997929 -0.0011079
-36.3625 68.0607 5.38595 -0.0651282 -0.997871 -0.00349237
-37.5475 68.13 5.38535 -0.049991 -0.998744 -0.00324514
-38.5904 68.1726 5.38467 -0.0348772 -0.999392 0.000300078
-39.605 68.2089 5.38392 -0.0357567 -0.99936 -0.000775336
-40.7126 68.2401 5.38323 -0.0198367 -0.999795 -0.00412319
-41.8049 68.2542 5.38275 -0.00687483 -0.999973 -0.00277037
-42.8135 68.2542 5.38239 0.00643946 -0.999977 -0.002296
-43.8813 68.2416 5.38215 0.0158326 -0.999863 -0.00476754
-44.2094 68.2354 5.3821 0.0176521 -0.999843 -0.0014343
-44.2232 68.2407 -3.58816 0.0169466 -0.999853 -0.00264752
-43.0951 68.2537 -3.5883 0.00526867 -0.999966 -0.00628807
-42.0864 68.2509 -3.58853 -0.00626357 -0.999977 -0.00255123
-41.0559 68.2402 -3.58882 -0.0199751 -0.999799 0.00174044
-39.8931 68.2135 -3.58924 -0.0247272 -0.999694 -0.000239521
-38.7664 68.1794 -3.58967 -0.0369512 -0.999297 -0.00635808
-37.6882 68.1334 -3.59004 -0.048836 -0.998804 -0.00228728
-36.6244 68.0792 -3.59036 -0.0544024 -0.998515 -0.00276266
-36.3183 68.0619 -3.59045 -0.0587606 -0.998271 0.00113068
-36.3173 68.0617 -4.48822 -0.0580708 -0.998311 0.00145498
-37.4063 68.1203 -4.48777 -0.0492717 -0.998785 -0.000956593
-38.4807 68.1683 -4.48722 -0.0410617 -0.999157 0.000128645
-39.5643 68.2066 -4.48659 -0.0266868 -0.99964 -0.00262375
-40.7655 68.2334 -4.48607 -0.0209053 -0.999781 0.000295099
-41.8336 68.2487 -4.48567 -0.012923 -0.999911 0.0032307
-42.8427 68.2559 -4.48539 -0.00377939 -0.999987 -0.00351134
-44.0253 68.2455 -4.48516 0.016296 -0.999867 -0.000649107
-44.257 68.2416 -4.48513 0.0169127 -0.999857 -0.000829028
-44.2929 68.2419 -5.38205 0.017293 -0.999849 -0.00149723
-43.2361 68.2565 -5.38223 0.00357429 -0.999981 -0.00501151
-42.2097 68.2499 -5.38255 -0.00926784 -0.999957 0.00022037
-41.2064 68.2364 -5.38293 -0.0141786 -0.999895 0.00308596
-39.9788 68.2161 -5.38357 -0.0226553 -0.999742 -0.00163974
-38.9412 68.1861 -5.38436 -0.0369724 -0.999316 0.000620434
-37.9304 68.1448 -5.38507 -0.0454681 -0.998966 -3.31773e-05
-36.9054 68.094 -5.38571 -0.056243 -0.998417 0.000442778
-36.5647 68.0748 -5.38589 -0.0590688 -0.998253 0.00156165
-36.5353 68.073 -5.3859 -0.0620211 -0.998074 0.00119601
