-44.4546 69.4433 -0.238572 0.0151625 -0.99988 -0.00287397
-44.4246 69.4422 0.773604 0.0188963 -0.999821 0.000158896
-44.3941 69.4428 1.87154 0.0146472 -0.999892 -0.00118099
-44.4002 69.4421 2.90819 0.0151687 -0.999884 -0.00141813
-44.4429 69.442 3.91567 0.0150917 -0.999886 0.000452597
-44.4504 69.4432 5.0604 0.0138393 -0.999904 0.00075469
-44.0875 69.4494 5.94098 0.0146395 -0.999891 0.00189454
-43.0565 69.4599 5.95957 0.00396257 -0.99999 -0.00218724
-41.9955 69.4597 5.9427 -0.00538285 -0.999985 -0.000604432
-40.8895 69.4448 5.96585 -0.0259524 -0.999636 -0.00526771
-39.6858 69.3985 5.94167 -0.0420062 -0.999116 -0.00170574
-38.6136 69.3513 5.92765 -0.0467929 -0.998904 0.00113201
-37.4046 69.2801 5.97411 -0.0672539 -0.997732 0.00167659
-36.4066 69.2087 5.95456 -0.0762789 -0.997085 0.000233763
-35.4044 69.122 5.91995 -0.0966234 -0.995315 0.00329838
-35.2084 69.1035 4.98586 -0.0974201 -0.99523 -0.00517808
-35.1833 69.1074 3.96074 -0.0902951 -0.995892 -0.00678091
-35.1837 69.1102 2.75548 -0.0940295 -0.995513 0.0106241
-35.2045 69.1005 1.62302 -0.0910589 -0.9958 0.00881397
-35.1891 69.0979 0.587481 -0.0938527 -0.995582 -0.00252923
-35.1807 69.0996 -0.465675 -0.0821105 -0.996622 0.00115212
-35.1881 69.0991 -1.48524 -0.0881922 -0.996096 -0.00236955
-35.2116 69.1089 -2.55972 -0.0870585 -0.996136 -0.0111793
-35.2074 69.1176 -3.70584 -0.0949145 -0.995451 -0.00831467
-35.2263 69.1191 -4.82597 -0.10155 -0.994825 -0.00331592
-35.3501 69.1243 -5.93904 -0.0869108 -0.996161 0.0103736
-36.4024 69.2109 -5.96292 -0.0767403 -0.99704 0.00477341
-37.4563 69.2857 -5.96345 -0.0629221 -0.998014 0.00272592
-38.5219 69.3449 -5.93231 -0.0481448 -0.99884 -0.000441313
-39.5749 69.3966 -5.93068 -0.0417395 -0.999102 0.00251101
-40.5811 69.4285 -5.95138 -0.026091 -0.999652 -0.000639211
-41.6564 69.4472 -5.94762 -0.0108477 -0.99994 0.00145806
-42.6674 69.4564 -5.96581 -0.0067806 -0.999977 -0.000701269
-43.7249 69.4586 -5.95282 0.00688189 -0.999974 -0.0021806
-44.3922 69.4509 -5.4402 0.0155741 -0.999877 0.00187152
-44.3997 69.4522 -4.42325 0.0177871 -0.999841 0.00106086
-44.4032 69.451 -3.32771 0.0174994 -0.999847 0.000105003
-44.4118 69.449 -2.26512 0.0147731 -0.999886 -0.00318881
-44.4248 69.446 -1.13213 0.0114149 -0.999934 -0.00113993
-44.4543 69.444 -0.444528 0.0141853 -0.999893 -0.0034866
-45.4735 69.4232 -0.415727 0.0226151 -0.999733 -0.00451682
-45.4592 69.4212 0.603324 0.021578 -0.999767 -0.000451319
-45.4458 69.4234 1.75331 0.0210735 -0.999778 0.000584391
-45.4364 69.4231 2.75805 0.019049 -0.999818 -0.000374315
-45.4677 69.4234 3.81405 0.0187392 -0.999823 0.00135972
-45.478 69.4252 4.95746 0.0202034 -0.999794 0.00196793
-45.4531 69.4266 6.09883 0.0194849 -0.99981 -0.000431399
-45.0281 69.4355 7.01031 0.0203383 -0.999793 0.000437979
-43.8566 69.4533 7.01136 0.00986492 -0.999951 0.000943579
-42.809 69.4596 6.99733 0.00316538 -0.999992 -0.00225168
-41.6469 69.4554 6.98144 -0.0128885 -0.999902 -0.00404868
-40.5579 69.4293 7.00363 -0.0336592 -0.999394 -0.00885567
-39.394 69.3846 6.98703 -0.0405122 -0.999179 -0.000483527
-38.3371 69.3385 6.9806 -0.0527694 -0.998606 -0.000363047
-37.3231 69.2768 7.01991 -0.0670526 -0.997744 0.00339111
-36.2942 69.203 6.98526 -0.0815823 -0.996658 0.00106445
-35.1983 69.1057 7.00418 -0.0915568 -0.995799 5.51651e-05
-34.1933 69.0076 6.84355 -0.104023 -0.994524 0.0101055
-34.1893 69.0015 5.79938 -0.0982265 -0.995157 0.00364255
-34.1729 69.0024 4.71126 -0.0995831 -0.99501 -0.0061989
-34.1677 69.0086 3.61425 -0.104917 -0.994468 -0.00503999
-34.1431 69.0071 2.58076 -0.106578 -0.994295 0.00424397
-34.1622 69.0009 1.48133 -0.0981706 -0.995109 0.0108009
-34.1564 68.9985 0.368904 -0.104396 -0.994533 -0.00244298
-34.1472 68.999 -0.704033 -0.103468 -0.994629 0.00261181
-34.1678 69.0021 -1.91578 -0.111865 -0.993722 -0.00177992
-34.1556 69.0042 -2.98821 -0.114783 -0.99339 0.000414062
-34.1636 69.0047 -4.09537 -0.114312 -0.993444 -0.00102772
-34.178 69.0124 -5.19929 -0.109056 -0.99401 -0.00711658
-34.1578 69.0113 -6.33587 -0.0982401 -0.995147 0.00255207
-34.7436 69.0637 -7.00896 -0.0899183 -0.995948 0.000541866
-35.8281 69.1564 -7.00801 -0.0853007 -0.996337 0.00591752
-37.0282 69.2512 -6.99705 -0.073213 -0.997304 0.0046139
-38.0271 69.316 -6.99597 -0.0618157 -0.998084 0.00256948
-39.181 69.3764 -6.98658 -0.0446154 -0.998985 0.00511095
-40.2669 69.4164 -6.99751 -0.0310456 -0.999501 0.00544862
-41.3458 69.4417 -6.99709 -0.0166641 -0.999861 0.000870511
-42.3673 69.4553 -7.02969 -0.0112703 -0.999936 -0.000619161
-43.374 69.4603 -6.996 0.000213561 -0.999992 0.00217864
-44.5444 69.4498 -7.01854 0.0163115 -0.999866 -0.00166537
-45.434 69.4329 -6.77557 0.0192862 -0.999811 -0.00240129
-45.4449 69.4321 -5.72596 0.0174093 -0.999848 0.000503609
-45.439 69.4328 -4.72251 0.0186331 -0.999826 0.000216815
-45.45 69.4317 -3.5207 0.0196442 -0.999805 -0.00205378
-45.4438 69.4305 -2.32247 0.0205916 -0.999788 -0.000334821
-45.4549 69.4282 -1.30454 0.0211234 -0.999766 -0.0046291
-45.47 69.4241 -0.561294 0.023145 -0.999715 -0.00584445
-43.8668 69.4524 -0.89732 0.0114138 -0.999935 0.00040812
-42.8307 69.4592 -0.897435 0.00183932 -0.999998 0.000810429
-41.6013 69.4483 -0.897497 -0.0159868 -0.999872 -0.00094521
-40.5608 69.4266 -0.897641 -0.0257422 -0.999667 0.00182413
-39.5317 69.3934 -0.897716 -0.0414379 -0.999136 0.00329929
-38.4477 69.3415 -0.897847 -0.0574573 -0.998347 -0.00127516
-37.364 69.2764 -0.897936 -0.0681427 -0.997665 -0.00457098
-36.2921 69.1925 -0.897959 -0.0859954 -0.996293 -0.0021422
-35.7286 69.1447 -0.897953 -0.0829484 -0.996554 -2.75112e-05
-35.7935 69.152 -1.79648 -0.0832955 -0.996499 -0.00722342
-36.8112 69.2368 -1.79625 -0.0781692 -0.996936 -0.00291292
-37.8434 69.3071 -1.79599 -0.0632585 -0.997997 0.000688138
-38.8679 69.3611 -1.7957 -0.0492524 -0.998776 0.00465544
-39.9098 69.4065 -1.79532 -0.041069 -0.999154 0.00192594
-40.938 69.4363 -1.79505 -0.0199351 -0.999801 -0.00119887
-42.0694 69.4552 -1.79478 -0.0137966 -0.999904 0.00147152
-43.2712 69.4589 -1.79455 0.00754511 -0.999971 -0.000728392
-43.8165 69.4543 -1.79453 0.00907922 -0.999957 -0.00193099
-43.7019 69.4578 -2.69172 0.00889165 -0.99996 -0.00108349
-42.6399 69.4589 -2.69197 -0.00559396 -0.999984 0.00101024
-41.6249 69.4479 -2.69238 -0.0163689 -0.999861 0.00309785
-40.6132 69.4275 -2.69275 -0.0289923 -0.999578 0.00163543
-39.468 69.3854 -2.69327 -0.0475502 -0.998869 0.000706465
-38.302 69.3318 -2.69386 -0.0513104 -0.998682 0.000945901
-37.2186 69.2649 -2.69438 -0.0668517 -0.997762 -0.000935157
-36.0317 69.1793 -2.69493 -0.0779244 -0.996913 -0.00963981
-35.7596 69.1572 -2.69503 -0.0808772 -0.996662 -0.0111222
-35.7302 69.1623 -3.59357 -0.079681 -0.996813 -0.00372729
-36.8987 69.2453 -3.59287 -0.0677673 -0.997701 0.000681423
-38.0512 69.3174 -3.59198 -0.0553957 -0.998463 -0.00187751
-39.0614 69.3684 -3.5912 -0.04296 -0.999077 -0.0001705
-40.0652 69.408 -3.59053 -0.0312646 -0.999511 0.000188493
-41.1336 69.4365 -3.58995 -0.0251167 -0.999682 0.00204865
-42.1949 69.4547 -3.58941 -0.00903302 -0.999956 0.0025208
-43.3458 69.4601 -3.58896 -0.00108642 -0.999999 -0.0002532
-43.8097 69.46 -3.58886 0.0138605 -0.999903 0.00118395
-43.8083 69.4601 -4.48586 0.00723443 -0.999973 -0.00158739
-42.7057 69.4574 -4.48627 -0.00743147 -0.999972 0.000922133
-41.6106 69.4468 -4.48692 -0.0146288 -0.999892 0.00153844
-40.4475 69.4191 -4.48772 -0.0282313 -0.999592 -0.00423287
-39.3068 69.3806 -4.48877 -0.0427039 -0.999085 -0.00246915
-38.0844 69.321 -4.49006 -0.0530069 -0.99859 -0.00302204
-37.0465 69.2561 -4.49109 -0.0673099 -0.99773 -0.00226321
-36.0179 69.1855 -4.492 -0.0723139 -0.997375 0.00363986
-35.8025 69.1698 -4.49216 -0.0827039 -0.996574 5.22955e-05
-35.9188 69.1767 -5.39079 -0.0771984 -0.997009 0.00353261
-37.1255 69.2648 -5.3893 -0.0681188 -0.997677 -0.000377427
-38.1466 69.3262 -5.38809 -0.0536385 -0.99856 -0.00132565
-39.2657 69.3813 -5.38644 -0.0479724 -0.998847 -0.00177722
-40.3696 69.4204 -5.38515 -0.0272276 -0.999624 -0.00338228
-41.4615 69.445 -5.3841 -0.0153284 -0.999882 -0.000788503
-42.5579 69.4554 -5.38334 -0.00746448 -0.999972 0.000209732
-43.6629 69.4598 -5.38279 0.00459355 -0.999988 -0.0018652
-43.7658 69.4536 -1.94884e-05 0.0107709 -0.999942 -0.000300652
-42.5824 69.4583 -2.29187e-05 -0.0033183 -0.99999 -0.00286636
-41.5196 69.4475 3.64057e-05 -0.0153739 -0.999882 -0.000172212
-40.5178 69.4254 5.67187e-05 -0.0267582 -0.99964 -0.00202876
-39.4732 69.3908 2.77008e-05 -0.0389802 -0.99924 -0.000282632
-38.4367 69.3389 9.76309e-05 -0.0574942 -0.998346 -0.000818739
-37.3626 69.2728 0.000167131 -0.0640972 -0.997933 -0.00459752
-36.1978 69.1869 0.000234782 -0.0792702 -0.996845 0.00408763
-35.9028 69.162 0.000239694 -0.0874459 -0.996166 0.00263679
-35.7437 69.1502 0.898604 -0.0927227 -0.995684 0.00395265
-36.801 69.2375 0.898373 -0.0682916 -0.997663 0.00237525
-37.8821 69.3068 0.898142 -0.0614126 -0.998109 0.00270764
-39.0453 69.3721 0.897902 -0.0457794 -0.998951 0.000432911
-40.1666 69.4153 0.897705 -0.0333679 -0.999443 -0.000989219
-41.2675 69.4422 0.897529 -0.0168365 -0.999857 -0.00152151
-42.2823 69.4555 0.897397 -0.00494298 -0.999988 0.000425178
-43.3036 69.456 0.897319 0.00525593 -0.999985 0.0011824
-43.7775 69.4517 0.897243 0.0109157 -0.99994 0.000529853
-43.7999 69.4514 1.79446 0.00908348 -0.999956 -0.00230142
-42.7284 69.4567 1.79462 0.00315019 -0.999994 -0.00125468
-41.6404 69.4483 1.79491 -0.0134262 -0.999908 0.00167319
-40.5935 69.4287 1.79515 -0.0255735 -0.999673 -0.000118102
-39.5575 69.3963 1.79551 -0.0389045 -0.999236 0.00379978
-38.5579 69.3491 1.79587 -0.0559781 -0.998412 0.00633358
-37.3225 69.2725 1.79638 -0.0676877 -0.997706 0.00123842
-36.1961 69.1889 1.79685 -0.080982 -0.996715 -0.00139229
-35.7474 69.1513 1.79697 -0.0861635 -0.996272 0.00424669
-35.9004 69.1676 2.69534 -0.0723895 -0.997376 0.000321117
-37.071 69.2548 2.69464 -0.0751957 -0.997169 -0.000504928
-38.1865 69.3301 2.69396 -0.058287 -0.998288 0.00488486
-39.2733 69.3873 2.69334 -0.0457724 -0.99895 -0.00205562
-40.3923 69.425 2.69276 -0.0266308 -0.999645 0.000243814
-41.4539 69.4487 2.69228 -0.0180743 -0.999828 0.00410797
-42.5308 69.4575 2.69199 -0.0027916 -0.999995 0.00148688
-43.5707 69.4522 2.69173 0.00769885 -0.99997 -0.000736687
-43.8263 69.4499 2.69168 0.0091082 -0.999957 -0.00157859
-43.8614 69.4501 3.58876 0.0111659 -0.999935 0.00214309
-42.8258 69.46 3.58908 0.00747283 -0.999958 0.00528989
-41.7978 69.4568 3.58941 -0.00952424 -0.999954 0.00112206
-40.7185 69.4352 3.59002 -0.0264684 -0.999643 0.00366703
-39.6753 69.4015 3.59076 -0.0352179 -0.999378 0.00170936
-38.5388 69.3494 3.59165 -0.052502 -0.998619 -0.00176276
-37.5135 69.2904 3.5925 -0.0756138 -0.997133 0.00288533
-36.3233 69.2002 3.59342 -0.0732266 -0.997315 0.000732356
-35.6973 69.1538 3.59378 -0.0796013 -0.996821 0.00344395
-35.7318 69.1537 4.4923 -0.0838655 -0.996471 -0.00339437
-36.8003 69.2391 4.49133 -0.0768546 -0.997042 -0.000704983
-37.9947 69.3201 4.49012 -0.0589861 -0.998259 0.000193031
-39.0075 69.3711 4.48912 -0.0467499 -0.998907 -0.000484817
-40.0692 69.4155 4.48805 -0.0378642 -0.99928 0.00222863
-41.0833 69.4468 4.48713 -0.024414 -0.999684 0.00605083
-42.1045 69.462 4.48645 -0.00496443 -0.999986 -0.00165103
-43.112 69.4599 4.48603 0.00841212 -0.999964 0.00133355
-43.8105 69.4521 4.4858 0.0146182 -0.999893 0.000208702
-43.5972 69.455 5.38275 0.0116774 -0.999932 0.000743326
-42.5869 69.4615 5.38323 0.000422706 -1 0.000314413
-41.5322 69.4566 5.38403 -0.0158648 -0.999873 0.00156385
-40.4799 69.4311 5.38509 -0.0330903 -0.999444 0.00412633
-39.3694 69.386 5.38645 -0.0422043 -0.999108 -0.00143131
-38.3049 69.3361 5.38776 -0.0552332 -0.998469 -0.00290698
-37.2373 69.2691 5.38917 -0.0659741 -0.997821 -0.00123121
-36.1991 69.1921 5.39048 -0.0831632 -0.996536 0.000807046
-36.0419 69.179 5.39065 -0.0830415 -0.996546 0.00091687
