19.2607 70.7763 -2.09581 0.0944535 -0.995523 0.00327616
19.2871 70.7859 -1.06905 0.0924252 -0.995574 0.016363
19.3145 70.7928 -0.0663125 0.121393 -0.992579 -0.00674803
19.3084 70.7879 1.00917 0.0876545 -0.996148 -0.00234943
19.3073 70.7693 2.07416 0.113116 -0.993472 -0.0147649
19.3167 70.777 3.20187 0.0918553 -0.995771 0.0015665
19.3474 70.7787 4.29239 0.0834641 -0.996456 -0.00939135
19.3296 70.7649 5.30104 0.0952562 -0.995437 -0.00557581
19.8433 70.8158 6.092 0.100023 -0.994976 0.00427601
20.9541 70.9104 6.10914 0.0558091 -0.998435 0.00361403
21.9981 70.9438 6.08713 0.00390286 -0.999926 -0.00684111
23.1322 70.9216 6.10461 -0.0397608 -0.9992 -0.00427484
24.2723 70.8682 6.08646 -0.0620775 -0.998071 0.000191058
25.274 70.7914 6.11552 -0.110554 -0.99387 -0.000954277
26.4815 70.6335 6.1351 -0.14734 -0.989042 -0.00931411
27.5184 70.4566 6.09914 -0.189867 -0.981809 -0.000970039
28.6537 70.2219 6.10717 -0.219887 -0.975523 0.00160987
29.756 69.9495 6.11055 -0.248829 -0.968544 -0.00254644
30.7215 69.6802 6.0935 -0.280773 -0.959752 -0.00641217
31.7167 69.379 6.09249 -0.293854 -0.955825 -0.00687183
32.7406 69.066 6.09461 -0.297265 -0.954788 -0.00287119
33.6015 68.7907 5.77155 -0.320847 -0.947108 -0.00302606
33.6063 68.7912 4.67596 -0.316052 -0.94874 0.00160528
33.6246 68.789 3.65355 -0.310404 -0.950603 -0.00174913
33.5937 68.8112 2.53119 -0.319227 -0.947556 -0.0145483
33.6751 68.779 1.43088 -0.327698 -0.944723 0.00877034
33.6529 68.7968 0.332188 -0.333893 -0.942325 -0.0232076
33.6632 68.8093 -0.69566 -0.325915 -0.945344 0.00402597
33.6536 68.7993 -1.69685 -0.320267 -0.947265 0.0102852
33.6582 68.7919 -2.70891 -0.316109 -0.948718 0.00306174
33.6463 68.7956 -3.7208 -0.317391 -0.948252 -0.00901994
33.6555 68.8034 -4.74272 -0.316452 -0.94859 -0.0059271
33.6117 68.8171 -5.81194 -0.319375 -0.947612 0.00551537
32.7109 69.1095 -6.10566 -0.306378 -0.951905 0.00291294
31.6501 69.4446 -6.12142 -0.288004 -0.957628 0.000679126
30.621 69.7403 -6.10924 -0.261683 -0.965125 0.00525648
29.4654 70.0414 -6.09373 -0.246853 -0.969019 -0.00495336
28.4042 70.2883 -6.10583 -0.21002 -0.977696 -0.00138834
27.3136 70.5 -6.15441 -0.17831 -0.983972 6.64013e-05
26.3103 70.6574 -6.09791 -0.136871 -0.990589 0.000443182
25.2488 70.7844 -6.12841 -0.0996633 -0.994889 0.0161924
24.2048 70.8743 -6.12187 -0.0666135 -0.997753 -0.00144703
23.101 70.9214 -6.1088 -0.0156498 -0.999846 0.00790055
22.095 70.9193 -6.12008 0.0117157 -0.999919 -0.00495983
20.8805 70.8861 -6.08704 0.0524765 -0.998435 0.0099657
19.7813 70.81 -6.10406 0.0721746 -0.997334 -0.0107983
19.3248 70.7694 -5.36651 0.0816943 -0.996608 -0.00992996
19.3489 70.7697 -4.33546 0.0906777 -0.995857 0.00657269
19.3036 70.7745 -3.24279 0.0930495 -0.995625 0.00847625
19.2613 70.7762 -2.14213 0.0941276 -0.995549 0.00463924
18.3326 70.6688 -2.09047 0.15064 -0.988522 -0.0114858
18.3438 70.6652 -1.08143 0.171051 -0.985259 -0.00254215
18.3729 70.663 -0.0295941 0.150855 -0.988556 0.000648542
18.383 70.6591 0.974965 0.153001 -0.988122 -0.0142273
18.3637 70.6473 2.01908 0.135396 -0.990791 -0.000752325
18.3632 70.6633 3.07577 0.127846 -0.991647 0.016996
18.4001 70.6721 4.12184 0.118824 -0.992837 -0.0124734
18.3718 70.6464 5.12985 0.135508 -0.990184 -0.0342517
18.404 70.643 6.1494 0.171179 -0.98502 0.0195797
18.6412 70.6904 7.0534 0.121473 -0.992453 0.0167632
19.6605 70.7987 7.05133 0.100818 -0.994902 -0.00255001
20.7455 70.896 7.04984 0.0613936 -0.998114 0.000282931
21.7522 70.9314 7.03291 0.0108334 -0.999802 -0.0166627
22.7752 70.928 7.04869 -0.025509 -0.999614 -0.0110067
23.8854 70.888 7.0334 -0.0532754 -0.998576 -0.00263197
24.8913 70.8175 7.05413 -0.0823524 -0.996553 -0.0100334
25.926 70.7098 7.06547 -0.116924 -0.993119 -0.000776591
26.9176 70.5589 7.05759 -0.167368 -0.985866 -0.00750787
28.0709 70.3401 7.04356 -0.191298 -0.98145 -0.0126689
29.0895 70.1112 7.05622 -0.240756 -0.970295 -0.0237558
30.0696 69.8579 7.05972 -0.261203 -0.965186 -0.0137435
31.0305 69.5803 7.0554 -0.287792 -0.95763 -0.0110131
32.113 69.2539 7.05975 -0.28804 -0.957612 -0.00336988
33.0859 68.9517 7.06306 -0.308291 -0.951254 -0.00840393
34.1985 68.5731 7.0445 -0.335256 -0.942117 -0.00238832
34.5236 68.4615 6.04595 -0.339941 -0.940437 -0.00437606
34.5016 68.4761 4.9405 -0.341073 -0.939996 -0.00852384
34.5155 68.4819 3.78408 -0.338056 -0.941075 -0.00830834
34.4782 68.5018 2.6803 -0.342207 -0.939548 -0.0119723
34.5635 68.4664 1.55474 -0.346505 -0.937906 0.0163286
34.5534 68.4746 0.459974 -0.332239 -0.943037 -0.0170861
34.55 68.4897 -0.583256 -0.348139 -0.937373 -0.0114597
34.5448 68.4948 -1.5941 -0.329676 -0.944091 -0.0024764
34.5584 68.4916 -2.69651 -0.31692 -0.948451 -0.000622958
34.548 68.4957 -3.70029 -0.315385 -0.948955 -0.00326926
34.5703 68.4872 -4.72796 -0.351479 -0.93614 0.00886852
34.542 68.4928 -5.74715 -0.343797 -0.939044 -0.000654706
34.4725 68.5108 -6.88658 -0.329593 -0.944104 0.00253118
33.5272 68.8313 -7.06216 -0.322941 -0.946334 0.0126917
32.5061 69.1741 -7.04209 -0.305129 -0.952306 -0.000969103
31.4307 69.5047 -7.07517 -0.279793 -0.96006 0.000488165
30.4171 69.7886 -7.06205 -0.260604 -0.96539 0.0104005
29.4406 70.0463 -7.05723 -0.247976 -0.968742 0.00515569
28.44 70.2761 -7.06199 -0.205882 -0.978577 -0.000289936
27.3502 70.4812 -7.10361 -0.178229 -0.983726 0.0227353
26.3543 70.6453 -7.04277 -0.14197 -0.989816 -0.0103957
25.1743 70.7842 -7.07485 -0.09955 -0.994926 0.0145671
24.0141 70.8819 -7.05239 -0.0586659 -0.998189 0.0133184
22.9263 70.9186 -7.04815 -0.0197483 -0.999732 0.0108613
21.8118 70.9176 -7.05995 0.0260785 -0.999659 -0.00114387
20.7003 70.8701 -7.04667 0.0533886 -0.998562 0.00488226
19.688 70.8054 -7.06747 0.0713935 -0.997443 -0.000249915
18.6385 70.7031 -7.02873 0.112228 -0.993623 0.0100419
18.3775 70.6822 -6.10256 0.118995 -0.992831 0.0112462
18.3408 70.672 -5.07457 0.110821 -0.9938 -0.00894972
18.3794 70.6726 -4.03787 0.111501 -0.993764 -0.000521046
18.337 70.6705 -2.86666 0.132284 -0.991173 -0.00876119
18.327 70.6705 -2.3127 0.15064 -0.988522 -0.0114863
19.8695 70.8301 -1.80121 0.0806809 -0.996724 0.00569693
21.0022 70.9041 -1.8024 0.0436504 -0.999045 0.00176358
22.0869 70.9371 -1.80254 0.0169658 -0.999759 0.0139002
23.0896 70.9408 -1.80465 -0.0257427 -0.999661 -0.00396855
24.1015 70.9018 -1.80685 -0.0732617 -0.997312 -0.000987975
25.1565 70.8114 -1.81101 -0.109723 -0.993958 -0.00275728
26.1811 70.6866 -1.81512 -0.135386 -0.990756 -0.00857432
27.3132 70.5107 -1.81905 -0.169616 -0.98551 -0.00113839
28.3116 70.3103 -1.82409 -0.205728 -0.978605 -0.00294096
29.3479 70.0741 -1.82906 -0.241832 -0.970313 -0.00325103
30.3246 69.8182 -1.83372 -0.26289 -0.9648 -0.00708493
31.3563 69.522 -1.83823 -0.284275 -0.958743 0.000177426
32.3779 69.2135 -1.84268 -0.29524 -0.955402 0.00627382
33.1054 68.9819 -1.84606 -0.315275 -0.948922 0.0121583
33.1396 68.9648 -2.76578 -0.31795 -0.948103 0.00292761
32.1738 69.2792 -2.76125 -0.300997 -0.953612 -0.00500814
31.1699 69.584 -2.75532 -0.281958 -0.9594 -0.00720534
30.1332 69.8792 -2.74799 -0.265002 -0.964247 -0.000825805
29.0751 70.1405 -2.74091 -0.229329 -0.973349 -0.000298877
27.9213 70.3977 -2.73268 -0.215124 -0.976584 -0.00239387
26.8612 70.5956 -2.7243 -0.162615 -0.986573 -0.0151793
25.7187 70.7494 -2.71813 -0.122769 -0.992435 -9.71531e-05
24.7219 70.8561 -2.71267 -0.0911932 -0.995821 0.00495665
23.6234 70.9286 -2.70764 -0.0506488 -0.998705 -0.00484434
22.5051 70.9452 -2.70456 0.00901485 -0.999956 -0.00242363
21.4028 70.9218 -2.70126 0.029292 -0.999571 -0.000191833
20.3986 70.8725 -2.69998 0.0767946 -0.997005 0.00914109
19.913 70.8313 -2.69956 0.0847731 -0.996399 0.00143938
19.921 70.8271 -3.59697 0.0878805 -0.996103 0.00751836
20.9549 70.9051 -3.59819 0.0393369 -0.999222 -0.0028663
22.1027 70.9419 -3.60227 0.0204376 -0.999791 -0.000786442
23.1578 70.9455 -3.60691 -0.0223902 -0.999708 -0.00914005
24.1821 70.8948 -3.61239 -0.0671452 -0.997599 0.0169793
25.1923 70.8073 -3.61923 -0.0979925 -0.995155 0.00801605
26.3995 70.6548 -3.62811 -0.138487 -0.990334 0.00779047
27.4343 70.4867 -3.6381 -0.176277 -0.984137 0.0199955
28.5792 70.2548 -3.64925 -0.218526 -0.975829 -0.00195463
29.6542 70.0023 -3.65867 -0.229375 -0.973333 0.00309883
30.6575 69.7432 -3.66781 -0.263981 -0.964528 0.000865588
31.6763 69.4431 -3.67714 -0.285719 -0.958285 -0.00740638
32.6569 69.127 -3.68389 -0.318432 -0.947945 -0.000991661
33.1105 68.9743 -3.68615 -0.316782 -0.948451 -0.00952295
33.1965 68.9539 -4.61061 -0.309681 -0.950798 -0.00899282
32.2276 69.271 -4.60255 -0.308343 -0.95125 0.00687899
31.1893 69.5902 -4.59268 -0.279069 -0.960268 0.00226203
30.2163 69.8555 -4.58131 -0.247363 -0.968821 0.0140595
29.0882 70.1325 -4.56636 -0.233872 -0.972263 0.00290813
27.9975 70.3773 -4.55272 -0.197826 -0.980225 -0.00494674
26.8369 70.5857 -4.53937 -0.162006 -0.986788 0.00186318
25.8238 70.7298 -4.52803 -0.124491 -0.992126 0.0137021
24.8207 70.8354 -4.51833 -0.094203 -0.99555 0.00228796
23.7017 70.9145 -4.5095 -0.0482633 -0.998776 0.0108117
22.6616 70.9428 -4.5033 0.00316934 -0.999942 0.0103177
21.597 70.9278 -4.49872 0.0209161 -0.999777 -0.00277978
20.5937 70.8752 -4.4952 0.0757966 -0.997123 0.000469562
19.8258 70.8125 -4.49393 0.0876441 -0.996137 0.00540658
19.8965 70.8147 -5.38981 0.0738198 -0.99724 -0.00799506
20.9905 70.8965 -5.39237 0.0628999 -0.99802 -6.4841e-05
22.1321 70.9252 -5.39772 0.00279171 -0.999843 0.0175245
23.2975 70.9203 -5.40451 -0.0163573 -0.999729 0.0165921
24.34 70.8688 -5.41366 -0.0688807 -0.997594 0.00780054
25.383 70.7742 -5.42606 -0.109768 -0.993957 0.00094039
26.4376 70.6439 -5.43888 -0.132741 -0.991149 0.00194514
27.4468 70.4813 -5.45362 -0.180275 -0.983535 0.0126066
28.4742 70.2744 -5.46974 -0.211981 -0.977274 -0.000400098
29.6072 70.0042 -5.48951 -0.246672 -0.969099 -0.000451974
30.6375 69.7395 -5.50431 -0.257242 -0.966306 0.00890869
31.6316 69.4524 -5.51978 -0.298018 -0.954517 0.00903979
32.6408 69.1334 -5.53156 -0.304624 -0.952467 0.00343422
32.8884 69.054 -5.53381 -0.305239 -0.952269 0.00371763
32.9938 69.0292 -0.925617 -0.311029 -0.950346 0.0101861
32.005 69.336 -0.922748 -0.279718 -0.959961 0.0152199
31.0298 69.6167 -0.920107 -0.271585 -0.962412 0.00220035
29.9523 69.9153 -0.917357 -0.262258 -0.964994 0.00271802
28.9509 70.1652 -0.91459 -0.215389 -0.976459 -0.0116154
27.7611 70.415 -0.911607 -0.192334 -0.981305 -0.00686117
26.6635 70.6085 -0.909084 -0.157897 -0.987427 -0.00752418
25.5889 70.7613 -0.906252 -0.119968 -0.992776 -0.00207195
24.5753 70.864 -0.904913 -0.0899837 -0.99593 -0.00521589
23.5749 70.9292 -0.903165 -0.0382493 -0.999268 0.000569011
22.5378 70.9464 -0.901635 -0.00352449 -0.999993 0.00153014
21.5208 70.9267 -0.901749 0.0369235 -0.999317 -0.00120412
20.279 70.861 -0.901354 0.0608311 -0.998147 -0.00120834
19.9663 70.8418 -0.901675 0.0729696 -0.997293 0.00905598
19.9089 70.8395 -0.0020755 0.0626665 -0.998012 0.00668028
21.1176 70.907 -0.00175634 0.0531271 -0.998572 -0.00557192
22.2502 70.9422 -0.00141444 0.0075162 -0.999964 -0.00403086
23.4025 70.93 -0.00112788 -0.0237664 -0.99962 -0.0139302
24.45 70.8718 -0.000501733 -0.0757076 -0.997129 -0.00137997
25.5576 70.7592 -0.00147684 -0.129901 -0.991474 -0.0103001
26.6414 70.6051 -0.000996388 -0.158601 -0.987299 -0.00933346
27.6806 70.4289 -0.00138569 -0.189009 -0.98196 -0.00543089
28.7987 70.1937 -0.00194564 -0.224315 -0.974504 -0.00498369
29.8253 69.9456 -0.00240652 -0.252855 -0.967478 -0.0071772
30.7918 69.685 -0.00320605 -0.266649 -0.963786 0.00380084
31.9038 69.3738 -0.00425166 -0.276424 -0.960938 0.0136732
33.007 69.0295 -0.00572419 -0.320413 -0.947227 -0.00981349
33.0328 69.0207 -0.00576894 -0.323954 -0.946043 -0.00752279
33.2173 68.9416 0.913889 -0.328765 -0.9444 -0.00480439
32.2075 69.2807 0.913913 -0.299802 -0.953999 0.00218227
31.1872 69.579 0.914071 -0.266985 -0.963697 0.00253592
30.2029 69.8474 0.912973 -0.259236 -0.965814 -0.000528792
29.1944 70.0999 0.911193 -0.226804 -0.973939 -0.00153477
28.1306 70.3411 0.90906 -0.209373 -0.977825 -0.00465732
27.0337 70.5399 0.906829 -0.150839 -0.988558 -0.00116327
26.0148 70.6916 0.904697 -0.145497 -0.989334 -0.00695887
24.977 70.8254 0.903012 -0.100404 -0.994932 -0.0054965
23.8791 70.9008 0.900649 -0.051653 -0.998632 -0.00811221
22.8494 70.9288 0.899552 -0.0091448 -0.99984 -0.0153995
21.76 70.9277 0.898764 0.0281795 -0.999554 -0.00992271
20.7198 70.8873 0.897875 0.0494679 -0.998752 0.00686019
19.9318 70.8395 0.897322 0.0633039 -0.997938 -0.0106296
19.8233 70.8236 1.7967 0.0711621 -0.997237 -0.0213255
20.8951 70.8876 1.79746 0.055378 -0.998322 -0.016954
21.9162 70.9247 1.79845 0.00817597 -0.999931 -0.00838697
23.052 70.9219 1.80028 -0.0136086 -0.999882 0.00717154
24.0755 70.8872 1.80386 -0.0484695 -0.998812 -0.0050675
25.0781 70.81 1.80776 -0.0953388 -0.995399 0.00960749
26.2412 70.6599 1.8118 -0.144505 -0.989486 0.00604077
27.3893 70.4807 1.81632 -0.165701 -0.986169 -0.00361961
28.3839 70.2874 1.82122 -0.214944 -0.976626 -0.000849697
29.4018 70.0483 1.82553 -0.239041 -0.97101 4.59487e-05
30.4313 69.7836 1.82956 -0.258317 -0.966048 -0.00481602
31.4996 69.4896 1.83225 -0.277541 -0.960712 -0.00195578
32.5809 69.1561 1.83402 -0.313204 -0.949676 -0.00424171
33.1349 68.9692 1.83453 -0.321358 -0.946955 0.00212923
33.0908 68.975 2.7571 -0.30976 -0.950715 -0.0137378
32.0976 69.2979 2.75508 -0.29966 -0.953838 -0.0198993
31.0934 69.598 2.74962 -0.274958 -0.961436 -0.00621532
30.0534 69.8824 2.74361 -0.25091 -0.967997 -0.00509926
29.0691 70.1296 2.73758 -0.237447 -0.9714 -0.000488495
28.0727 70.3552 2.73063 -0.197125 -0.980351 -0.00730196
27.0625 70.5328 2.72398 -0.152851 -0.988244 0.00313012
25.9355 70.7045 2.71625 -0.145504 -0.989343 0.00532128
24.9265 70.8229 2.70978 -0.0875203 -0.996161 0.00165338
23.8552 70.896 2.70552 -0.0394419 -0.999221 -0.00120986
22.8212 70.9271 2.70161 -0.00783517 -0.99995 0.00616329
21.8203 70.9259 2.69767 0.0317136 -0.999479 0.00596465
20.739 70.8745 2.69556 0.0574341 -0.998341 0.00418569
19.8995 70.8236 2.69467 0.0742517 -0.997195 0.00940937
19.8561 70.824 3.59256 0.0834954 -0.996502 -0.00359374
20.8932 70.8948 3.59502 0.0465784 -0.998905 0.00427782
21.9034 70.9276 3.598 0.00838789 -0.999923 0.00913194
22.9999 70.9274 3.60324 -0.0121629 -0.999922 -0.00283037
24.1654 70.8766 3.60918 -0.061371 -0.998108 0.00378779
25.3273 70.7842 3.61695 -0.102869 -0.994695 0.000771839
26.3349 70.6506 3.62555 -0.15349 -0.988143 0.00369798
27.4965 70.4608 3.63541 -0.173944 -0.98475 -0.00345845
28.4992 70.2572 3.64542 -0.209457 -0.977771 -0.00961113
29.518 70.0173 3.65563 -0.242185 -0.970208 -0.00646306
30.5934 69.7342 3.66484 -0.260284 -0.965466 -0.0113279
31.7435 69.3946 3.67327 -0.29313 -0.956004 -0.0114797
32.8042 69.0569 3.67869 -0.308596 -0.951185 -0.0039411
33.0712 68.9697 3.67961 -0.311389 -0.950274 -0.00389053
32.9927 68.9923 4.60394 -0.307355 -0.951587 -0.00381228
32.0208 69.2991 4.59696 -0.295408 -0.955314 -0.0104796
31.0239 69.6039 4.58797 -0.284628 -0.958604 -0.00806373
29.8864 69.9176 4.5756 -0.251188 -0.967925 -0.00507934
28.7411 70.2003 4.56073 -0.21938 -0.975585 -0.0102889
27.5877 70.4436 4.54565 -0.18904 -0.981958 0.00473205
26.51 70.6285 4.53232 -0.150098 -0.988649 0.00655729
25.4685 70.7695 4.52199 -0.116835 -0.993036 0.0151481
24.4325 70.8594 4.51229 -0.0680855 -0.997678 -0.00193291
23.389 70.9159 4.50412 -0.0372873 -0.999286 -0.00603699
22.272 70.9354 4.49817 0.0002379 -0.999985 0.00554982
21.2656 70.9238 4.49369 0.0345551 -0.99938 0.00674799
20.1124 70.8422 4.49095 0.0838798 -0.996409 -0.0115615
19.868 70.821 4.49043 0.0862726 -0.996206 -0.0113934
19.8602 70.8151 5.38745 0.0973661 -0.995244 0.00300595
20.9587 70.9127 5.38976 0.0786783 -0.996532 0.0270844
21.9863 70.9406 5.39371 0.00724424 -0.99992 0.0103516
22.9895 70.9302 5.3996 -0.0283651 -0.999593 0.00289414
24.0208 70.8834 5.40755 -0.0536409 -0.998557 -0.00251766
25.041 70.8164 5.419 -0.10358 -0.994615 -0.00349738
26.216 70.6756 5.43344 -0.142948 -0.989724 0.00340137
27.2244 70.5138 5.44859 -0.183718 -0.982969 -0.0044021
28.235 70.3116 5.4655 -0.205614 -0.978633 -0.000704081
29.2576 70.0788 5.48236 -0.237578 -0.971336 0.00794055
30.2899 69.807 5.49884 -0.271806 -0.96235 -0.00194881
31.2896 69.5146 5.51203 -0.28845 -0.957472 -0.0065629
32.2528 69.2181 5.5237 -0.297176 -0.954786 -0.00840489
32.8681 69.0277 5.5293 -0.297757 -0.954639 -0.00227574
33.0316 68.9769 5.53028 -0.296667 -0.95498 -0.00120923
