-43.878 70.6737 -0.324907 0.00664226 -0.999977 -0.00121341
-43.8289 70.6754 -1.54935 0.0087432 -0.999959 -0.00206431
-43.8502 70.6795 -2.76861 0.00860778 -0.999961 -0.00168326
-43.8592 70.6792 -3.93192 0.00543176 -0.999985 0.00117486
-43.867 70.6765 -5.00093 0.0050297 -0.999984 0.0025095
-43.6208 70.675 -5.93994 -0.0012866 -0.999992 0.00367873
-42.5371 70.6671 -5.93285 -0.0117211 -0.999928 0.0026691
-41.4602 70.6503 -5.96443 -0.0230448 -0.999734 0.0011482
-40.4405 70.6227 -5.91827 -0.0368941 -0.999298 0.00102359
-39.4326 70.5761 -5.9262 -0.0523695 -0.998626 -0.00104215
-38.3988 70.5163 -5.96365 -0.0689856 -0.997614 0.00276124
-37.2389 70.4327 -5.98272 -0.074159 -0.997245 -0.00171431
-36.1957 70.3481 -5.97107 -0.0900878 -0.995916 0.00526386
-35.1036 70.2243 -5.9636 -0.126266 -0.991991 0.0033237
-34.5834 70.1625 -5.32711 -0.121112 -0.992609 0.00723552
-34.591 70.1729 -4.22639 -0.122583 -0.992453 0.00330943
-34.584 70.1708 -3.19405 -0.123416 -0.992323 -0.00801269
-34.5696 70.1686 -2.13991 -0.12548 -0.992065 0.00782984
-34.5891 70.1714 -1.05403 -0.117012 -0.993129 -0.000306796
-34.5405 70.1657 0.0219942 -0.119998 -0.992724 0.00994132
-34.5687 70.1769 1.04348 -0.117263 -0.993041 -0.0109168
-34.585 70.1725 2.07499 -0.108573 -0.994042 -0.0096288
-34.5782 70.1684 3.10674 -0.107183 -0.99423 0.00363443
-34.5397 70.17 4.20987 -0.111308 -0.993756 0.00772396
-34.5878 70.1785 5.23114 -0.109147 -0.994025 0.00102117
-35.1235 70.2392 5.93061 -0.108781 -0.994056 0.00445641
-36.1695 70.3468 5.94388 -0.100702 -0.994914 0.00201894
-37.1864 70.4425 5.96113 -0.0867154 -0.996215 0.00372598
-38.2432 70.5184 5.96368 -0.0631917 -0.998001 0.000313363
-39.3324 70.5788 5.95491 -0.049491 -0.998773 0.00189421
-40.4768 70.6301 5.99046 -0.0400762 -0.999192 -0.00316296
-41.5467 70.6654 5.92401 -0.0234453 -0.999703 -0.00110388
-42.6501 70.6768 5.95134 -0.00536894 -0.999981 0.00265711
-43.6932 70.6753 5.92741 0.00906623 -0.999957 0.00203258
-43.8724 70.6724 4.81785 0.0122146 -0.999925 0.00087361
-43.8603 70.6722 3.76728 0.00938395 -0.999954 -0.00154002
-43.8581 70.6759 2.60836 0.00588062 -0.999981 -0.00205703
-43.8597 70.6753 1.46127 0.00853921 -0.999962 -0.000410498
-43.8602 70.6737 0.337985 0.00534079 -0.999984 0.00200964
-43.8742 70.6735 -0.219166 0.0057585 -0.999982 -0.001569
-44.9016 70.6627 -0.167764 0.0135064 -0.999907 0.000688077
-44.9199 70.6614 0.999426 0.01721 -0.999851 -0.00143014
-44.9046 70.6618 2.02816 0.0208582 -0.999781 -0.00150524
-44.9288 70.6612 3.06296 0.0183315 -0.999823 -0.00217459
-44.8958 70.6593 4.1685 0.0138086 -0.999903 -0.00197554
-44.927 70.6592 5.28112 0.0135029 -0.999908 0.0016108
-44.9112 70.6605 6.34031 0.0140918 -0.9999 0.00132217
-44.2731 70.6717 7.01841 0.0151646 -0.999879 0.00358592
-43.1382 70.6796 7.01343 -0.0016859 -0.999992 0.000461616
-41.9926 70.6713 6.99303 -0.0107938 -0.99993 0.00345602
-40.9901 70.6473 7.02419 -0.0337859 -0.999415 -0.00525096
-39.9735 70.6063 7.02821 -0.0434229 -0.99905 -0.00357198
-38.9329 70.5593 6.98528 -0.047074 -0.998887 0.00300193
-37.8351 70.4906 7.00526 -0.0703314 -0.99752 -0.00286893
-36.6599 70.3957 6.98147 -0.0887182 -0.996053 0.00257862
-35.6109 70.2925 7.00169 -0.100345 -0.994948 0.00305727
-34.5234 70.1741 7.00114 -0.126755 -0.991927 0.00257526
-33.5526 70.0501 6.8144 -0.126506 -0.99196 -0.00343621
-33.5392 70.0509 5.80602 -0.12882 -0.991668 0.000463095
-33.5174 70.05 4.78013 -0.135763 -0.990702 -0.000674818
-33.5127 70.045 3.73907 -0.135089 -0.990824 0.00430879
-33.5504 70.0477 2.72838 -0.121257 -0.992618 0.00248049
-33.5315 70.046 1.49354 -0.140816 -0.990036 -3.18761e-05
-33.5226 70.0418 0.487165 -0.130802 -0.991399 0.00283286
-33.5303 70.0374 -0.58143 -0.12003 -0.992768 0.00189196
-33.5409 70.0371 -1.64389 -0.130547 -0.991426 0.00566232
-33.5436 70.0334 -2.74962 -0.129424 -0.991589 -0.0011535
-33.5469 70.0402 -3.7553 -0.133838 -0.990964 -0.00878138
-33.5405 70.0398 -4.78153 -0.126172 -0.992006 0.00206273
-33.5295 70.0358 -5.82561 -0.112776 -0.993615 -0.00326145
-33.6676 70.0539 -6.95002 -0.117146 -0.993113 -0.00192021
-34.6619 70.1707 -7.02347 -0.116671 -0.993169 -0.00127999
-35.6676 70.2863 -7.01208 -0.106958 -0.99424 0.00679744
-36.6739 70.3872 -7.0191 -0.0792644 -0.996843 0.00460407
-37.8631 70.4781 -7.01634 -0.0719189 -0.99741 0.00134563
-38.9215 70.5495 -6.99373 -0.0648705 -0.997891 0.000808165
-39.9327 70.6003 -6.99699 -0.0430834 -0.999056 0.00418177
-40.9439 70.6383 -7.01113 -0.0321524 -0.999478 -0.000223412
-41.951 70.6589 -6.99871 -0.0144155 -0.999895 0.0011824
-42.9588 70.6693 -6.99303 -0.00693033 -0.999972 0.00284896
-43.9995 70.6709 -7.01854 0.00467897 -0.999982 0.00268885
-44.8938 70.6632 -6.72928 0.0124968 -0.999915 0.00371166
-44.9274 70.6659 -5.69898 0.0136009 -0.999907 0.00117041
-44.9271 70.6667 -4.6392 0.0145477 -0.999894 0.00116027
-44.9158 70.6671 -3.61078 0.0179957 -0.999838 0.000416184
-44.9127 70.6665 -2.53067 0.0164314 -0.999855 -0.00439573
-44.8917 70.6637 -1.49288 0.0121159 -0.999926 -0.00143159
-44.9085 70.6628 -0.366529 0.0147556 -0.999891 0.000109098
-44.9057 70.6628 -0.278413 0.0139996 -0.999901 -0.000490965
-43.1346 70.6744 -0.000177583 -0.000995657 -0.999997 -0.00208565
-42.0491 70.6632 -0.000112107 -0.0185997 -0.999822 0.0030842
-40.9608 70.6376 -1.22758e-05 -0.0298221 -0.999553 0.00210014
-39.789 70.5942 4.35162e-08 -0.0427416 -0.999085 0.00150318
-38.7857 70.5448 1.90422e-05 -0.0542616 -0.998508 0.00609608
-37.7007 70.4735 0.000105613 -0.0714499 -0.997444 0.000483265
-36.6347 70.3882 0.000244141 -0.0901685 -0.995924 -0.00223918
-35.633 70.288 0.000263256 -0.105418 -0.994418 -0.00443672
-35.1163 70.2314 0.000275223 -0.107251 -0.994231 0.00134708
-35.1217 70.2332 -0.898883 -0.114377 -0.993436 -0.00135932
-36.1509 70.3434 -0.898684 -0.102355 -0.994748 0.00082778
-37.1499 70.4309 -0.89858 -0.0812707 -0.996691 -0.00107684
-38.1593 70.5019 -0.898492 -0.0689548 -0.997619 0.0013546
-39.2134 70.5664 -0.898363 -0.0547213 -0.998501 0.00090472
-40.2363 70.6131 -0.898149 -0.0365645 -0.999331 -0.000859588
-41.2498 70.6442 -0.897849 -0.0249781 -0.999688 0.000662752
-42.2874 70.6677 -0.897701 -0.0215347 -0.999768 0.00039429
-43.205 70.6771 -0.897572 -0.00185081 -0.999997 -0.00167903
-43.2713 70.6787 -1.79505 -0.00353418 -0.999994 -2.66482e-05
-42.1761 70.6652 -1.79527 -0.0174519 -0.999844 -0.00285936
-41.0715 70.6397 -1.79573 -0.0259042 -0.999663 -0.00160755
-40.0393 70.6031 -1.79625 -0.0415717 -0.999131 0.00300564
-38.9086 70.5481 -1.79663 -0.0574069 -0.998342 0.00420321
-37.8551 70.4798 -1.79716 -0.0689358 -0.997619 0.00220082
-36.8292 70.4062 -1.79755 -0.0808693 -0.996724 -0.00144996
-35.6741 70.2942 -1.79775 -0.107783 -0.994171 0.00259563
-35.1568 70.2369 -1.7978 -0.112944 -0.9936 0.00138799
-35.185 70.2406 -2.69729 -0.110864 -0.993836 -3.30191e-05
-36.2341 70.3475 -2.69688 -0.0945905 -0.995501 0.00545556
-37.3436 70.4413 -2.69616 -0.0714097 -0.997436 0.0047921
-38.4064 70.5155 -2.69543 -0.0621658 -0.998059 0.00369923
-39.5911 70.5799 -2.69452 -0.0499068 -0.998751 0.00245841
-40.6212 70.6257 -2.69387 -0.0369444 -0.999317 8.72853e-05
-41.6267 70.6538 -2.69322 -0.0244862 -0.9997 -0.000704845
-42.6402 70.6738 -2.69273 -0.0141354 -0.999887 -0.00507521
-43.2101 70.6785 -2.69256 -0.00625479 -0.99998 0.00107612
-43.1563 70.6791 -3.58995 -0.00456321 -0.999989 -0.000568952
-42.1407 70.6662 -3.59055 -0.0204834 -0.99979 -0.000679127
-41.087 70.6409 -3.5913 -0.0271501 -0.99963 -0.00177352
-39.922 70.5978 -3.59222 -0.0465706 -0.99891 -0.00312091
-38.8334 70.5398 -3.59348 -0.0592899 -0.998241 -2.7388e-05
-37.698 70.4656 -3.59467 -0.0734445 -0.997299 -0.000202177
-36.6167 70.3803 -3.5957 -0.0862033 -0.996277 -0.00118876
-35.6128 70.2858 -3.59658 -0.0997685 -0.994992 -0.00608968
-35.1498 70.2376 -3.59687 -0.106348 -0.994326 -0.00243443
-35.1978 70.2434 -4.49649 -0.115035 -0.993349 0.00493398
-36.2132 70.3477 -4.49537 -0.0885821 -0.996038 -0.00778291
-37.2657 70.4327 -4.49401 -0.0784639 -0.996916 -0.00122521
-38.3672 70.5128 -4.49243 -0.0614993 -0.998107 -7.94385e-05
-39.4949 70.5773 -4.49081 -0.0529754 -0.998594 -0.00203037
-40.7028 70.6298 -4.4893 -0.0379272 -0.999276 -0.00297793
-41.8117 70.6586 -4.48813 -0.0227454 -0.999741 -0.000183969
-42.8276 70.6759 -4.48736 -0.0105533 -0.999942 0.00195817
-43.2086 70.6788 -4.48712 -0.00375859 -0.999993 -0.000140361
-43.0047 70.6737 -5.38416 -0.00922053 -0.999946 0.00489302
-41.905 70.6598 -5.38514 -0.0177975 -0.999842 0.000314741
-40.864 70.6352 -5.38655 -0.0292804 -0.999571 0.00044409
-39.7088 70.589 -5.38845 -0.0492536 -0.998785 -0.00157631
-38.6774 70.5328 -5.39038 -0.0592262 -0.998241 -0.00264533
-37.6675 70.4638 -5.39214 -0.0745304 -0.997217 -0.00195033
-36.542 70.3792 -5.39424 -0.0770477 -0.997021 -0.00370993
-35.4895 70.2741 -5.3961 -0.12071 -0.992683 0.00317947
-35.267 70.247 -5.39641 -0.122927 -0.99241 0.00325793
-35.1 70.2333 0.899614 -0.0994926 -0.995032 -0.00340227
-36.2645 70.3483 0.899311 -0.0996216 -0.995024 -0.00174425
-37.3973 70.4509 0.898879 -0.0784009 -0.996911 -0.00464907
-38.5218 70.5302 0.898483 -0.0671948 -0.99774 0.000477152
-39.7034 70.5917 0.898108 -0.0466494 -0.99891 0.00135325
-40.7279 70.6325 0.897865 -0.0316715 -0.999498 -0.0012393
-41.7887 70.661 0.897569 -0.0207402 -0.999782 0.00249219
-42.8705 70.6736 0.897374 -0.00317079 -0.999991 0.00286164
-43.2968 70.6749 0.897382 -0.000472361 -0.999996 0.00261
-43.3125 70.6774 1.79496 0.00163614 -0.999993 0.0034482
-42.1864 70.6705 1.79524 -0.0194224 -0.999797 0.00540753
-41.1626 70.6471 1.79561 -0.0274466 -0.999618 0.00327729
-40.0413 70.608 1.79603 -0.0407896 -0.999164 0.00291335
-38.9707 70.5599 1.79658 -0.0566085 -0.998384 0.00491274
-37.9721 70.4929 1.79724 -0.0748545 -0.997194 -0.000263714
-36.895 70.4061 1.79787 -0.0916652 -0.99579 0.000768101
-35.8514 70.3059 1.79864 -0.102657 -0.994716 -0.00128355
-35.1134 70.2312 1.79896 -0.104197 -0.994502 -0.0104025
-35.1303 70.2273 2.69827 -0.104938 -0.994476 -0.00230204
-36.2368 70.3436 2.69744 -0.102527 -0.994729 -0.00135454
-37.312 70.4427 2.69641 -0.0847155 -0.996402 0.00231369
-38.5548 70.5369 2.69527 -0.0649445 -0.997869 0.00634584
-39.7013 70.5967 2.69438 -0.0398894 -0.999202 0.00179156
-40.8576 70.6411 2.69351 -0.0321621 -0.999477 0.00337637
-41.9196 70.6678 2.69288 -0.0218377 -0.999761 0.0013807
-42.9386 70.6799 2.69237 0.000547064 -1 -0.000545171
-43.2577 70.6792 2.69225 0.00208951 -0.999997 0.000947136
-43.1715 70.6782 3.58962 0.0064879 -0.999976 -0.00248099
-42.0591 70.6717 3.59035 -0.0124065 -0.999922 -0.00120418
-41.0567 70.6481 3.59112 -0.0320453 -0.999486 0.00130224
-39.9286 70.6061 3.59214 -0.0409868 -0.999159 -0.00152497
-38.79 70.551 3.5934 -0.0594563 -0.998223 -0.00386424
-37.6529 70.4711 3.59473 -0.0840192 -0.996456 -0.00393439
-36.562 70.3732 3.59607 -0.0935238 -0.995617 -4.45305e-05
-35.5238 70.2703 3.59733 -0.102086 -0.994768 0.00389654
-35.1446 70.2307 3.5977 -0.106053 -0.994347 0.00525485
-35.1749 70.2389 4.49728 -0.103648 -0.994603 0.00470819
-36.3006 70.3511 4.49559 -0.0957193 -0.995394 0.00539326
-37.3089 70.4469 4.49394 -0.0819172 -0.996601 0.00871043
-38.4489 70.5291 4.4922 -0.0628453 -0.998022 0.00134036
-39.481 70.5853 4.49061 -0.0458875 -0.998945 -0.00163574
-40.5922 70.6327 4.48917 -0.0398808 -0.999204 -0.000153357
-41.6224 70.6651 4.48807 -0.0183718 -0.99983 -0.00141057
-42.6831 70.6765 4.48713 -0.00357324 -0.999991 -0.00207412
-43.1607 70.6768 4.48686 0.00053412 -1 3.01381e-05
-43.0389 70.6783 5.38386 0.00153549 -0.999999 0.000572759
-41.9709 70.6695 5.385 -0.0129809 -0.999909 0.00361912
-40.9671 70.6492 5.38613 -0.0314387 -0.999503 -0.00241796
-39.9269 70.6056 5.38773 -0.0454518 -0.998966 0.000768657
-38.8292 70.5523 5.38976 -0.0547682 -0.998499 0.000991982
-37.7475 70.4849 5.39197 -0.0717572 -0.997421 -0.00167149
-36.7031 70.3974 5.39414 -0.0982728 -0.99513 0.00767416
-35.6556 70.2923 5.3963 -0.0999247 -0.99499 0.00308829
-35.5667 70.2834 5.39647 -0.100278 -0.994956 0.00250246
-35.4658 70.2732 5.39666 -0.100278 -0.994956 0.00250246
