-42.896 73.1169 -5.63621 -0.00542987 -0.999976 0.00192819
-42.8622 73.1153 -4.57949 -0.0164512 -0.999864 0.000356545
-42.8906 73.1197 -3.42094 -0.0127716 -0.999895 0.00680126
-42.8638 73.1241 -2.34552 -0.0192985 -0.999805 0.00422439
-42.8662 73.1268 -1.33387 -0.0170586 -0.99985 0.00270466
-42.8514 73.1291 -0.164222 -0.0193258 -0.99981 0.0026752
-42.8593 73.1333 0.862681 -0.0198907 -0.999788 0.00477353
-42.8625 73.1352 1.9737 -0.0123909 -0.99992 0.000630751
-42.8469 73.1337 3.16321 -0.0131854 -0.999913 0.000498563
-42.8528 73.1351 4.17013 -0.0170689 -0.999854 0.000590941
-42.8167 73.1335 5.28114 -0.0196937 -0.999798 0.000501005
-42.5725 73.128 6.17836 -0.0199093 -0.999801 -0.000814647
-41.5035 73.0951 6.1801 -0.0341836 -0.999415 -0.000750376
-40.476 73.0525 6.17487 -0.0462628 -0.998924 -0.00312998
-39.257 72.9783 6.17997 -0.0704191 -0.997512 0.00203159
-38.144 72.8849 6.17082 -0.0908726 -0.995859 -0.00236737
-37.1438 72.787 6.17827 -0.106617 -0.994284 -0.00292703
-36.1465 72.6733 6.15764 -0.118155 -0.99298 -0.00552966
-35.0786 72.5314 6.18138 -0.143317 -0.989672 0.00206318
-34.0407 72.3728 6.1631 -0.15672 -0.987638 0.00325194
-33.0177 72.2016 6.05358 -0.17164 -0.985006 0.0171564
-32.9339 72.1765 5.01328 -0.176063 -0.984376 -0.000791261
-32.9579 72.1876 4.00112 -0.17453 -0.98458 -0.0118859
-32.9538 72.1797 2.98968 -0.173866 -0.984767 0.00232534
-32.9401 72.1852 1.86076 -0.183444 -0.98298 -0.00966584
-32.9468 72.1913 0.761543 -0.179667 -0.983728 -0.000118159
-32.9746 72.1948 -0.306679 -0.181694 -0.983322 0.00253652
-32.9528 72.1888 -1.37487 -0.171902 -0.985113 -0.00126718
-32.9606 72.1919 -2.4053 -0.169718 -0.98549 0.00231433
-32.9823 72.1939 -3.55949 -0.162902 -0.986635 0.00279286
-32.9748 72.1855 -4.68084 -0.180768 -0.983525 0.00140699
-32.9759 72.1914 -5.77637 -0.184521 -0.982768 -0.0107081
-33.8194 72.3348 -6.13678 -0.1515 -0.988453 -0.00177557
-34.8668 72.4857 -6.16718 -0.137571 -0.990455 -0.00851729
-35.9805 72.6402 -6.19623 -0.132159 -0.991223 0.00342622
-37.1577 72.7815 -6.17626 -0.108963 -0.994045 0.00130688
-38.1867 72.8781 -6.19645 -0.0878002 -0.996138 -0.000972587
-39.2366 72.9656 -6.21483 -0.0766378 -0.997049 0.00455736
-40.3663 73.0371 -6.15926 -0.0562773 -0.998398 -0.00314277
-41.4795 73.0793 -6.17711 -0.0386884 -0.99925 -1.52759e-05
-42.5099 73.111 -6.15462 -0.0194856 -0.999802 0.00237353
-42.8897 73.1161 -5.7704 -0.00876598 -0.99995 0.00277817
-43.7968 73.122 -5.73426 -0.00296008 -0.99999 0.00325543
-43.7987 73.121 -6.75057 -0.00809512 -0.999965 -0.00209828
-42.8598 73.1149 -7.10172 -0.00978065 -0.99995 -4.65155e-07
-41.7086 73.0896 -7.10748 -0.0326252 -0.999444 -0.00691153
-40.4939 73.0422 -7.10651 -0.0396834 -0.99921 -0.00139161
-39.4458 72.9807 -7.13178 -0.0714412 -0.997422 -0.000264643
-38.4369 72.9004 -7.11605 -0.0805314 -0.996749 0.00124544
-37.3385 72.7973 -7.08209 -0.102799 -0.99464 0.00838108
-36.3159 72.6815 -7.09444 -0.117551 -0.993021 0.00942562
-35.1818 72.5353 -7.09356 -0.137978 -0.99043 -0.00334011
-34.061 72.3726 -7.07669 -0.149898 -0.988698 0.00258859
-33.0209 72.207 -7.0848 -0.16506 -0.986268 0.000471832
-32.0793 72.0326 -6.77587 -0.189631 -0.981747 -0.0146009
-32.0605 72.014 -5.66641 -0.192836 -0.981184 -0.00959701
-32.0687 72.0121 -4.52638 -0.191553 -0.981475 0.00363265
-32.0734 72.0201 -3.41082 -0.20059 -0.979661 0.00507509
-32.0536 72.0222 -2.37412 -0.197556 -0.980284 0.00379652
-32.0584 72.0241 -1.36071 -0.187912 -0.982177 -0.00127239
-32.0918 72.0255 -0.304338 -0.19031 -0.981721 -0.0023147
-32.0607 72.019 0.720437 -0.19369 -0.981059 0.00232433
-32.0427 72.0174 1.72548 -0.187844 -0.982192 -0.000443967
-32.0322 72.0133 2.83606 -0.174729 -0.984605 0.00226493
-32.0561 72.0191 3.90694 -0.189588 -0.981828 -0.00409926
-32.0279 72.0069 4.96271 -0.181686 -0.983335 0.00379151
-32.0486 72.0252 6.147 -0.195499 -0.980643 0.0107854
-32.3788 72.1001 7.08913 -0.193436 -0.981051 0.0105551
-33.3913 72.2767 7.09828 -0.152446 -0.988311 0.00156417
-34.4762 72.441 7.08971 -0.152239 -0.988342 -0.00146029
-35.4928 72.5911 7.10091 -0.125278 -0.991997 0.00861549
-36.5185 72.711 7.11268 -0.113294 -0.993542 -0.00616372
-37.6242 72.8329 7.0952 -0.0999616 -0.994991 0.00115378
-38.7225 72.9317 7.0837 -0.0844393 -0.996425 -0.00233133
-39.8397 73.0166 7.08909 -0.0642042 -0.997923 0.00123718
-40.9904 73.0717 7.09435 -0.0417978 -0.999113 -0.00499246
-42.0483 73.1113 7.09396 -0.0270715 -0.999628 -0.00184626
-43.094 73.1315 7.12738 -0.0132549 -0.99989 -0.00672907
-43.7799 73.1422 6.54931 -0.00584121 -0.999974 -0.00418268
-43.7736 73.1441 5.48219 -0.00255935 -0.999996 -0.00101192
-43.7679 73.1428 4.42778 -0.00533074 -0.999983 0.000870145
-43.7716 73.1427 3.30046 -0.00392037 -0.999991 -0.0014334
-43.787 73.1435 2.22765 -0.00799058 -0.999967 -0.000942048
-43.7784 73.1457 1.19336 -0.00643354 -0.999978 -0.00174046
-43.7619 73.1438 0.110349 -0.0113121 -0.999917 0.00622016
-43.78 73.1397 -0.986516 -0.00840443 -0.99995 0.00542296
-43.7791 73.1364 -2.01377 -0.00927741 -0.99995 0.00370371
-43.7831 73.1314 -3.0666 -0.00979928 -0.99994 0.00494331
-43.7871 73.1265 -4.0989 -0.00889978 -0.999955 0.00312513
-43.782 73.1235 -5.20369 -0.00500211 -0.999983 0.00304594
-43.7947 73.1222 -5.67231 -0.00296009 -0.99999 0.00325545
-42.415 73.1098 -5.38669 -0.0228342 -0.999719 -0.00637857
-41.3595 73.0756 -5.38839 -0.0363974 -0.99933 0.00385103
-40.3499 73.0355 -5.39095 -0.0469511 -0.998897 0.00105397
-39.1281 72.9573 -5.39463 -0.0779215 -0.996953 -0.00354807
-37.9567 72.8578 -5.39881 -0.0886308 -0.996063 0.00149989
-36.9357 72.7573 -5.40303 -0.10474 -0.9945 -0.000439785
-35.8816 72.6275 -5.40711 -0.13259 -0.991157 0.00528781
-34.7364 72.4647 -5.4121 -0.135472 -0.990778 0.0026425
-33.6942 72.3174 -5.41596 -0.16569 -0.986178 0.000138962
-33.5165 72.2854 -5.41663 -0.177265 -0.984138 -0.00709233
-33.4763 72.2753 -4.51305 -0.173235 -0.98488 0.000221037
-34.4947 72.4324 -4.51029 -0.149595 -0.988747 -0.00103268
-35.6251 72.5962 -4.50652 -0.138881 -0.990293 0.00561714
-36.7642 72.7359 -4.50303 -0.112193 -0.993683 -0.00252749
-37.862 72.8539 -4.49973 -0.0951077 -0.995464 0.00236896
-39.0347 72.9498 -4.49635 -0.0705404 -0.997509 0.000788731
-40.0492 73.0169 -4.49376 -0.0617038 -0.998094 0.000263773
-41.1182 73.0695 -4.49164 -0.0385853 -0.999246 0.00435336
-42.2666 73.1045 -4.48969 -0.0222407 -0.999753 8.20701e-06
-42.2659 73.1078 -3.59231 -0.0215825 -0.999766 0.00142073
-41.0761 73.0705 -3.5936 -0.0372491 -0.999305 0.00170924
-40.0158 73.0153 -3.59519 -0.0571161 -0.998364 0.00262083
-38.9414 72.9455 -3.59769 -0.0698577 -0.99755 0.00361635
-37.7015 72.8381 -3.60027 -0.101316 -0.994852 -0.00195533
-36.6106 72.7171 -3.60281 -0.117024 -0.993128 -0.00134676
-35.4634 72.5718 -3.60552 -0.133666 -0.991025 -0.00159847
-34.4153 72.4197 -3.60772 -0.154238 -0.988019 0.00545975
-33.5303 72.2833 -3.60915 -0.157138 -0.987569 0.00386415
-33.6424 72.3051 -2.70619 -0.161534 -0.986867 0.000652117
-34.6711 72.4669 -2.70488 -0.152786 -0.988201 0.0106936
-35.7067 72.6069 -2.7036 -0.121514 -0.992469 0.0154568
-36.8347 72.7425 -2.70163 -0.114757 -0.993393 -0.000759523
-38.006 72.8665 -2.69963 -0.0979859 -0.995186 0.00162752
-39.056 72.958 -2.69796 -0.0777158 -0.996913 0.0111675
-40.183 73.029 -2.69662 -0.0530569 -0.998591 0.000447182
-41.3308 73.0796 -2.6955 -0.038273 -0.999264 0.00257062
-42.2909 73.1114 -2.69466 -0.0234978 -0.999724 0.000406719
-42.3742 73.1159 -1.79687 -0.0231358 -0.999731 0.00164959
-41.3469 73.0832 -1.79719 -0.0379945 -0.999268 0.00455397
-40.3065 73.0388 -1.79778 -0.0465524 -0.998915 0.000870168
-39.1512 72.9666 -1.79884 -0.0773127 -0.997004 0.00230718
-37.953 72.8639 -1.79988 -0.0889514 -0.996035 0.00111478
-36.9151 72.7546 -1.80102 -0.112569 -0.993634 0.00437335
-35.827 72.6277 -1.80202 -0.114651 -0.9934 0.00331316
-34.8168 72.4948 -1.80286 -0.139931 -0.990147 0.00539815
-33.7969 72.3314 -1.80367 -0.160076 -0.987104 0.00077114
-33.5204 72.2863 -1.80376 -0.164075 -0.986448 0.000736847
-33.4948 72.2817 -0.901376 -0.164251 -0.986419 8.92431e-05
-34.6753 72.4704 -0.901212 -0.150542 -0.988601 -0.00230798
-35.6804 72.6112 -0.900866 -0.123491 -0.992345 0.00140274
-36.7336 72.7373 -0.900479 -0.115234 -0.99333 0.00399145
-37.7442 72.846 -0.899968 -0.0994751 -0.995033 0.00377171
-38.7898 72.9384 -0.89967 -0.0842406 -0.996442 0.00250873
-39.818 73.0159 -0.899334 -0.0602876 -0.998175 0.0034759
-40.8711 73.067 -0.898798 -0.043442 -0.999038 0.00601524
-41.9599 73.1071 -0.898589 -0.0296898 -0.999555 0.00287371
-42.2715 73.1157 -0.898514 -0.0220451 -0.999757 0.000512391
-42.1852 73.1153 -0.000461312 -0.0255069 -0.999669 0.00324714
-41.0371 73.0766 -0.000538701 -0.0394743 -0.99922 -0.000461329
-39.9403 73.0241 -7.89719e-05 -0.0614996 -0.998105 0.0022222
-38.8214 72.9438 5.7589e-05 -0.082167 -0.996617 0.00159158
-37.8242 72.8566 5.41195e-05 -0.0982895 -0.995154 0.00275337
-36.7883 72.7462 0.000221199 -0.113013 -0.993593 -0.00135133
-35.5531 72.5965 0.000224274 -0.124936 -0.992161 0.00278851
-34.3431 72.4189 0.000240674 -0.151968 -0.988385 0.00102274
-33.4298 72.2736 0.000226668 -0.164955 -0.986299 -0.00215331
-33.4431 72.2784 0.902774 -0.165222 -0.986234 -0.00670447
-34.4394 72.4336 0.902213 -0.148327 -0.988938 -0.0004543
-35.5531 72.5954 0.901528 -0.132644 -0.99114 -0.00684366
-36.5557 72.7202 0.90111 -0.115631 -0.993292 4.58849e-05
-37.6583 72.841 0.90032 -0.101461 -0.994833 0.00365399
-38.7429 72.9402 0.899653 -0.0813069 -0.996689 -9.70803e-05
-39.7934 73.0153 0.899016 -0.0589642 -0.99826 0.000275735
-40.8748 73.0708 0.898406 -0.0471313 -0.998887 0.00194275
-41.9953 73.1127 0.898061 -0.0302353 -0.99952 0.00670091
-42.2457 73.1193 0.898053 -0.0262769 -0.999611 0.00935268
-42.3958 73.1265 1.79637 -0.0267497 -0.999639 0.00250508
-41.1606 73.0833 1.79666 -0.0421773 -0.99911 0.000678182
-40.1195 73.0344 1.79793 -0.0533466 -0.998576 0.000813908
-39.097 72.9711 1.79894 -0.0746761 -0.997189 0.00617968
-37.8905 72.865 1.8003 -0.0975668 -0.995228 -0.00131241
-36.7289 72.7367 1.80175 -0.118373 -0.992965 -0.00303366
-35.7331 72.6149 1.80288 -0.12916 -0.991596 -0.00744879
-34.6286 72.4601 1.80388 -0.142601 -0.989779 -0.00136491
-33.4616 72.2788 1.80513 -0.161469 -0.98683 -0.00972386
-33.4744 72.272 2.70736 -0.172254 -0.985052 -0.000683689
-34.4862 72.4405 2.70635 -0.154995 -0.987904 -0.00463011
-35.5564 72.5892 2.70459 -0.132692 -0.991153 0.00288049
-36.5726 72.7199 2.70272 -0.120537 -0.992698 0.00454929
-37.6031 72.838 2.70086 -0.101263 -0.994857 -0.00215325
-38.6953 72.9398 2.69874 -0.0832579 -0.996525 -0.00252327
-39.7256 73.0136 2.69724 -0.0611304 -0.998126 0.00275947
-40.796 73.0714 2.69605 -0.0489073 -0.998796 0.0039174
-41.9656 73.1168 2.6947 -0.031312 -0.999498 0.00484006
-42.3325 73.126 2.69431 -0.0148016 -0.999885 0.00324343
-42.3241 73.1252 3.5923 -0.0195946 -0.999808 0.000251953
-41.1724 73.0904 3.59371 -0.0403386 -0.99917 -0.00568981
-40.0302 73.0321 3.59537 -0.0571498 -0.998347 -0.00610703
-39.0195 72.964 3.59774 -0.0731615 -0.997294 -0.0072606
-37.99 72.8762 3.60009 -0.0940416 -0.995557 -0.00467332
-36.8097 72.7501 3.60313 -0.119269 -0.992852 0.00434904
-35.817 72.6246 3.60553 -0.129569 -0.991566 0.0028315
-34.7405 72.478 3.60808 -0.147247 -0.989099 0.00116096
-33.5488 72.2865 3.61042 -0.167596 -0.985848 0.00386134
-33.5476 72.2863 3.61043 -0.166154 -0.986091 0.00408184
-33.4154 72.2634 4.5143 -0.171318 -0.985213 -0.00246644
-34.4553 72.4351 4.51131 -0.158433 -0.987354 0.00562745
-35.4459 72.5784 4.50841 -0.135677 -0.990743 0.00453525
-36.5267 72.7225 4.5047 -0.122916 -0.992339 0.0124212
-37.5313 72.8308 4.50151 -0.102406 -0.994742 0.00109607
-38.6099 72.9294 4.49834 -0.0834759 -0.996496 -0.005325
-39.6919 73.0094 4.49494 -0.0679238 -0.997678 -0.00502578
-40.738 73.0692 4.49221 -0.0502644 -0.998719 -0.00576115
-41.8419 73.1109 4.49043 -0.0303459 -0.999535 -0.00290877
-42.3498 73.1251 4.48972 -0.0264998 -0.999649 0.000190919
-42.3276 73.1235 5.38683 -0.0304489 -0.999534 -0.00214353
-41.2513 73.0881 5.38844 -0.0350099 -0.999381 -0.00341996
-40.2279 73.0399 5.39125 -0.0569379 -0.998378 -0.000269558
-39.195 72.9737 5.3951 -0.0698488 -0.997555 -0.00226813
-38.018 72.8752 5.39928 -0.0904862 -0.995895 -0.00221833
-36.994 72.7756 5.40381 -0.110425 -0.993884 0.000397794
-35.9739 72.6531 5.40824 -0.127769 -0.9918 0.00288351
-34.9585 72.512 5.41266 -0.140769 -0.990042 -0.000407466
-33.8869 72.3442 5.41677 -0.159139 -0.987255 -0.0013762
-33.7021 72.3125 5.4174 -0.172298 -0.985043 0.00171674
-33.5681 72.2894 5.41786 -0.169449 -0.985512 0.00735199
