16.3766 74.5912 1.00933 0.316347 -0.948069 -0.0330118
16.3831 74.5636 2.03567 0.317311 -0.948232 -0.0130228
16.4001 74.5851 3.09186 0.315544 -0.948741 0.0179621
16.4119 74.6062 4.10794 0.303154 -0.952905 0.00839913
16.392 74.5979 5.15576 0.327985 -0.944497 -0.0125601
16.6193 74.6586 6.11572 0.332741 -0.942364 -0.0351178
17.6583 74.9829 6.11786 0.27229 -0.962197 -0.00514325
18.647 75.2411 6.11657 0.24714 -0.968942 0.00790497
19.7267 75.5049 6.14121 0.212187 -0.977097 -0.00410546
20.7237 75.6974 6.12404 0.174753 -0.984509 0.0117282
21.7252 75.8316 6.1209 0.10936 -0.993893 -0.00976756
22.8332 75.9178 6.13203 0.0609758 -0.998067 0.009317
23.9211 75.9398 6.10983 -0.0246656 -0.999578 -0.00392745
24.9305 75.8855 6.15151 -0.0723347 -0.99738 0.00125727
25.9351 75.7908 6.12518 -0.126041 -0.991902 -0.0156427
27.0354 75.6228 6.12832 -0.174018 -0.984729 0.00515723
28.0175 75.4325 6.1101 -0.210264 -0.977625 -0.00620118
29.0421 75.1938 6.14844 -0.244679 -0.969596 -0.00347763
30.0335 74.9207 6.15272 -0.286174 -0.958169 -0.00407613
31.0373 74.604 6.12183 -0.320217 -0.94734 -0.00267544
32.0274 74.2613 6.12128 -0.338545 -0.940814 -0.0148343
32.9751 73.9073 6.16062 -0.365109 -0.930906 -0.0104733
33.9608 73.5049 6.1377 -0.381763 -0.924199 -0.0106694
34.9161 73.0962 6.15279 -0.396457 -0.918025 -0.0072229
35.8546 72.6674 6.14487 -0.430252 -0.902691 -0.00207416
36.807 72.1996 6.10844 -0.464489 -0.885552 -0.0014845
37.4169 71.8676 5.56812 -0.485323 -0.874304 0.00573479
37.4101 71.8711 4.5339 -0.480279 -0.877106 -0.00405721
37.4114 71.8722 3.49921 -0.459928 -0.887954 0.00221766
37.44 71.8584 2.40208 -0.455212 -0.890362 -0.00597372
37.4093 71.883 1.28575 -0.467534 -0.883951 -0.00653657
37.4152 71.8905 0.197003 -0.46595 -0.884743 -0.00433123
37.4633 71.8639 -0.880668 -0.462724 -0.886499 0.000601339
37.481 71.8663 -1.88322 -0.459907 -0.887808 -0.0161511
37.4822 71.8703 -3.01935 -0.451923 -0.89176 0.0230196
37.4495 71.8854 -4.02483 -0.454931 -0.890227 -0.0229982
37.4938 71.8961 -5.15677 -0.454405 -0.89053 -0.0211051
37.3063 72.0012 -6.13817 -0.451156 -0.892405 0.00452761
36.3517 72.4694 -6.13673 -0.42863 -0.903477 0.0024875
35.4156 72.9025 -6.13738 -0.412107 -0.911122 -0.00250222
34.4488 73.3327 -6.15976 -0.401474 -0.915869 -0.000909883
33.4096 73.7736 -6.14932 -0.372327 -0.928079 0.0036034
32.3861 74.1738 -6.13506 -0.354433 -0.935076 -0.00040028
31.4144 74.5307 -6.14113 -0.311104 -0.950343 0.00784195
30.4239 74.8394 -6.14268 -0.276154 -0.961084 -0.00705195
29.3923 75.1323 -6.14421 -0.266951 -0.963707 -0.00247577
28.2847 75.408 -6.146 -0.21426 -0.976583 0.0102224
27.2391 75.6101 -6.11185 -0.175711 -0.984431 -1.37672e-05
26.2334 75.7584 -6.12608 -0.121348 -0.992603 -0.00378882
25.0359 75.8747 -6.13962 -0.0771957 -0.996938 -0.0118284
23.8536 75.9229 -6.16449 -0.010486 -0.999943 -0.00175953
22.7406 75.9088 -6.16538 0.0462039 -0.998801 0.00442056
21.7311 75.8283 -6.14786 0.0980272 -0.995173 0.00227882
20.7073 75.6873 -6.15941 0.192737 -0.981206 0.00929963
19.7054 75.4658 -6.14565 0.228764 -0.973425 -0.00296597
18.6133 75.2188 -6.15964 0.225714 -0.974153 0.0088681
17.4271 74.9061 -6.12286 0.276359 -0.960866 -0.0139228
16.4797 74.6061 -5.99136 0.318067 -0.948062 -0.00342969
16.4231 74.5811 -4.9937 0.31404 -0.949333 -0.00540992
16.4106 74.5748 -3.93566 0.326558 -0.945177 0.000293247
16.4131 74.5566 -2.88654 0.327751 -0.944692 -0.0115998
16.3829 74.5545 -1.79558 0.327531 -0.944349 0.0304839
16.394 74.5856 -0.764703 0.293038 -0.956066 0.00421849
16.3975 74.6022 0.303694 0.287464 -0.957717 0.0119577
16.3784 74.5991 0.795511 0.300824 -0.953263 -0.0167776
15.4715 74.2791 0.786711 0.338734 -0.940625 -0.0219758
15.4947 74.264 1.78792 0.31555 -0.948813 -0.00603368
15.4894 74.2671 2.85596 0.322289 -0.946225 0.0212161
15.5038 74.288 3.8588 0.346643 -0.937965 0.00780914
15.5012 74.2765 5.01597 0.357127 -0.933911 -0.0164458
15.4994 74.2535 6.04937 0.337877 -0.940913 -0.0228325
15.6635 74.3133 7.05585 0.350583 -0.936483 0.00952302
16.6907 74.67 7.09532 0.326567 -0.945115 0.0104728
17.7184 75.0008 7.0824 0.275491 -0.961103 0.0155333
18.7545 75.2794 7.06816 0.25289 -0.967427 0.011064
19.8632 75.5377 7.0897 0.210133 -0.977668 -0.001351
20.9703 75.7352 7.06523 0.140009 -0.990056 -0.0136626
22.1215 75.8689 7.06991 0.0900789 -0.995934 -0.00100272
23.2042 75.9355 7.07058 0.0206656 -0.999786 -0.00124693
24.3113 75.9241 7.0842 -0.0351836 -0.999378 0.00231795
25.3097 75.8552 7.07734 -0.0925275 -0.995616 -0.0136707
26.3396 75.7361 7.07746 -0.135169 -0.990752 -0.0117945
27.4351 75.5554 7.07276 -0.184898 -0.982758 -0.000497093
28.4366 75.3415 7.07932 -0.221125 -0.975211 -0.0017293
29.5446 75.059 7.09541 -0.262825 -0.964808 -6.69782e-05
30.5067 74.7757 7.08253 -0.299243 -0.954134 -0.00907585
31.5673 74.4117 7.06829 -0.334368 -0.94239 -0.00936378
32.6119 74.0347 7.09351 -0.352226 -0.93569 -0.0165242
33.5577 73.6582 7.08558 -0.380959 -0.924484 -0.0135647
34.5 73.2665 7.08002 -0.388299 -0.921451 -0.011576
35.4811 72.8373 7.09022 -0.412138 -0.911113 -0.00360921
36.5278 72.3324 7.05864 -0.446217 -0.89483 -0.0123753
37.5479 71.8041 7.10099 -0.486206 -0.873841 0.00120026
38.2287 71.4176 6.56731 -0.499536 -0.86627 0.00622956
38.2469 71.399 5.47347 -0.490926 -0.871201 -0.00045682
38.2451 71.4102 4.46049 -0.490511 -0.871315 -0.0144335
38.2548 71.422 3.32209 -0.480742 -0.876815 -0.00608555
38.2686 71.4185 2.26367 -0.483192 -0.875514 -0.000242944
38.24 71.4326 1.19171 -0.480178 -0.877158 -0.00158346
38.2719 71.423 0.0978106 -0.483985 -0.875006 -0.0111105
38.2951 71.4225 -0.98786 -0.480006 -0.877252 -0.00479996
38.3047 71.4313 -2.06398 -0.47992 -0.877136 -0.0167899
38.3206 71.4289 -3.09507 -0.479947 -0.877278 0.00356501
38.2909 71.452 -4.14107 -0.462837 -0.886144 -0.023044
38.3365 71.4554 -5.20435 -0.475513 -0.879448 -0.0208648
38.3313 71.4653 -6.22178 -0.489125 -0.872207 0.00348539
38.0316 71.6212 -7.09583 -0.461083 -0.887256 0.0121136
37.1061 72.0929 -7.10206 -0.447512 -0.894225 0.00961128
36.17 72.553 -7.0838 -0.429443 -0.903033 0.00773108
35.2549 72.973 -7.08394 -0.41272 -0.910843 0.00445872
34.2284 73.4287 -7.10573 -0.39275 -0.919566 -0.00660721
33.2774 73.8216 -7.10454 -0.373318 -0.927693 0.0044065
32.3 74.2079 -7.09116 -0.357276 -0.93399 -0.00200212
31.2074 74.5905 -7.09037 -0.318565 -0.94782 0.0123653
30.1068 74.9381 -7.07088 -0.289735 -0.957097 -0.00434205
29.0688 75.2124 -7.10142 -0.24033 -0.970648 0.00845194
28.0343 75.4587 -7.093 -0.219057 -0.975512 0.0197476
26.9561 75.6564 -7.08088 -0.16265 -0.986632 0.00805047
25.881 75.8072 -7.07868 -0.103629 -0.994555 -0.00974532
24.861 75.8993 -7.10046 -0.0532881 -0.998249 -0.0155183
23.8273 75.9268 -7.10096 -0.000716149 -0.999959 0.00906275
22.6442 75.8919 -7.11955 0.059319 -0.998152 0.0131623
21.4751 75.789 -7.12206 0.115496 -0.993257 0.010062
20.3889 75.6168 -7.08434 0.17981 -0.98363 0.0118601
19.2939 75.387 -7.09194 0.224589 -0.974265 -0.0190529
18.2123 75.1198 -7.0967 0.242857 -0.970044 -0.000644624
17.1866 74.8409 -7.06175 0.308704 -0.951116 -0.00892358
16.1052 74.4655 -7.09632 0.34726 -0.937516 0.0217942
15.539 74.2614 -6.50532 0.364707 -0.931011 0.0143955
15.5352 74.2688 -5.45556 0.356864 -0.934026 -0.0155788
15.4913 74.248 -4.34166 0.361409 -0.932364 0.00765153
15.515 74.2479 -3.25071 0.333026 -0.942746 -0.0173015
15.5093 74.2397 -2.16532 0.322421 -0.946515 0.0123781
15.4973 74.2589 -1.06864 0.352408 -0.935115 0.0369845
15.4978 74.2809 -0.0516327 0.361485 -0.932183 0.0190786
15.471 74.2805 0.71708 0.338996 -0.940557 -0.0208557
16.8659 74.7364 0.00573689 0.290654 -0.956725 0.0140289
17.9238 75.0614 0.00391804 0.283972 -0.958751 0.0124732
19.0144 75.3559 0.00289306 0.23496 -0.971979 0.0071359
20.02 75.5642 0.00199653 0.182174 -0.983257 -0.00431093
21.0941 75.7492 0.00141417 0.153637 -0.988121 -0.00367766
22.1742 75.8706 0.0011997 0.0681832 -0.997667 0.00354496
23.2886 75.9314 0.00135988 0.027645 -0.999617 -0.000829712
24.3428 75.9145 0.00131387 -0.0449808 -0.998929 0.0108324
25.4623 75.8435 0.000970952 -0.0703738 -0.997513 -0.00396398
26.478 75.7227 0.00248568 -0.133307 -0.990844 -0.0213877
27.4713 75.561 0.00289949 -0.17871 -0.983869 -0.00801604
28.5991 75.3189 0.0015222 -0.229625 -0.973275 0.00296668
29.6451 75.0606 0.00102542 -0.245954 -0.969271 -0.00448106
30.6482 74.7552 -2.12525e-05 -0.310919 -0.950405 -0.00768782
31.6886 74.4089 -0.000695732 -0.3306 -0.943768 -0.0022384
32.6594 74.0591 -0.00225136 -0.361144 -0.932453 0.010292
33.6901 73.6499 -0.00367539 -0.383286 -0.92363 0.000220651
34.6585 73.2276 -0.00557949 -0.414175 -0.910196 -0.00163549
35.6269 72.7801 -0.00781752 -0.427651 -0.90394 -0.00282646
36.6563 72.2785 -0.01157 -0.45265 -0.891655 -0.00768762
36.909 72.1502 -0.0122035 -0.45407 -0.890961 -0.00290373
36.8358 72.1788 0.940887 -0.4518 -0.892055 -0.0107167
35.8938 72.6481 0.940892 -0.440031 -0.897971 -0.00447594
34.8401 73.148 0.941921 -0.420438 -0.907309 0.00462435
33.8419 73.5873 0.938886 -0.378821 -0.925464 -0.00316624
32.7326 74.0299 0.934728 -0.359245 -0.933243 -0.000287564
31.7497 74.3807 0.931147 -0.319317 -0.947621 -0.00719812
30.7476 74.7167 0.926867 -0.316768 -0.948503 0.000479367
29.6994 75.0438 0.922423 -0.271394 -0.962393 -0.011994
28.719 75.2981 0.918914 -0.231622 -0.972768 0.00858127
27.6968 75.5179 0.9169 -0.182943 -0.983123 -0.00142801
26.5405 75.7051 0.912347 -0.150296 -0.988611 -0.00773851
25.376 75.8472 0.907864 -0.0911622 -0.995829 -0.00378817
24.3181 75.9178 0.905532 -0.0377359 -0.999216 0.0119993
23.2729 75.9317 0.904719 0.0383219 -0.999195 0.0118771
22.2735 75.8741 0.904371 0.0753248 -0.997153 0.00333643
21.2448 75.7681 0.90546 0.134048 -0.990971 -0.00288024
20.2433 75.6062 0.907417 0.182628 -0.983179 -0.00235891
19.2064 75.3977 0.909011 0.230583 -0.973006 -0.00953899
18.2225 75.1472 0.911524 0.272701 -0.962 -0.0138064
17.2498 74.8615 0.913681 0.28991 -0.957052 0.00184108
17.0229 74.7928 0.914182 0.289383 -0.95721 0.00254225
16.9869 74.7706 1.82035 0.317985 -0.947572 -0.0315226
18.0501 75.0979 1.818 0.282026 -0.959401 0.00323592
19.1349 75.3804 1.81514 0.216579 -0.976242 0.00672744
20.1403 75.5821 1.8127 0.185825 -0.982525 -0.0106776
21.2751 75.7746 1.81015 0.139136 -0.990266 0.00386808
22.4474 75.8922 1.80903 0.0705539 -0.997499 0.0043233
23.5247 75.9423 1.80957 0.0186341 -0.999826 0.00121925
24.6121 75.9076 1.81366 -0.0453504 -0.998956 0.00551907
25.6316 75.8318 1.81685 -0.113689 -0.993287 0.0213542
26.6432 75.6918 1.8218 -0.152027 -0.988347 0.00754684
27.6618 75.524 1.82887 -0.177515 -0.984099 -0.00617126
28.7538 75.2836 1.83621 -0.248474 -0.968638 0.0010061
29.7541 75.0194 1.8446 -0.268914 -0.963084 -0.0124598
30.8866 74.6757 1.85544 -0.309747 -0.950797 0.00652447
31.8555 74.3434 1.86417 -0.329662 -0.944099 0.000825645
32.9476 73.9423 1.87324 -0.360051 -0.932912 -0.00627902
33.9081 73.5591 1.88248 -0.38355 -0.92352 5.37916e-05
34.9982 73.0805 1.88955 -0.421492 -0.906811 0.00627162
35.935 72.6247 1.89607 -0.445762 -0.895127 0.00658142
36.9052 72.1352 1.89823 -0.449505 -0.89325 -0.00702914
36.954 72.1107 1.89833 -0.450191 -0.892891 -0.00855425
36.8104 72.1787 2.85707 -0.454669 -0.89066 -0.00125741
35.7837 72.7036 2.84789 -0.445471 -0.89529 0.00342896
34.7425 73.1973 2.83808 -0.412841 -0.910657 -0.0163093
33.8072 73.5961 2.82428 -0.378514 -0.925559 -0.00816982
32.7191 74.0269 2.80961 -0.357028 -0.934082 -0.00469844
31.7783 74.372 2.79626 -0.32707 -0.944998 -0.00207454
30.7145 74.7331 2.78048 -0.302199 -0.953244 0.00138225
29.6282 75.0507 2.7644 -0.266145 -0.963931 0.00191109
28.6444 75.3073 2.75053 -0.234552 -0.972103 -0.00140684
27.5639 75.5339 2.73923 -0.179604 -0.983737 -0.00186745
26.5671 75.7085 2.72958 -0.162305 -0.986733 0.00387558
25.4073 75.8563 2.71966 -0.0910326 -0.995784 0.0112443
24.3335 75.919 2.71437 -0.0372895 -0.999297 0.00379015
23.2902 75.9374 2.71261 0.0123248 -0.999845 0.0125399
22.2662 75.881 2.7116 0.0793195 -0.996837 -0.00502789
21.253 75.7766 2.71411 0.134064 -0.990848 0.0157023
20.1186 75.5739 2.71669 0.190696 -0.981648 -0.00179707
19.0816 75.3555 2.72084 0.2244 -0.974451 -0.0094896
18.0322 75.0963 2.72483 0.261915 -0.964973 -0.0150918
17.0394 74.7934 2.7291 0.314015 -0.949338 0.0123663
16.9924 74.7777 2.7293 0.321081 -0.946858 0.0191714
16.9287 74.7657 3.6387 0.306851 -0.951741 0.005697
17.887 75.0524 3.63331 0.262773 -0.964811 0.00950392
18.8576 75.2961 3.62737 0.233495 -0.972352 0.00351983
19.892 75.5307 3.62137 0.194436 -0.980911 0.00280558
20.9582 75.7226 3.61692 0.15619 -0.987704 -0.00671923
21.9738 75.8543 3.61504 0.0989335 -0.994961 -0.0162656
22.9894 75.9206 3.61282 0.049608 -0.998765 -0.0028629
24.023 75.9311 3.61617 -0.0316662 -0.999438 0.0110011
25.1125 75.8751 3.62349 -0.0579925 -0.998314 -0.00235325
26.1589 75.7725 3.63195 -0.131445 -0.991278 -0.00948428
27.327 75.579 3.64618 -0.18226 -0.983176 0.012135
28.3086 75.3826 3.66222 -0.223448 -0.974621 -0.013564
29.3562 75.1263 3.68079 -0.263507 -0.964656 -0.00172294
30.3661 74.8367 3.70057 -0.288366 -0.957489 -0.00773186
31.3896 74.5061 3.72137 -0.321703 -0.946833 -0.00371674
32.3649 74.1566 3.74002 -0.348713 -0.937211 -0.0058761
33.3971 73.7569 3.7629 -0.367452 -0.93004 -0.00214253
34.3794 73.352 3.78031 -0.406735 -0.913445 -0.0136151
35.3741 72.8969 3.79925 -0.423506 -0.905866 -0.00710908
36.2902 72.4557 3.81164 -0.445961 -0.894977 0.0115848
36.9808 72.1013 3.81869 -0.466669 -0.884413 0.00590955
36.9809 72.1026 4.78312 -0.472507 -0.881311 0.00520921
35.9144 72.6409 4.76449 -0.428882 -0.903351 -0.00423605
34.9632 73.0806 4.74412 -0.41816 -0.908358 -0.00525301
33.9813 73.5148 4.72097 -0.382887 -0.923716 -0.0120747
32.9501 73.9284 4.6941 -0.359137 -0.933276 -0.0039375
31.9499 74.3037 4.66721 -0.338001 -0.941137 -0.00405223
30.9397 74.6473 4.63972 -0.314822 -0.949072 -0.0122031
29.8727 74.9794 4.60965 -0.271603 -0.962409 0.000633906
28.8165 75.2582 4.58463 -0.239489 -0.970771 -0.0157587
27.8233 75.4819 4.56568 -0.198495 -0.97999 -0.014815
26.6768 75.6912 4.54394 -0.1612 -0.98692 -0.00161342
25.5863 75.8309 4.52891 -0.0963729 -0.995331 -0.00535192
24.5065 75.9081 4.51824 -0.060039 -0.998195 0.00116528
23.4684 75.9341 4.51214 0.0151818 -0.999863 0.00660778
22.3804 75.8867 4.51256 0.0593458 -0.998215 0.00673768
21.3404 75.7767 4.51532 0.144313 -0.989498 0.00826402
20.3013 75.606 4.52252 0.174219 -0.9847 0.00375881
19.2313 75.3922 4.53017 0.223514 -0.974688 -0.00504398
18.2603 75.1456 4.53771 0.264075 -0.964416 -0.01292
17.1366 74.838 4.54765 0.277572 -0.960611 0.0134569
16.9051 74.7704 4.54915 0.29303 -0.956103 -0.000425356
16.8667 74.7572 5.46101 0.322225 -0.946663 -0.000791523
17.9983 75.0715 5.45009 0.250306 -0.968164 0.00225389
19.146 75.3672 5.43478 0.241843 -0.970284 -0.00777537
20.1466 75.5913 5.42334 0.186584 -0.982354 0.0128972
21.1737 75.763 5.4141 0.151897 -0.98836 0.00852909
22.2557 75.8763 5.40794 0.0718975 -0.997395 0.00585165
23.4176 75.9398 5.40832 0.0235253 -0.999639 0.0129555
24.5479 75.9091 5.41535 -0.0506221 -0.998714 0.00272372
25.5743 75.8322 5.42741 -0.0894063 -0.995982 0.00505567
26.6024 75.6974 5.44474 -0.168319 -0.985687 -0.00950578
27.6818 75.5015 5.46858 -0.191911 -0.981383 -0.00755275
28.8238 75.2485 5.49631 -0.236262 -0.971687 0.0020905
30.0467 74.9206 5.53694 -0.281693 -0.959482 -0.00651988
31.0114 74.6167 5.57101 -0.313431 -0.949599 -0.00471121
32.0707 74.2527 5.60563 -0.330199 -0.94389 -0.0063805
33.0289 73.8916 5.63905 -0.367384 -0.930017 -0.00989619
33.774 73.5889 5.66224 -0.385056 -0.922771 -0.0150248
36.9898 72.1095 -0.965193 -0.456541 -0.889701 -0.00120729
36.0185 72.5989 -0.96036 -0.439968 -0.897995 -0.00573455
35.0129 73.0686 -0.954551 -0.415208 -0.909717 -0.00402912
34.066 73.4896 -0.948021 -0.388616 -0.9214 -0.000583904
33.1039 73.8832 -0.941637 -0.367342 -0.930083 0.00234656
32.1264 74.2552 -0.934959 -0.33921 -0.940692 0.00593702
31.0067 74.643 -0.928027 -0.316256 -0.948672 -0.0019042
30.0269 74.9533 -0.922349 -0.288322 -0.957512 -0.00643997
29.0411 75.2179 -0.91779 -0.238523 -0.971062 -0.0120845
27.9466 75.4731 -0.912053 -0.215084 -0.976451 -0.0167989
26.8849 75.6684 -0.908537 -0.15544 -0.987843 -0.00188807
25.704 75.8239 -0.906503 -0.108688 -0.993957 -0.0153435
24.5513 75.907 -0.903398 -0.0562383 -0.998412 -0.00333894
23.5219 75.9303 -0.902275 0.000374179 -0.999997 -0.00231326
22.4989 75.8933 -0.902049 0.0594395 -0.998219 0.00515973
21.4132 75.7923 -0.902341 0.135342 -0.9907 -0.0139748
20.3759 75.6298 -0.902072 0.183166 -0.983076 0.00328841
19.362 75.4177 -0.902452 0.232261 -0.972466 0.0191166
18.3363 75.1564 -0.903272 0.25145 -0.967298 0.0332859
17.2745 74.8581 -0.903492 0.292622 -0.956228 -0.000995047
16.8447 74.7265 -0.903394 0.29333 -0.95601 -0.00132361
16.8344 74.7087 -1.81109 0.326184 -0.945235 0.0116139
17.9013 75.0362 -1.80978 0.265803 -0.963985 -0.00905558
18.9029 75.2849 -1.80863 0.236037 -0.971715 0.00746099
19.9765 75.5514 -1.80687 0.234884 -0.971981 0.00911111
21.0827 75.7506 -1.80483 0.152046 -0.988356 -0.00586314
22.2153 75.8705 -1.80471 0.0764275 -0.997073 0.00181688
23.3141 75.9295 -1.80545 0.0361406 -0.999278 -0.0117047
24.4498 75.9171 -1.80636 -0.0418733 -0.999053 -0.0118476
25.4936 75.8493 -1.81001 -0.0834775 -0.996504 0.00346412
26.6578 75.7083 -1.81901 -0.143106 -0.989707 0.00130851
27.7149 75.5264 -1.82634 -0.203794 -0.97899 -0.00684942
28.7566 75.2945 -1.83345 -0.234932 -0.972012 0.00071287
29.872 75.0011 -1.84388 -0.271265 -0.962505 -0.000179843
30.912 74.6751 -1.85536 -0.315065 -0.949056 -0.00512612
31.8659 74.3508 -1.8662 -0.331847 -0.943314 -0.00607372
32.8609 73.9836 -1.87741 -0.370549 -0.928681 -0.0156685
33.8428 73.5868 -1.88786 -0.383813 -0.923409 -0.00160832
34.799 73.1694 -1.89872 -0.408489 -0.912763 -0.000525138
35.8326 72.6932 -1.90965 -0.423757 -0.905775 -0.00156114
36.7295 72.249 -1.91808 -0.451398 -0.892238 -0.0122838
36.9199 72.153 -1.91953 -0.448008 -0.893886 -0.0160071
37.0444 72.0972 -2.87596 -0.455873 -0.889761 0.0224774
36.0086 72.6108 -2.86356 -0.430438 -0.902612 0.00379774
35.0101 73.0745 -2.84851 -0.409053 -0.91251 0.000684549
34.0103 73.5193 -2.83424 -0.403134 -0.91514 -0.00132857
33.0623 73.9132 -2.81819 -0.372 -0.928197 -0.00808549
32.1032 74.2744 -2.80255 -0.335757 -0.941925 -0.00667629
31.1144 74.6153 -2.78624 -0.321298 -0.946974 -0.00286751
30.1491 74.9194 -2.7712 -0.292793 -0.956176 0.000619798
29.0484 75.2266 -2.75331 -0.249673 -0.968325 0.00314386
27.9967 75.4719 -2.7413 -0.204957 -0.978771 0.000181184
26.9997 75.6628 -2.73032 -0.157221 -0.987524 0.00885744
25.9444 75.8032 -2.72052 -0.112643 -0.993629 0.003476
24.928 75.897 -2.71441 -0.0583318 -0.998292 -0.00331908
23.8824 75.9329 -2.70867 -0.0130135 -0.999796 0.0154147
22.746 75.9023 -2.70839 0.0523482 -0.99861 0.00611259
21.7058 75.8209 -2.70854 0.110291 -0.993879 -0.0063576
20.6467 75.683 -2.71016 0.151963 -0.988342 -0.00935787
19.5627 75.4624 -2.71268 0.244204 -0.969715 -0.0041892
18.576 75.2124 -2.71557 0.241683 -0.970271 -0.0127855
17.5613 74.9444 -2.7183 0.283829 -0.958868 -0.00362015
16.8791 74.7235 -2.72042 0.346113 -0.938075 -0.0148794
16.999 74.7648 -3.62914 0.308368 -0.951244 -0.00669627
18.1524 75.1024 -3.62486 0.26515 -0.964185 0.0064842
19.1286 75.3643 -3.61969 0.24707 -0.968968 0.00763438
20.1679 75.5924 -3.61427 0.188751 -0.98197 0.0103428
21.2683 75.7699 -3.61075 0.129126 -0.991589 0.00877269
22.3269 75.8764 -3.60778 0.0657842 -0.997789 -0.00943134
23.3725 75.9283 -3.60872 0.0222164 -0.999742 -0.00465036
24.4713 75.9178 -3.61385 -0.0491083 -0.998704 0.0133505
25.5055 75.8476 -3.62086 -0.0887118 -0.996051 0.00349489
26.7121 75.7042 -3.63601 -0.143299 -0.98963 -0.0098506
27.8092 75.5088 -3.65024 -0.200564 -0.97968 0.00144516
28.8335 75.2773 -3.66685 -0.24376 -0.969822 -0.00520738
29.9018 74.992 -3.68925 -0.284155 -0.958765 0.00500215
30.9573 74.6712 -3.71159 -0.312818 -0.949813 -0.000188289
32.0833 74.2857 -3.73683 -0.339896 -0.940453 -0.00434482
33.0964 73.9011 -3.75766 -0.367974 -0.929831 0.00318842
34.0426 73.507 -3.77846 -0.398731 -0.917068 0.000275431
35.0653 73.0499 -3.79864 -0.412717 -0.910857 -0.00221
36.0202 72.6048 -3.81889 -0.43466 -0.900572 -0.00639139
36.9679 72.1293 -3.83282 -0.451333 -0.892345 -0.00443304
37.0099 72.1081 -3.83331 -0.457749 -0.889063 -0.00575059
36.9808 72.1496 -4.79503 -0.446179 -0.894776 -0.0173079
35.9603 72.6437 -4.77281 -0.427582 -0.903849 -0.0152195
35.0206 73.0726 -4.74812 -0.409451 -0.912324 -0.00385863
34.0216 73.518 -4.72549 -0.398784 -0.917039 0.003235
33.0823 73.9058 -4.69885 -0.36552 -0.930794 0.00428699
32.1257 74.2711 -4.67128 -0.344268 -0.938846 -0.0068898
31.0683 74.6373 -4.64 -0.314107 -0.949366 -0.00635488
29.9711 74.9679 -4.61329 -0.275137 -0.961395 0.00449869
28.9733 75.2441 -4.58526 -0.254011 -0.967195 0.00350718
27.9884 75.4715 -4.56457 -0.202683 -0.979244 -0.000830401
26.8499 75.6816 -4.54389 -0.150185 -0.988655 -0.00226872
25.794 75.81 -4.52826 -0.0969058 -0.995246 0.00968325
24.7764 75.8983 -4.51805 -0.068298 -0.997601 0.0112893
23.6657 75.932 -4.50892 0.00857759 -0.999962 -0.00119528
22.6446 75.902 -4.50758 0.0566438 -0.998344 -0.0100036
21.548 75.808 -4.51 0.103546 -0.994624 0.00126707
20.4741 75.646 -4.51568 0.16906 -0.985605 -0.000917725
19.4706 75.4416 -4.52254 0.213828 -0.976868 0.00235945
18.3843 75.1663 -4.53148 0.268758 -0.963163 -0.00930698
17.4203 74.8918 -4.53853 0.276223 -0.961094 0.000359739
16.8582 74.7195 -4.54287 0.306143 -0.951969 0.00554953
17.0065 74.7697 -5.45528 0.296577 -0.954961 -0.00958167
18.073 75.0887 -5.44381 0.262862 -0.964801 -0.00793306
19.077 75.3326 -5.43148 0.215787 -0.976262 0.0186438
20.2092 75.5943 -5.41828 0.224951 -0.974187 0.0188763
21.262 75.7728 -5.41002 0.132561 -0.991169 -0.00343661
22.2803 75.8809 -5.40435 0.0736384 -0.997211 0.0121629
23.3673 75.9276 -5.40492 -0.00419819 -0.999933 0.0107976
24.5538 75.9011 -5.4119 -0.0371711 -0.999301 0.0040264
25.6542 75.8172 -5.42468 -0.0982464 -0.995161 -0.00159163
26.7811 75.684 -5.4454 -0.141112 -0.989986 0.003901
27.7949 75.51 -5.46894 -0.192897 -0.981215 0.00273726
28.8833 75.266 -5.49836 -0.232287 -0.972628 -0.00607393
29.9464 74.9731 -5.52995 -0.278095 -0.960551 -0.00243684
30.9779 74.6694 -5.56397 -0.288953 -0.95731 -0.00793759
32.1319 74.2708 -5.606 -0.341847 -0.939755 -0.000245133
33.0692 73.9115 -5.63921 -0.362947 -0.931801 -0.00410439
33.9933 73.5305 -5.67189 -0.394475 -0.918888 -0.0058101
34.3618 73.3704 -5.68379 -0.398699 -0.91707 -0.00458831
34.4204 73.345 -5.6855 -0.402407 -0.915454 -0.00355178
