-42.1698 74.3366 -2.74215 -0.0253838 -0.999678 0.000253665
-42.1444 74.3331 -3.8943 -0.0241525 -0.999703 0.00312258
-42.1294 74.3339 -4.91871 -0.0273339 -0.999567 -0.0108951
-42.0297 74.3297 -6.03118 -0.037298 -0.999293 0.00481759
-40.9236 74.286 -6.12274 -0.0402349 -0.999187 0.000565336
-39.8771 74.2282 -6.13478 -0.0722945 -0.99736 0.00685358
-38.7697 74.1371 -6.1055 -0.089247 -0.996006 -0.00256785
-37.7199 74.0405 -6.1214 -0.0947519 -0.995494 0.00148722
-36.6281 73.9198 -6.15276 -0.123822 -0.992295 0.00367023
-35.633 73.7777 -6.16896 -0.152783 -0.988253 -0.00363633
-34.5182 73.5963 -6.13787 -0.164523 -0.986372 0.00175781
-33.4237 73.4006 -6.13384 -0.188123 -0.982139 -0.00320629
-32.3316 73.1816 -6.00645 -0.20187 -0.97941 -0.00229004
-32.2315 73.1607 -4.96545 -0.200316 -0.979664 0.0114896
-32.2385 73.1713 -3.83993 -0.205304 -0.978657 -0.00894523
-32.212 73.1611 -2.82142 -0.209923 -0.977714 -0.00262122
-32.2469 73.1656 -1.65685 -0.205954 -0.978533 -0.00753739
-32.2374 73.154 -0.591239 -0.207513 -0.978156 0.00525109
-32.2001 73.1563 0.43759 -0.204177 -0.978923 0.0046034
-32.2202 73.1636 1.44455 -0.198265 -0.980147 0.00190964
-32.2492 73.1716 2.55027 -0.200695 -0.979652 0.000887358
-32.2325 73.1618 3.64274 -0.209223 -0.97786 0.00405587
-32.2301 73.1675 4.7841 -0.212924 -0.977038 0.00681835
-32.2676 73.1773 5.83615 -0.205228 -0.978713 0.00159937
-33.1182 73.3495 6.13161 -0.194944 -0.980802 0.00487858
-34.1775 73.5496 6.10958 -0.175708 -0.984437 -0.00318509
-35.2309 73.7153 6.13722 -0.144361 -0.98952 0.00283273
-36.261 73.862 6.14929 -0.138392 -0.990377 -0.00090193
-37.2616 73.993 6.1634 -0.118441 -0.992961 -0.000884106
-38.3248 74.1135 6.16553 -0.102124 -0.994762 -0.00429741
-39.4847 74.2182 6.11108 -0.0736635 -0.997283 0.000856872
-40.5983 74.2921 6.11816 -0.0607903 -0.998147 0.00263228
-41.7614 74.3393 6.1236 -0.032786 -0.999457 -0.00270528
-42.1142 74.3542 5.28053 -0.0340997 -0.9994 -0.00601589
-42.1007 74.3593 4.26106 -0.039738 -0.999166 -0.00936222
-42.1309 74.3604 3.20545 -0.028543 -0.999592 -0.000424933
-42.1266 74.3555 2.187 -0.0393022 -0.999217 0.00428523
-42.148 74.3526 1.08281 -0.0354316 -0.999368 0.00285961
-42.1239 74.3468 0.0500085 -0.0327467 -0.999446 0.00601198
-42.1284 74.3412 -1.02744 -0.0333067 -0.999435 0.00451207
-42.1652 74.336 -2.18848 -0.0272596 -0.999626 0.00120934
-42.1696 74.3366 -2.70027 -0.0262048 -0.999655 -0.000959232
-43.0722 74.3585 -2.67423 -0.0230887 -0.999721 0.00508267
-43.064 74.3642 -1.60166 -0.0282036 -0.999568 0.00826869
-43.054 74.3719 -0.528905 -0.0262398 -0.999633 0.00679246
-43.0623 74.3769 0.482839 -0.0268006 -0.999615 0.0064212
-43.0624 74.3813 1.63493 -0.0176483 -0.99984 0.00175326
-43.0539 74.382 2.8153 -0.0164869 -0.999854 0.00446741
-43.0252 74.3848 3.92669 -0.022209 -0.999752 -0.00121275
-43.0318 74.3812 5.01921 -0.0265344 -0.999641 -0.0037098
-43.0449 74.3785 6.02987 -0.0278328 -0.999611 -0.00198688
-42.73 74.3705 7.05119 -0.0280748 -0.999597 0.00395231
-41.6133 74.3358 7.06442 -0.0346859 -0.999394 0.00279033
-40.4874 74.2889 7.05722 -0.0498637 -0.998714 0.00809607
-39.453 74.2123 7.04371 -0.0876929 -0.996143 -0.00314678
-38.3131 74.1101 7.07467 -0.0922424 -0.995732 -0.00288958
-37.2475 73.989 7.08488 -0.127254 -0.991866 -0.00300697
-36.2346 73.8565 7.07568 -0.131959 -0.991249 -0.00362398
-35.0731 73.6903 7.0582 -0.149217 -0.988784 -0.00641075
-33.964 73.5094 7.04308 -0.17144 -0.98518 -0.00444832
-32.964 73.3224 7.05841 -0.194756 -0.980842 0.00250168
-31.937 73.1117 7.04608 -0.205533 -0.978647 0.00162715
-31.3498 72.9811 6.49105 -0.228212 -0.973611 -0.000827432
-31.331 72.9711 5.47663 -0.231513 -0.972784 0.00735955
-31.3286 72.9631 4.41655 -0.215927 -0.976314 0.0103473
-31.3306 72.9682 3.39348 -0.21317 -0.976886 -0.0149211
-31.3306 72.977 2.28648 -0.219087 -0.975705 7.00689e-05
-31.3224 72.9681 1.24039 -0.234482 -0.972056 0.0111927
-31.3243 72.9657 0.139329 -0.233544 -0.972346 -0.000745741
-31.3517 72.9679 -0.938397 -0.202575 -0.979264 -0.00218643
-31.3375 72.9753 -2.07258 -0.22741 -0.973754 -0.00936176
-31.3181 72.9679 -3.10629 -0.21691 -0.97619 0.00163362
-31.3409 72.9741 -4.12922 -0.222663 -0.974878 -0.00588589
-31.3168 72.9638 -5.27182 -0.23163 -0.972756 0.00575153
-31.3617 72.967 -6.31751 -0.226036 -0.974099 0.00619944
-31.86 73.0752 -7.04151 -0.222243 -0.974928 0.0111211
-32.914 73.3029 -7.04619 -0.202145 -0.979355 -0.000960745
-33.9021 73.4898 -7.04732 -0.170748 -0.985311 0.00288743
-35.057 73.6855 -7.06876 -0.164308 -0.986408 0.00142453
-36.1064 73.8505 -7.07257 -0.145658 -0.989332 0.00254566
-37.1332 73.9764 -7.04884 -0.111272 -0.993786 0.00278856
-38.1388 74.0809 -7.05954 -0.0967866 -0.995299 0.00343596
-39.2847 74.1813 -7.04416 -0.0791044 -0.996858 0.00402172
-40.3916 74.2594 -7.05502 -0.0602716 -0.998153 0.00766679
-41.5543 74.3139 -7.05895 -0.0376149 -0.999281 -0.00472222
-42.7298 74.3534 -7.03845 -0.0224919 -0.999705 -0.00603557
-43.0524 74.3583 -6.1375 -0.0178683 -0.999837 -0.00199351
-43.0608 74.3569 -5.1347 -0.0172595 -0.999841 -0.00397046
-43.061 74.3543 -4.06936 -0.0225433 -0.999745 0.001351
-43.0731 74.3571 -2.94656 -0.0224729 -0.999739 0.0038995
-43.0725 74.3577 -2.83223 -0.0230887 -0.999721 0.00508267
-41.7118 74.323 -2.69667 -0.03266 -0.999464 -0.00209439
-40.6642 74.2772 -2.6978 -0.0568569 -0.998365 0.00582473
-39.6579 74.2136 -2.69918 -0.0697788 -0.997499 0.0112257
-38.6462 74.1368 -2.70155 -0.0852896 -0.996348 0.00409442
-37.5593 74.0253 -2.70387 -0.109425 -0.993995 -0.000276709
-36.5265 73.9047 -2.70644 -0.128814 -0.991658 -0.00454323
-35.5341 73.7623 -2.70858 -0.156495 -0.987678 0.0012225
-34.4628 73.5894 -2.71105 -0.161284 -0.986908 0.000913145
-33.42 73.409 -2.71296 -0.185289 -0.982679 0.00329134
-32.8326 73.2912 -2.71388 -0.203581 -0.979052 -0.00346116
-32.7505 73.2713 -1.81001 -0.205884 -0.978559 -0.00584344
-33.8086 73.4808 -1.80842 -0.178373 -0.983939 0.00685168
-34.8912 73.6606 -1.80696 -0.15949 -0.987191 0.00402168
-36.0957 73.8417 -1.80515 -0.138337 -0.990381 -0.00283897
-37.1669 73.9772 -1.80338 -0.121581 -0.992577 -0.00286614
-38.2004 74.0946 -1.80193 -0.103045 -0.994676 0.000771369
-39.2253 74.1885 -1.80048 -0.0742488 -0.997219 0.0064317
-40.2609 74.2585 -1.79954 -0.0598789 -0.998194 0.00486924
-41.3074 74.3107 -1.79881 -0.0393756 -0.999224 -5.79401e-05
-41.6944 74.3239 -1.79858 -0.0289845 -0.99958 0.000375092
-41.6618 74.3262 -0.899696 -0.0332443 -0.999439 0.00412698
-40.5371 74.2744 -0.900121 -0.0512458 -0.998686 -0.000461469
-39.3559 74.1986 -0.900688 -0.0784043 -0.996917 0.0031571
-38.2896 74.1029 -0.901378 -0.102566 -0.994726 -0.000512403
-37.2106 73.9819 -0.902093 -0.121109 -0.992637 0.00221654
-36.1801 73.8527 -0.902791 -0.132699 -0.991154 0.00225358
-35.111 73.7009 -0.903505 -0.153725 -0.988097 0.00577387
-34.1206 73.536 -0.904143 -0.174347 -0.984674 0.00457766
-33.1299 73.3459 -0.904787 -0.207135 -0.978284 -0.00751154
-32.6939 73.2538 -0.905207 -0.208908 -0.977915 -0.00628886
-32.8106 73.2778 -0.000589684 -0.200276 -0.979734 0.00314693
-33.8054 73.4765 -5.63936e-05 -0.187354 -0.982283 -0.00439355
-34.8151 73.6551 -0.000193061 -0.15899 -0.987261 -0.00621574
-35.8323 73.8075 -0.000503992 -0.135197 -0.990818 0.00135619
-37.0306 73.9624 -0.000684103 -0.122016 -0.992515 0.00517146
-38.0979 74.087 -0.000727607 -0.0988927 -0.995091 0.00377213
-39.1484 74.1824 -0.000980602 -0.086183 -0.996279 0.00044702
-40.2601 74.263 -0.00104698 -0.0649375 -0.997889 0.000116546
-41.365 74.3151 -0.00110362 -0.0427286 -0.999083 0.00284461
-41.5749 74.3242 -0.00108797 -0.0430555 -0.999064 0.00413269
-41.6234 74.33 0.897597 -0.0450901 -0.998977 0.00331273
-40.6172 74.2824 0.898156 -0.0519125 -0.998642 0.00429608
-39.5489 74.2153 0.898821 -0.0747214 -0.997203 -0.00171431
-38.5299 74.1301 0.899591 -0.08956 -0.99598 0.00158363
-37.4202 74.0143 0.900754 -0.11783 -0.993026 0.00380905
-36.4128 73.8877 0.901625 -0.130589 -0.991434 0.00227569
-35.4017 73.7461 0.902444 -0.14654 -0.989204 -0.00126543
-34.2957 73.5637 0.903247 -0.174614 -0.984633 0.00266734
-33.2259 73.3625 0.903838 -0.19417 -0.980967 0.00143145
-32.6856 73.2558 0.904102 -0.193017 -0.981194 0.00179195
-32.7148 73.2632 1.80891 -0.192529 -0.98129 0.00154756
-33.723 73.4601 1.80781 -0.191659 -0.981461 -0.000786106
-34.8262 73.6562 1.80632 -0.157885 -0.987456 -0.00148004
-35.951 73.8246 1.80439 -0.140806 -0.990036 -0.00139619
-37.0194 73.9669 1.80274 -0.128855 -0.991657 -0.00367789
-38.058 74.0863 1.80114 -0.102561 -0.994712 -0.00542633
-39.0864 74.1801 1.79957 -0.0821797 -0.996615 0.00204248
-40.1597 74.2599 1.7983 -0.0639462 -0.997953 3.72937e-05
-41.2454 74.3158 1.79719 -0.048521 -0.998815 0.00379309
-41.5672 74.3307 1.79703 -0.0460102 -0.998932 0.00423659
-41.5635 74.334 2.69553 -0.0466467 -0.998892 0.00619221
-40.3615 74.2733 2.69737 -0.0548583 -0.998494 3.68297e-05
-39.1924 74.1908 2.69936 -0.0848922 -0.99639 -0.000283805
-38.1843 74.0951 2.70155 -0.101926 -0.994784 -0.00387024
-37.1418 73.9783 2.704 -0.120373 -0.992719 -0.00450436
-36.0071 73.8295 2.70692 -0.13569 -0.990749 -0.00204708
-34.8607 73.6612 2.70982 -0.16395 -0.986468 -0.00110934
-33.8487 73.483 2.71208 -0.181953 -0.983307 0.000176276
-32.7406 73.2698 2.71429 -0.194758 -0.980851 0.000576977
-32.7605 73.2736 3.61962 -0.198845 -0.979997 0.00818024
-33.8019 73.4733 3.61712 -0.174569 -0.984641 0.00284062
-34.8076 73.651 3.61358 -0.161039 -0.986937 0.0046434
-35.9112 73.8164 3.60969 -0.137427 -0.990512 0.000829299
-37.0256 73.9649 3.60591 -0.124533 -0.992214 -0.0014991
-38.252 74.1028 3.60173 -0.102476 -0.994714 0.00656155
-39.3146 74.2016 3.59869 -0.0765206 -0.997067 0.00156078
-40.3771 74.2742 3.59598 -0.0606774 -0.998157 0.00103935
-41.4041 74.3305 3.59403 -0.050429 -0.998721 0.0037659
-41.5894 74.3398 3.59372 -0.0455392 -0.998954 0.00408065
-41.5963 74.3391 4.49173 -0.0431592 -0.999068 0.00064929
-40.5026 74.2825 4.49419 -0.0633237 -0.997974 0.00608576
-39.4076 74.2115 4.49752 -0.0732422 -0.997294 0.00632503
-38.3757 74.1217 4.5015 -0.105619 -0.994395 0.00476731
-37.3116 74.0018 4.50611 -0.122978 -0.992345 0.0112956
-36.2324 73.8587 4.51085 -0.135477 -0.990778 -0.00227219
-35.0847 73.6964 4.51621 -0.154529 -0.987977 -0.00469104
-33.8912 73.4954 4.52202 -0.174016 -0.984716 0.00721242
-32.9073 73.3079 4.52555 -0.196022 -0.980578 0.00643991
-32.8356 73.2934 4.52577 -0.197446 -0.980285 0.00744921
-32.8562 73.2973 5.43315 -0.197079 -0.980387 -0.00129118
-33.8748 73.4931 5.42738 -0.183307 -0.983054 0.00200503
-34.8834 73.6625 5.42083 -0.149306 -0.988788 0.00252024
-35.9223 73.8135 5.41533 -0.139977 -0.990155 0.000220481
-36.9887 73.9607 5.40865 -0.129158 -0.991603 -0.00647933
-38.0393 74.0862 5.40283 -0.107854 -0.994167 -0.000601061
-39.2027 74.1954 5.39751 -0.0719775 -0.9974 -0.00348848
-40.2371 74.267 5.39316 -0.0649872 -0.997883 0.00248319
-41.3734 74.3278 5.38947 -0.0357741 -0.999344 -0.00557881
-41.517 74.333 5.38915 -0.0363327 -0.999328 -0.00474301
-41.5557 74.317 -3.59502 -0.037112 -0.999293 0.00609557
-40.452 74.2597 -3.59687 -0.0637901 -0.997958 0.00337589
-39.4514 74.195 -3.59917 -0.0627401 -0.998011 0.00608682
-38.3969 74.1105 -3.60206 -0.0916211 -0.995792 0.00188458
-37.254 73.9931 -3.60568 -0.108453 -0.994101 -0.00128791
-36.2188 73.8631 -3.60945 -0.134867 -0.990861 0.00246564
-35.1628 73.7037 -3.6128 -0.159806 -0.987148 -0.000254907
-34.1726 73.5407 -3.61578 -0.169046 -0.985599 0.00418204
-33.1563 73.3555 -3.61803 -0.194639 -0.980862 0.00499045
-32.7467 73.2731 -3.61891 -0.192049 -0.981385 0.00036891
-32.7989 73.2784 -4.52547 -0.193443 -0.981063 0.00978637
-33.9242 73.4959 -4.5217 -0.18185 -0.983326 0.0011682
-34.9589 73.6716 -4.51731 -0.155747 -0.987796 -0.00127552
-36.0507 73.8405 -4.5126 -0.139399 -0.990232 -0.00297183
-37.0953 73.9746 -4.50743 -0.1144 -0.993434 -0.00110785
-38.1276 74.0803 -4.50287 -0.0952327 -0.995451 0.00277198
-39.2053 74.1747 -4.49883 -0.0838561 -0.996475 -0.0024539
-40.2151 74.2461 -4.49546 -0.0627888 -0.997992 -0.0083551
-41.2424 74.3039 -4.49314 -0.0518989 -0.998652 -0.000883451
-41.5685 74.3168 -4.49242 -0.0336357 -0.99943 0.00301749
-41.4609 74.3103 -5.3897 -0.037686 -0.999274 0.00550613
-40.3534 74.2574 -5.39287 -0.0565807 -0.998397 0.00140374
-39.295 74.1823 -5.3969 -0.0807984 -0.99673 -0.000150404
-38.2526 74.0896 -5.40183 -0.0927838 -0.995686 -0.000434595
-37.1938 73.9861 -5.40801 -0.112043 -0.993693 -0.00460871
-36.1063 73.8495 -5.41463 -0.145157 -0.989391 -0.00585106
-35.0597 73.6868 -5.42075 -0.157043 -0.987587 0.00314757
-33.9511 73.4993 -5.42715 -0.183217 -0.983071 0.00186326
-32.9771 73.3095 -5.43195 -0.193682 -0.981063 0.00155171
-32.7569 73.266 -5.43292 -0.195855 -0.980633 0.000730858
