15.6536 75.445 1.74878 0.352071 -0.935973 0.000875782
15.6776 75.4481 0.599368 0.366277 -0.930502 0.00252233
15.6807 75.4457 -0.416729 0.383285 -0.922327 0.0437777
15.7012 75.4031 -1.44568 0.353893 -0.933902 0.0508602
15.6825 75.3728 -2.59914 0.381562 -0.924109 -0.0171954
15.6933 75.4013 -3.60458 0.375115 -0.926881 -0.0134118
15.686 75.4285 -4.78945 0.376141 -0.925852 -0.0260272
15.6698 75.4373 -5.83821 0.381639 -0.924106 -0.00648908
16.5186 75.7624 -6.09904 0.343461 -0.93916 0.0026368
17.5499 76.1104 -6.09796 0.305978 -0.952027 -0.00476472
18.5244 76.391 -6.11168 0.261679 -0.965079 -0.0121181
19.5841 76.6748 -6.11857 0.250991 -0.967941 -0.00793854
20.5891 76.9119 -6.10385 0.196839 -0.980196 -0.00460894
21.6334 77.0677 -6.09539 0.105575 -0.994406 -0.00329548
22.6583 77.1587 -6.09516 0.0624618 -0.997998 0.00988353
23.7132 77.1927 -6.11078 -0.00111762 -0.999711 -0.0240118
24.8678 77.1586 -6.12963 -0.038378 -0.999218 -0.00954187
25.8919 77.0911 -6.13399 -0.089245 -0.995966 -0.00521072
26.9441 76.9526 -6.10706 -0.158682 -0.987142 -0.0169773
27.9359 76.7698 -6.09066 -0.198906 -0.979982 -0.00846989
28.9355 76.5398 -6.13179 -0.250417 -0.968017 0.011828
29.933 76.2668 -6.09582 -0.273354 -0.961869 -0.00921734
30.9181 75.9714 -6.10301 -0.294969 -0.955507 -6.48191e-05
31.9926 75.6001 -6.13447 -0.349618 -0.936871 -0.00130888
32.9404 75.2346 -6.1164 -0.367376 -0.929996 -0.0101851
33.8747 74.848 -6.12284 -0.39666 -0.917939 0.00699114
34.8188 74.4321 -6.0998 -0.408542 -0.912728 -0.0044215
35.7434 74.013 -6.11275 -0.421432 -0.906839 0.00156626
36.7636 73.518 -6.09839 -0.446176 -0.894928 0.0055249
37.6647 73.0572 -6.10188 -0.467433 -0.884003 0.00669206
38.4837 72.605 -5.84996 -0.494087 -0.869277 -0.0153549
38.5089 72.5755 -4.79196 -0.494798 -0.868956 -0.0094899
38.5334 72.561 -3.78779 -0.482646 -0.875759 -0.00419557
38.5155 72.5548 -2.7435 -0.485765 -0.873947 -0.0157443
38.4839 72.569 -1.69563 -0.488663 -0.872423 0.00360964
38.4896 72.5607 -0.665251 -0.478761 -0.87791 -0.00781339
38.5019 72.5354 0.48082 -0.490658 -0.871278 -0.0113905
38.4737 72.5426 1.60419 -0.485085 -0.874463 -0.0026181
38.4607 72.5512 2.70189 -0.502622 -0.864491 -0.000276915
38.424 72.5669 3.80286 -0.498928 -0.866556 -0.0123117
38.4402 72.5476 4.82014 -0.490612 -0.871094 -0.0171213
38.42 72.5457 5.85122 -0.489938 -0.871734 -0.00639353
37.6455 72.9742 6.15341 -0.476931 -0.878902 -0.00665255
36.7402 73.4554 6.12745 -0.461933 -0.886896 -0.00151003
35.7702 73.941 6.11457 -0.44161 -0.897085 -0.0147757
34.8603 74.367 6.11741 -0.414728 -0.909933 0.00161879
33.9431 74.7702 6.12098 -0.387599 -0.921815 -0.00501203
33.0032 75.1602 6.12374 -0.374147 -0.927298 -0.00804249
32.0082 75.5429 6.09065 -0.343507 -0.939149 -0.00158919
31.0403 75.8801 6.12842 -0.320352 -0.947297 0.00187791
30.0274 76.2024 6.12518 -0.289983 -0.956968 -0.0110672
29.0283 76.4818 6.11884 -0.252041 -0.967672 -0.00925746
27.983 76.7213 6.10115 -0.212056 -0.977218 0.006303
26.9621 76.9198 6.10324 -0.179061 -0.98383 -0.00181034
25.8426 77.0726 6.11366 -0.105028 -0.994408 -0.0110319
24.8003 77.1578 6.12048 -0.0692551 -0.997578 -0.0060982
23.7435 77.2129 6.09349 -0.0197608 -0.999804 0.000942513
22.651 77.1832 6.06145 0.0655034 -0.997751 0.00865057
21.5814 77.0837 6.10791 0.107999 -0.994127 -0.00692459
20.4428 76.8947 6.11991 0.192027 -0.981363 0.00729114
19.4016 76.6492 6.11277 0.272037 -0.962227 0.00268649
18.3932 76.3591 6.10204 0.274365 -0.961591 -0.00819179
17.4304 76.0731 6.10592 0.311755 -0.95015 -0.00488482
16.3964 75.6928 6.09738 0.360409 -0.932762 -0.00776773
15.7099 75.4318 5.6412 0.35959 -0.933063 -0.00939611
15.7246 75.4472 4.63815 0.368031 -0.929758 -0.0101343
15.6974 75.4542 3.60616 0.367072 -0.929883 -0.0237922
15.6782 75.4538 2.55676 0.353002 -0.935545 0.0107314
15.6585 75.447 1.88894 0.360853 -0.932457 -0.0100222
14.774 75.0814 1.95181 0.391593 -0.920033 -0.0139593
14.8053 75.0719 2.99347 0.41243 -0.91071 -0.0225717
14.826 75.0692 4.02411 0.411414 -0.911447 -0.001726
14.8348 75.0737 5.12084 0.399831 -0.916584 -0.00310296
14.8325 75.0638 6.15357 0.397854 -0.917448 0.000868805
15.0517 75.1438 7.03099 0.406112 -0.913687 -0.0129324
15.996 75.5365 7.04261 0.35246 -0.935818 0.00411766
17.0419 75.9313 7.06218 0.34223 -0.939608 -0.00382285
18.1284 76.2848 7.03707 0.280927 -0.959671 0.0103564
19.1567 76.5836 7.07059 0.283077 -0.959011 0.0128298
20.1898 76.8444 7.06634 0.199447 -0.979725 0.0189452
21.2789 77.0316 7.05106 0.153242 -0.987965 -0.0210325
22.3889 77.1714 7.01217 0.0991361 -0.995022 0.00923956
23.4149 77.2078 7.05117 -0.00841068 -0.999954 -0.00458528
24.4963 77.1799 7.06177 -0.0516455 -0.998584 0.0127919
25.4984 77.1051 7.0752 -0.0820412 -0.996566 0.011175
26.5372 76.9891 7.05204 -0.155234 -0.987717 0.0178169
27.5232 76.8132 7.0457 -0.186731 -0.982402 -0.00418867
28.6559 76.5731 7.05086 -0.235513 -0.971753 0.0105738
29.7087 76.2886 7.04471 -0.274373 -0.961521 -0.0139994
30.7965 75.9592 7.07867 -0.297731 -0.954644 0.003398
31.7466 75.6298 7.06012 -0.339504 -0.94056 -0.00885256
32.7224 75.2654 7.05919 -0.364767 -0.931072 -0.00715266
33.7315 74.8523 7.05538 -0.386886 -0.922101 -0.00687884
34.6658 74.4534 7.04815 -0.406747 -0.913482 -0.00734503
35.6089 74.0138 7.05638 -0.440925 -0.897517 -0.00606174
36.5354 73.5484 7.06706 -0.452584 -0.891637 -0.0122392
37.4633 73.0655 7.08826 -0.475988 -0.879384 -0.0108764
38.4312 72.5272 7.07788 -0.496139 -0.868175 -0.0109032
39.2522 72.0611 6.75189 -0.497829 -0.867205 -0.0109463
39.2772 72.057 5.69991 -0.499054 -0.866545 -0.00663116
39.27 72.0638 4.59614 -0.509323 -0.860574 -0.00129161
39.256 72.0799 3.43689 -0.514473 -0.857453 -0.00959523
39.2797 72.0739 2.38672 -0.506596 -0.862152 -0.00738612
39.2963 72.0735 1.30842 -0.498801 -0.866659 -0.0100076
39.3205 72.0718 0.296418 -0.504835 -0.863078 -0.0153929
39.3146 72.0881 -0.708238 -0.505653 -0.862706 -0.00677434
39.309 72.0956 -1.82947 -0.496077 -0.86825 -0.00166753
39.3348 72.0974 -2.94817 -0.495577 -0.868377 -0.0180083
39.361 72.0934 -3.98631 -0.497088 -0.8677 0.000304078
39.3452 72.1018 -4.99081 -0.498134 -0.867085 -0.00389643
39.3404 72.1151 -6.03786 -0.501732 -0.864919 -0.013003
39.0993 72.2689 -7.02767 -0.501563 -0.86504 -0.0118169
38.2204 72.7642 -7.06041 -0.465252 -0.885172 0.00326723
37.2641 73.2572 -7.05219 -0.452133 -0.891919 0.00747481
36.2244 73.7797 -7.05196 -0.444859 -0.895589 0.0030507
35.2343 74.2448 -7.04253 -0.414722 -0.909948 0.000417636
34.213 74.7029 -7.05948 -0.393126 -0.919485 0.00017535
33.2413 75.1088 -7.04085 -0.378196 -0.925692 0.0077062
32.2446 75.507 -7.06022 -0.35632 -0.934362 0.00204999
31.2563 75.8567 -7.05566 -0.314843 -0.949084 0.00885898
30.1275 76.2152 -7.02385 -0.273466 -0.961841 -0.00704264
29.1074 76.4896 -7.06285 -0.241926 -0.970276 0.00408426
28.0719 76.7385 -7.05604 -0.215433 -0.976446 0.0119076
26.998 76.9436 -7.05118 -0.159708 -0.987153 -0.0047358
25.9718 77.0867 -7.06199 -0.112021 -0.993687 0.00361174
24.8673 77.1653 -7.07713 -0.0435953 -0.998974 -0.00900107
23.7768 77.1873 -7.04617 -0.00866037 -0.999932 0.00645567
22.591 77.152 -7.0576 0.0687673 -0.99763 -0.0024278
21.5656 77.0663 -7.04234 0.0880778 -0.996107 -0.00352665
20.4616 76.883 -7.0692 0.215764 -0.976438 0.00386207
19.4623 76.6527 -7.07481 0.234312 -0.972067 -0.00894134
18.4611 76.387 -7.06124 0.261541 -0.965151 -0.00891995
17.41 76.0768 -7.05146 0.300054 -0.953868 -0.00842785
16.4098 75.7097 -7.05551 0.370302 -0.928735 0.0180877
15.4818 75.3349 -7.06559 0.379165 -0.925154 0.0173773
14.8025 75.0442 -6.63648 0.415338 -0.90965 -0.00541939
14.7911 75.0369 -5.63099 0.428208 -0.903672 -0.00373253
14.8261 75.0498 -4.53685 0.401894 -0.915683 0.00222228
14.8272 75.0446 -3.51437 0.385691 -0.922524 -0.0138594
14.8152 75.0288 -2.4681 0.367377 -0.929873 0.0192516
14.8219 75.0496 -1.44507 0.401904 -0.915088 0.0252861
14.8112 75.0558 -0.444188 0.424387 -0.905336 0.0155954
14.8049 75.0815 0.645092 0.402537 -0.914968 0.0282224
14.7712 75.0834 1.74178 0.393206 -0.919388 -0.00435237
14.7721 75.0828 1.80332 0.391593 -0.920033 -0.0139593
16.2343 75.6629 1.83453 0.349492 -0.936939 -0.00062668
17.2798 76.0423 1.82936 0.326511 -0.94519 0.00267127
18.394 76.3958 1.8247 0.281603 -0.959508 -0.00666348
19.4256 76.6668 1.81975 0.223572 -0.974672 -0.00543008
20.4414 76.8914 1.81622 0.190606 -0.981626 -0.00892596
21.545 77.0722 1.81328 0.110831 -0.993835 -0.00290005
22.6228 77.1757 1.81057 0.0860804 -0.996288 0.000173783
23.6582 77.2086 1.81045 -0.0038673 -0.999985 0.0037699
24.7229 77.1805 1.81098 -0.0608917 -0.998084 0.0109745
25.7375 77.1061 1.81559 -0.115432 -0.993312 0.00255515
26.7434 76.9673 1.81984 -0.168337 -0.985727 0.0021863
27.7826 76.7735 1.82707 -0.197094 -0.980383 -0.0019332
28.8369 76.5442 1.83323 -0.227408 -0.973784 0.0054611
29.9311 76.2561 1.84162 -0.280954 -0.959692 -0.0074359
30.9394 75.9418 1.85063 -0.311547 -0.950214 -0.00560498
31.9927 75.5773 1.86041 -0.341602 -0.939812 -0.00779951
33.0174 75.1897 1.87143 -0.369912 -0.929061 -0.00318058
34.0946 74.7457 1.88116 -0.401068 -0.916045 0.00263419
35.0672 74.2982 1.88953 -0.430417 -0.902626 -0.00262692
36.085 73.8006 1.89711 -0.453184 -0.891416 -0.00150573
37.1004 73.2749 1.90271 -0.460986 -0.887402 -0.00314289
37.8968 72.8581 1.90453 -0.471602 -0.881791 -0.00602396
37.9709 72.8195 2.87155 -0.471242 -0.882004 0.000586419
36.8564 73.4034 2.86212 -0.461304 -0.887232 0.00417845
35.8701 73.9088 2.85121 -0.445105 -0.895473 -0.00306138
34.9131 74.3699 2.83953 -0.425487 -0.904964 0.00127409
33.8615 74.8431 2.82582 -0.39176 -0.920063 -0.0029107
32.8959 75.2339 2.81034 -0.351567 -0.936139 -0.00662212
31.8611 75.6168 2.79276 -0.342946 -0.939289 -0.0111774
30.7967 75.9868 2.77729 -0.315203 -0.948984 -0.00879796
29.6655 76.3247 2.75989 -0.264344 -0.964406 -0.00649934
28.6215 76.5929 2.74605 -0.22502 -0.974348 0.00355358
27.4622 76.8356 2.73437 -0.19328 -0.981131 -0.00502047
26.3536 77.0249 2.72399 -0.140864 -0.990012 -0.00586554
25.2781 77.1513 2.7177 -0.0843755 -0.996406 -0.00744857
24.0894 77.2038 2.71569 -0.0125471 -0.999912 0.00422574
22.9259 77.1887 2.71409 0.0587227 -0.998107 -0.0182969
21.9048 77.102 2.71537 0.0950657 -0.995461 -0.00441214
20.8426 76.9635 2.72118 0.186749 -0.982394 -0.00515961
19.7706 76.7409 2.72739 0.210686 -0.97755 -0.00266054
18.7727 76.5054 2.73399 0.265102 -0.964153 0.0114312
17.7513 76.1999 2.74175 0.317852 -0.948129 0.00459611
16.7461 75.8513 2.74827 0.344197 -0.938897 -0.000694623
16.2153 75.6574 2.75084 0.346355 -0.938046 0.0104213
16.1428 75.6275 3.67091 0.353625 -0.9351 -0.0231646
17.2225 76.0193 3.66174 0.324585 -0.945854 -0.00224901
18.2461 76.3504 3.65115 0.28488 -0.958501 -0.0108911
19.2284 76.616 3.64028 0.232672 -0.972467 -0.0131284
20.3255 76.8561 3.62943 0.202433 -0.979294 -0.00178798
21.3132 77.0357 3.62206 0.126029 -0.99195 0.0123553
22.4825 77.1528 3.6171 0.0799213 -0.996777 0.00689778
23.6128 77.2074 3.61395 0.00823958 -0.999938 -0.00747391
24.8024 77.1803 3.61926 -0.0613242 -0.998114 0.0028405
25.8501 77.0901 3.62601 -0.106482 -0.994272 -0.00917964
26.921 76.9295 3.63697 -0.173094 -0.984903 -0.00191895
28.0692 76.7017 3.65356 -0.217589 -0.975965 -0.0121671
29.1625 76.4491 3.67289 -0.232777 -0.972343 -0.0190838
30.1907 76.168 3.69095 -0.28926 -0.957178 -0.0118039
31.1519 75.8579 3.71202 -0.321727 -0.946787 -0.00929234
32.2015 75.4877 3.73482 -0.346958 -0.93788 -0.00147423
33.1749 75.1148 3.75641 -0.371396 -0.928416 -0.0104108
34.1506 74.7087 3.77974 -0.396637 -0.917954 -0.0062311
35.1012 74.2806 3.79707 -0.419666 -0.907616 -0.0106444
36.1236 73.7853 3.81575 -0.447863 -0.894101 -0.00133808
37.0611 73.3003 3.82867 -0.462336 -0.886702 0.00215809
37.8763 72.8728 3.83903 -0.466341 -0.884464 -0.0158222
37.9276 72.8281 4.81189 -0.479149 -0.877661 -0.0113014
36.9812 73.3377 4.79661 -0.46674 -0.884339 -0.00988302
35.986 73.8477 4.77438 -0.433458 -0.901023 -0.0164718
34.9951 74.3167 4.75056 -0.421946 -0.906495 -0.0151358
34.0464 74.7408 4.72649 -0.396157 -0.918093 -0.0128795
33.084 75.1416 4.69645 -0.37393 -0.927371 -0.0126174
32.0971 75.5198 4.66781 -0.338524 -0.940893 -0.0110384
31.1288 75.8562 4.63905 -0.316381 -0.948565 -0.011284
30.1761 76.1644 4.61345 -0.287857 -0.957596 -0.012208
29.1886 76.4355 4.58946 -0.242754 -0.970081 -0.00377001
28.1024 76.6894 4.56315 -0.223046 -0.974785 0.00664601
26.968 76.9229 4.54352 -0.171409 -0.985199 -0.00111251
25.9465 77.0669 4.52878 -0.11738 -0.993083 0.00270116
24.9129 77.1622 4.51913 -0.0582701 -0.998279 -0.00653022
23.8753 77.2078 4.51544 -0.0133403 -0.999867 -0.00935382
22.7679 77.1845 4.51685 0.0647428 -0.99777 0.0162345
21.6631 77.0863 4.52204 0.101495 -0.994765 0.0118877
20.6024 76.91 4.53274 0.19899 -0.97999 0.00472098
19.5217 76.6804 4.54705 0.225879 -0.973965 -0.0192471
18.3805 76.3856 4.56344 0.278819 -0.960026 -0.0247121
17.4002 76.0811 4.57564 0.317636 -0.948022 -0.0190292
16.4098 75.716 4.5895 0.358685 -0.933367 -0.0130723
16.1976 75.6338 4.59176 0.361311 -0.932345 -0.0136888
16.2925 75.6576 5.51392 0.35914 -0.933227 -0.0102526
17.2621 76.0215 5.49732 0.336537 -0.941611 -0.0105572
18.2805 76.3354 5.47754 0.271444 -0.96228 -0.018303
19.3194 76.6268 5.45944 0.246674 -0.969076 -0.00660298
20.3057 76.8586 5.43924 0.200956 -0.979476 0.015591
21.3408 77.0454 5.42516 0.147594 -0.988916 0.0161562
22.3803 77.1609 5.41228 0.088268 -0.996096 -0.00095233
23.4156 77.2134 5.4103 0.00276277 -0.999982 0.00532717
24.4722 77.1846 5.41296 -0.0614757 -0.998094 -0.00531667
25.5759 77.1006 5.42259 -0.0901024 -0.995891 -0.00909257
26.7145 76.9613 5.43929 -0.157898 -0.987455 -0.000321199
27.7367 76.7718 5.46094 -0.199834 -0.97983 0.000378999
28.8862 76.516 5.49545 -0.238836 -0.97103 0.00765565
29.9933 76.2179 5.52929 -0.293323 -0.956004 -0.00421293
30.9524 75.9104 5.55979 -0.312717 -0.949843 -0.002561
31.98 75.5588 5.59873 -0.337619 -0.941241 -0.0088727
32.9336 75.1913 5.63391 -0.380219 -0.924864 -0.0077406
33.4302 74.9871 5.65285 -0.381401 -0.924353 -0.0101855
38.0584 72.7777 0.940056 -0.484455 -0.874773 -0.00870652
37.1615 73.2548 0.939405 -0.460505 -0.887497 -0.0168727
36.2369 73.7275 0.939499 -0.447429 -0.894308 -0.0046024
35.2885 74.1935 0.937269 -0.435248 -0.90031 -0.00141494
34.2533 74.6775 0.935247 -0.411875 -0.911237 -0.00250185
33.307 75.0766 0.931859 -0.372796 -0.927875 0.00842584
32.3698 75.4384 0.927862 -0.349112 -0.937075 0.00326404
31.2838 75.8291 0.922967 -0.31967 -0.947518 -0.0046156
30.2642 76.1556 0.918685 -0.291987 -0.95642 0.00230029
29.223 76.449 0.914861 -0.23134 -0.972849 -0.00685963
28.1825 76.6883 0.911309 -0.211495 -0.977342 -0.00850246
27.0754 76.914 0.909672 -0.171666 -0.985155 -0.000597444
26.0503 77.0658 0.907691 -0.108215 -0.993936 0.0195073
25.0062 77.1477 0.906642 -0.067177 -0.997659 0.0127651
23.9117 77.205 0.905942 -0.0247657 -0.999679 0.00532093
22.8017 77.1821 0.904335 0.0635936 -0.997937 -0.00885456
21.618 77.08 0.905247 0.106485 -0.994297 0.00593977
20.5631 76.9228 0.907041 0.173175 -0.984886 0.0032728
19.5617 76.7075 0.909668 0.233849 -0.972244 -0.00750233
18.4277 76.4155 0.912049 0.279238 -0.96005 -0.0181445
17.3949 76.0834 0.914147 0.323718 -0.946134 0.00613258
16.2691 75.6775 0.916444 0.349463 -0.93695 -0.000233251
16.1857 75.6457 0.916555 0.358332 -0.933594 0.000804015
16.2643 75.6729 1.31318e-05 0.338019 -0.940915 0.0205528
17.3919 76.0805 -0.000294897 0.329127 -0.944242 0.00908254
18.414 76.4144 -0.000388824 0.265978 -0.963967 0.00486801
19.4328 76.6738 -0.000951442 0.221429 -0.975067 0.0145784
20.5063 76.9137 -0.00159206 0.203339 -0.978777 0.0254593
21.5184 77.0637 -0.00186864 0.096202 -0.995249 0.0150188
22.6991 77.173 -0.000657389 0.0813823 -0.996523 0.0178636
23.7642 77.2145 -0.00125178 0.00051321 -0.999983 0.00583321
24.8154 77.1571 -0.00262292 -0.0660908 -0.997773 -0.00895324
25.8672 77.082 -0.00239552 -0.0923701 -0.995705 -0.00633846
26.9006 76.9496 -0.00430557 -0.146067 -0.989273 -0.00181572
27.8867 76.763 -0.00329196 -0.195309 -0.98061 -0.0160642
28.9684 76.5155 -0.00490834 -0.237333 -0.971424 -0.00303533
29.9964 76.2357 -0.00591501 -0.283925 -0.958836 -0.00456053
31.1368 75.8753 -0.00677293 -0.312594 -0.949875 -0.00471565
32.2489 75.4842 -0.00815753 -0.344688 -0.938707 -0.00442308
33.3254 75.0688 -0.00970752 -0.371385 -0.928479 -0.000516708
34.311 74.6534 -0.0120408 -0.413774 -0.910344 -0.00804018
35.2738 74.2007 -0.0148517 -0.435146 -0.900358 -0.0019048
36.259 73.7217 -0.0188898 -0.440449 -0.89777 -0.00356663
37.1548 73.2699 -0.0210312 -0.459132 -0.888318 -0.00945018
38.0062 72.8199 -0.0249983 -0.47571 -0.879554 -0.00916025
38.0137 72.8245 -0.9889 -0.4801 -0.877141 -0.0112654
37.1229 73.2949 -0.982649 -0.459292 -0.88822 -0.0108319
36.1545 73.7786 -0.975255 -0.434873 -0.900469 -0.00641039
35.2147 74.2303 -0.967908 -0.433094 -0.901344 -0.00307278
34.2128 74.6959 -0.958659 -0.39623 -0.91815 -0.0011912
33.1724 75.1297 -0.949949 -0.37287 -0.927883 0.000584287
32.1929 75.506 -0.942817 -0.343021 -0.939327 0.00140181
31.1902 75.8602 -0.936741 -0.316396 -0.94862 -0.00382811
30.0903 76.2138 -0.929518 -0.291522 -0.956513 -0.00989676
29.0087 76.513 -0.924255 -0.250605 -0.968089 -0.00101422
27.9389 76.7582 -0.919032 -0.195534 -0.980668 -0.00758842
26.9405 76.9438 -0.91489 -0.155926 -0.987701 0.0115999
25.9032 77.0817 -0.913537 -0.0899105 -0.995918 -0.00794915
24.9036 77.1613 -0.911007 -0.0705673 -0.997367 -0.0166858
23.8955 77.2065 -0.909212 0.00755094 -0.999707 -0.0230103
22.7983 77.1692 -0.90804 0.0841565 -0.996297 0.0175805
21.7379 77.0719 -0.907148 0.0947977 -0.995373 0.0156937
20.6563 76.924 -0.907879 0.175074 -0.984189 0.0268552
19.584 76.6991 -0.90969 0.224061 -0.974557 -0.00597561
18.5129 76.4346 -0.912335 0.273001 -0.961971 0.00904749
17.527 76.1163 -0.914139 0.344313 -0.93878 0.0118845
16.5618 75.7538 -0.916619 0.356929 -0.933446 0.0357754
16.2055 75.6201 -0.916869 0.356454 -0.933421 0.0408197
16.206 75.5895 -1.83322 0.381851 -0.9242 -0.00666365
17.2651 76.0131 -1.83126 0.353352 -0.935426 0.0109977
18.3115 76.3721 -1.82579 0.315809 -0.948767 0.0103023
19.292 76.6453 -1.82137 0.225856 -0.974101 -0.0108296
20.3201 76.8668 -1.81739 0.194047 -0.980987 0.00306377
21.3317 77.0221 -1.81485 0.119327 -0.992824 0.0078745
22.4855 77.1405 -1.81262 0.0856018 -0.99625 -0.0125809
23.6223 77.2115 -1.81355 0.037581 -0.999294 8.72037e-05
24.6936 77.1876 -1.81489 -0.0567472 -0.998362 -0.0073157
25.7259 77.1046 -1.81852 -0.0985866 -0.99512 -0.00403859
26.7613 76.9697 -1.82521 -0.159443 -0.987175 0.00791421
27.8015 76.7875 -1.83253 -0.194878 -0.980805 0.00662744
28.8685 76.5525 -1.83994 -0.239286 -0.9709 -0.00975598
29.8578 76.2823 -1.85106 -0.277387 -0.960754 -0.00299565
30.9145 75.9552 -1.86253 -0.314842 -0.949136 0.00397287
31.8862 75.6169 -1.87429 -0.336582 -0.941648 0.00348953
32.9351 75.2262 -1.88621 -0.362561 -0.931944 -0.00549454
33.8882 74.8376 -1.8993 -0.384789 -0.922994 -0.00453522
34.8554 74.4104 -1.91456 -0.421936 -0.906621 -0.00267204
35.9446 73.8941 -1.92709 -0.439977 -0.897917 -0.0128571
36.9119 73.4056 -1.94014 -0.459831 -0.888004 -0.00195944
37.8417 72.9187 -1.95233 -0.476504 -0.879165 -0.00362846
37.893 72.8909 -1.95321 -0.476319 -0.879254 -0.00568455
38.0697 72.8035 -2.91378 -0.47507 -0.879897 -0.00942624
37.0712 73.326 -2.90029 -0.457236 -0.889332 -0.00486553
36.04 73.8503 -2.88555 -0.450225 -0.892861 0.00983372
34.9888 74.3542 -2.86663 -0.420299 -0.907386 -0.000463437
34.0732 74.7608 -2.84703 -0.393191 -0.919442 0.00519659
33.0262 75.1908 -2.82701 -0.363258 -0.931684 0.00292453
32.0105 75.572 -2.80909 -0.335848 -0.941898 -0.00580998
31.054 75.9057 -2.79205 -0.323819 -0.946071 -0.00953147
30.051 76.2222 -2.776 -0.288727 -0.957409 0.00229462
29.0655 76.5019 -2.75948 -0.257663 -0.966227 -0.00403251
28.0733 76.7339 -2.7454 -0.201169 -0.979552 0.00304021
27.035 76.9317 -2.73534 -0.154176 -0.988033 -0.00449222
25.9081 77.0906 -2.72594 -0.121197 -0.992614 -0.00530829
24.8428 77.1781 -2.71845 -0.0585084 -0.998281 0.00338113
23.8269 77.2138 -2.71626 0.0161842 -0.999766 0.0143666
22.8045 77.1722 -2.71453 0.0699689 -0.997545 -0.00300266
21.7053 77.0684 -2.71703 0.111131 -0.993743 0.0111503
20.6848 76.9319 -2.72224 0.15214 -0.988359 -0.000116545
19.6655 76.7383 -2.72884 0.211338 -0.977388 0.00699825
18.6976 76.4796 -2.73607 0.293961 -0.955749 0.0114336
17.706 76.1611 -2.74354 0.316068 -0.948697 0.00859862
16.739 75.8147 -2.74865 0.358339 -0.933544 -0.00941435
16.1962 75.5993 -2.75164 0.389457 -0.920795 -0.0214524
16.2588 75.627 -3.67162 0.365233 -0.930912 0.002669
17.2541 76.0012 -3.66348 0.323452 -0.946241 0.00241974
18.3136 76.3527 -3.65203 0.306808 -0.951763 -0.00407698
19.2899 76.6316 -3.64261 0.257553 -0.966254 0.00440583
20.4449 76.882 -3.63167 0.177861 -0.984017 0.00875202
21.5808 77.0482 -3.62426 0.127836 -0.991759 0.00844057
22.7026 77.1548 -3.62025 0.0616937 -0.998047 0.00975694
23.7604 77.1955 -3.61796 0.0175454 -0.999733 0.0150185
24.9359 77.1618 -3.62243 -0.0544636 -0.998483 0.00810274
26.022 77.0765 -3.63058 -0.0953109 -0.995447 -0.0014347
27.1777 76.9094 -3.6439 -0.179237 -0.983805 0.00116617
28.2576 76.6977 -3.65933 -0.214522 -0.976719 0.000267198
29.3581 76.4232 -3.68414 -0.269947 -0.962875 -0.00110938
30.3994 76.1174 -3.70563 -0.293608 -0.955919 -0.00373058
31.3768 75.798 -3.72578 -0.321754 -0.946818 -0.00319124
32.4215 75.4236 -3.75192 -0.353071 -0.935597 0.000314585
33.4962 75.0041 -3.78051 -0.373925 -0.92743 -0.00734241
34.4311 74.6057 -3.80286 -0.402749 -0.915306 -0.00292299
35.3858 74.1681 -3.82722 -0.427178 -0.904163 -0.00302738
36.3634 73.6965 -3.85023 -0.446975 -0.894404 -0.0159791
37.3168 73.2133 -3.86929 -0.45709 -0.889288 -0.0153556
38.0051 72.8504 -3.88008 -0.478535 -0.87806 -0.00388537
38.0245 72.8488 -4.8515 -0.485038 -0.874394 -0.0131678
36.9639 73.4152 -4.82628 -0.460195 -0.887745 -0.0113448
36.0382 73.8666 -4.80383 -0.42744 -0.904031 -0.00484229
35.0712 74.3161 -4.77461 -0.412571 -0.910926 -0.000107282
34.0896 74.7548 -4.74188 -0.401943 -0.915662 0.00207821
33.0294 75.1949 -4.70818 -0.368015 -0.929804 -0.00552858
32.0649 75.5636 -4.67756 -0.345629 -0.93834 -0.00769253
31.1116 75.8938 -4.64815 -0.308858 -0.95104 -0.0113728
30.1332 76.1993 -4.62191 -0.281615 -0.959524 -0.00278351
29.0848 76.4953 -4.59257 -0.260879 -0.965367 0.00280298
27.8984 76.7748 -4.56311 -0.20344 -0.979086 -0.00161222
26.7851 76.977 -4.54302 -0.164083 -0.986444 0.0022503
25.6507 77.1134 -4.52782 -0.0822669 -0.996598 0.00505342
24.6069 77.1712 -4.52041 -0.0467316 -0.998879 0.00760279
23.4905 77.1907 -4.5178 0.0304864 -0.999516 -0.00625884
22.4106 77.1334 -4.52068 0.0789797 -0.996806 -0.0118153
21.3554 77.0214 -4.52724 0.135273 -0.990799 -0.00421326
20.3337 76.8532 -4.53783 0.208707 -0.977964 0.00529822
19.2256 76.5906 -4.55045 0.240687 -0.970307 0.0239743
18.2381 76.3199 -4.56656 0.297438 -0.954741 -0.000900781
17.2492 75.996 -4.5822 0.332885 -0.942963 -0.00276678
16.2414 75.6312 -4.59438 0.346345 -0.937881 -0.0206281
16.1377 75.5929 -4.59538 0.347003 -0.937623 -0.0212741
16.2009 75.6397 -5.52065 0.3606 -0.932655 -0.0110225
17.2491 76.0067 -5.5023 0.316972 -0.948399 -0.00832132
18.456 76.3707 -5.47334 0.270236 -0.962769 -0.00693135
19.4554 76.635 -5.45444 0.254006 -0.967191 -0.00483814
20.5568 76.8986 -5.43586 0.199448 -0.979803 -0.0144111
21.5795 77.0563 -5.42296 0.116097 -0.993154 -0.0129355
22.5855 77.1543 -5.4146 0.0813391 -0.996685 0.00166518
23.6969 77.1898 -5.41163 -0.00902071 -0.999916 0.00927474
24.7362 77.1603 -5.41506 -0.0375548 -0.999286 0.00410904
25.853 77.0907 -5.42775 -0.0888645 -0.996025 0.00617159
26.9105 76.9519 -5.44775 -0.158319 -0.987388 0.000881036
27.9162 76.7712 -5.47033 -0.19222 -0.981333 0.00611082
28.9504 76.5325 -5.49949 -0.249319 -0.968416 0.00318324
29.9736 76.2509 -5.53645 -0.273833 -0.961761 -0.00557758
31.0054 75.9388 -5.57241 -0.316822 -0.948457 -0.00726543
32.0683 75.5692 -5.61206 -0.346416 -0.938035 -0.00928826
32.8212 75.2802 -5.63998 -0.368522 -0.929618 -0.0015009
32.9036 75.2476 -5.6432 -0.368507 -0.929624 -0.00150244
