14.8803 76.2606 1.75129 0.422155 -0.906517 0.00335898
14.8903 76.2568 0.64875 0.433507 -0.899126 0.0603636
14.9151 76.2271 -0.4073 0.454459 -0.890382 0.0262013
14.8946 76.2174 -1.60791 0.43704 -0.899429 -0.00466929
14.886 76.2112 -2.77297 0.410263 -0.911958 0.00264531
14.9462 76.229 -3.79921 0.433996 -0.900867 0.0036082
14.9124 76.2194 -4.85194 0.42428 -0.90553 -0.000837024
14.9398 76.2368 -5.90585 0.422162 -0.906502 -0.00553867
15.8794 76.6618 -6.09044 0.397313 -0.917668 -0.00521836
16.8333 77.0553 -6.09705 0.359285 -0.933128 -0.0136415
17.7929 77.4053 -6.10207 0.319603 -0.947537 0.00493806
18.8531 77.7485 -6.12988 0.299424 -0.954116 0.00285853
19.8418 78.0215 -6.10614 0.244522 -0.969578 0.00729845
20.841 78.2354 -6.07861 0.16449 -0.98636 0.00433615
21.8399 78.3599 -6.10167 0.0934389 -0.995617 -0.00397482
22.8692 78.4472 -6.09419 0.0704891 -0.997509 -0.0022895
23.9713 78.4816 -6.11192 0.000919518 -0.99992 0.00721954
25.0465 78.4382 -6.11436 -0.0596041 -0.998181 -0.0086819
26.1366 78.3486 -6.13088 -0.114463 -0.993423 -0.0028032
27.2289 78.1883 -6.13144 -0.168655 -0.985504 -0.0183689
28.2906 77.9761 -6.09131 -0.22198 -0.974947 -0.0142675
29.2914 77.7297 -6.10819 -0.25673 -0.966446 -0.00400406
30.3191 77.4385 -6.12106 -0.282469 -0.959256 -0.00628985
31.4174 77.0833 -6.1159 -0.330418 -0.943751 0.00459133
32.3571 76.7401 -6.11152 -0.352707 -0.935726 -0.00343345
33.3933 76.3305 -6.12811 -0.38694 -0.922084 0.00404074
34.3778 75.9024 -6.13398 -0.406063 -0.913831 -0.00502022
35.3248 75.4742 -6.10683 -0.417213 -0.908802 0.000270429
36.2661 75.0247 -6.12263 -0.439523 -0.898218 -0.00390923
37.1858 74.5651 -6.11465 -0.46075 -0.887524 -0.00334447
38.1112 74.0758 -6.12475 -0.482241 -0.876019 -0.00380548
39.0584 73.5422 -6.14313 -0.495161 -0.868776 -0.0066945
39.6148 73.2176 -5.63492 -0.500641 -0.865653 -0.00155045
39.6017 73.2203 -4.50874 -0.508925 -0.860772 -0.00763484
39.618 73.208 -3.50201 -0.507284 -0.861777 -0.00188306
39.6249 73.1898 -2.35092 -0.497853 -0.867084 -0.0175413
39.5986 73.1898 -1.22951 -0.50714 -0.861829 -0.00680168
39.5605 73.2031 -0.161916 -0.503211 -0.864137 -0.0041936
39.5914 73.1791 0.91863 -0.503338 -0.864019 -0.00993766
39.5812 73.1687 1.93469 -0.502794 -0.864294 -0.0138607
39.5454 73.1785 3.09057 -0.509954 -0.86019 -0.00342635
39.5623 73.1699 4.28463 -0.502211 -0.864744 0.00162261
39.5656 73.166 5.29134 -0.500285 -0.865798 -0.0104268
39.2273 73.3549 6.0702 -0.500026 -0.86599 -0.00596929
38.2126 73.9378 6.1262 -0.494634 -0.869096 -0.00300632
37.2191 74.4812 6.08505 -0.463845 -0.885915 -0.00126929
36.2495 74.9785 6.0802 -0.443299 -0.896352 -0.00623328
35.3097 75.4367 6.12656 -0.426403 -0.904524 -0.0029863
34.3813 75.8638 6.12503 -0.405275 -0.914139 -0.00562837
33.4216 76.2706 6.10042 -0.37774 -0.92589 -0.00625697
32.4905 76.6456 6.08725 -0.359307 -0.933146 -0.0107685
31.4377 77.034 6.10546 -0.331568 -0.943402 -0.00740437
30.4652 77.3554 6.09081 -0.299183 -0.954174 -0.00423256
29.3893 77.6659 6.10698 -0.267089 -0.963668 -0.00283241
28.3941 77.9119 6.13061 -0.222163 -0.974973 -0.00580814
27.4037 78.1196 6.14948 -0.196189 -0.980549 0.00587723
26.3684 78.285 6.13205 -0.132379 -0.99115 -0.00986769
25.3499 78.3784 6.11576 -0.0825957 -0.99658 -0.00241625
24.2861 78.4539 6.10497 -0.0600726 -0.998159 -0.00840247
23.2649 78.4725 6.10114 0.00210485 -0.999871 -0.00724597
22.1033 78.4006 6.12061 0.100257 -0.994961 0.000667984
21.0008 78.2576 6.0945 0.155967 -0.987739 -0.00555768
19.9353 78.0385 6.09775 0.222541 -0.974923 0.000279294
18.8994 77.7583 6.12774 0.280729 -0.959774 0.00509859
17.943 77.4627 6.1185 0.315589 -0.948882 -0.00519803
16.9798 77.1098 6.11388 0.371276 -0.928467 -0.00440891
15.9557 76.6808 6.08671 0.38901 -0.92113 -0.0137893
15.0356 76.276 6.06547 0.440997 -0.896582 -0.0407755
14.9294 76.2337 5.08786 0.448263 -0.893877 -0.00667733
14.8988 76.2102 4.07219 0.447252 -0.894356 0.00783444
14.9232 76.2374 2.99282 0.434353 -0.900504 -0.0207503
14.8834 76.2577 1.87205 0.433829 -0.900131 -0.0394507
14.8804 76.2607 1.7715 0.427999 -0.903321 -0.0180474
14.0488 75.8094 1.71836 0.488457 -0.872572 -0.00532541
14.0548 75.8143 0.664877 0.479189 -0.877708 0.00253204
14.0844 75.8072 -0.387372 0.464258 -0.885628 0.00740636
14.0404 75.7929 -1.44298 0.459763 -0.887936 -0.0137409
14.0376 75.8019 -2.54127 0.468305 -0.883563 0.00250006
14.0546 75.8008 -3.54387 0.438973 -0.898416 0.0122974
14.0693 75.8058 -4.56714 0.44346 -0.896286 -0.0038281
14.05 75.7971 -5.64151 0.465246 -0.885151 -0.00618705
14.0518 75.7931 -6.74306 0.466178 -0.884604 0.0123999
15.0024 76.2774 -7.04552 0.422324 -0.906314 -0.01448
16.0256 76.7297 -7.04723 0.392956 -0.919557 -0.000363242
17.0237 77.1392 -7.06921 0.356283 -0.934274 -0.0139554
18.0175 77.4762 -7.0409 0.308498 -0.95122 -0.000229003
18.9981 77.7909 -7.08304 0.283962 -0.958819 0.00563035
20.0795 78.0748 -7.04883 0.232137 -0.972649 0.00809743
21.1663 78.2869 -7.05974 0.122944 -0.992327 -0.0120882
22.2631 78.4026 -7.04505 0.085907 -0.996284 -0.00611314
23.2684 78.4704 -7.06776 0.0420153 -0.999104 -0.00517156
24.3429 78.4768 -7.0495 -0.0146336 -0.999718 -0.0147555
25.4875 78.4134 -7.08202 -0.0956888 -0.995311 -0.0141073
26.5316 78.2999 -7.09191 -0.129549 -0.991525 0.00978432
27.5239 78.1439 -7.07808 -0.195261 -0.980379 -0.0236432
28.5772 77.9058 -7.04189 -0.23779 -0.971288 0.00748913
29.5636 77.6562 -7.05712 -0.25434 -0.967086 -0.00697759
30.5434 77.3692 -7.05522 -0.305252 -0.952215 0.0104147
31.5596 77.032 -7.04483 -0.328293 -0.944547 0.00734576
32.5464 76.6705 -7.04533 -0.368409 -0.929654 0.00422611
33.5272 76.2734 -7.05711 -0.383282 -0.923604 0.007163
34.4944 75.8561 -7.06669 -0.415811 -0.909448 -0.00240016
35.4552 75.4111 -7.05436 -0.429088 -0.903215 0.00926117
36.448 74.9373 -7.07391 -0.432671 -0.901546 0.00331029
37.4776 74.4121 -7.06511 -0.464455 -0.88559 0.00102026
38.3672 73.9381 -7.07947 -0.482426 -0.875892 -0.00233777
39.3558 73.3678 -7.10771 -0.504898 -0.863161 0.00555742
40.2306 72.8478 -7.06846 -0.510421 -0.859877 0.00882066
40.4321 72.73 -6.18068 -0.518894 -0.854838 -0.000937149
40.4479 72.7171 -5.11321 -0.517341 -0.855771 -0.00370532
40.4285 72.7216 -3.99977 -0.517786 -0.855504 -0.00305355
40.4198 72.7225 -2.87611 -0.526126 -0.850384 -0.0059719
40.4259 72.7072 -1.85398 -0.517812 -0.855404 -0.0124016
40.3901 72.7131 -0.73792 -0.514002 -0.857742 -0.00896636
40.3877 72.7091 0.287983 -0.516815 -0.856093 -0.0028827
40.3855 72.6999 1.39908 -0.515537 -0.856754 -0.0139515
40.3706 72.6937 2.40839 -0.514356 -0.857501 -0.0113638
40.3593 72.6928 3.42535 -0.521827 -0.853038 0.00239253
40.3869 72.6835 4.42734 -0.513894 -0.857781 0.0103454
40.3961 72.6786 5.60511 -0.504279 -0.863525 -0.0052995
40.3431 72.6963 6.71608 -0.510007 -0.860014 -0.0154074
39.6396 73.108 7.02565 -0.50428 -0.863475 -0.00948661
38.6755 73.6654 7.07493 -0.50028 -0.865826 -0.00803055
37.7518 74.1923 7.05874 -0.476773 -0.879013 -0.00253812
36.8477 74.6714 7.02167 -0.45832 -0.888769 -0.0043968
35.8747 75.1585 7.07502 -0.439898 -0.898023 -0.00666953
34.9179 75.6142 7.06857 -0.415264 -0.909687 -0.00497225
33.9022 76.0643 7.07601 -0.393957 -0.919116 -0.00465205
32.9551 76.4542 7.05464 -0.373776 -0.927418 -0.0137093
31.8647 76.8687 7.05236 -0.350962 -0.936239 -0.0167886
30.8908 77.2154 7.03726 -0.311324 -0.950184 -0.0150898
29.8054 77.5465 7.04084 -0.27739 -0.960692 -0.0111687
28.6751 77.8457 7.05927 -0.24266 -0.97006 -0.0097451
27.6491 78.0705 7.07302 -0.193405 -0.981083 -0.00277275
26.5556 78.2578 7.07522 -0.14121 -0.98976 -0.0208376
25.4856 78.3748 7.05483 -0.085484 -0.996217 0.0141601
24.4718 78.4477 7.05334 -0.0621357 -0.998021 0.00924492
23.4291 78.4758 7.05087 -0.00281953 -0.999943 0.0102959
22.3028 78.4228 7.07502 0.0911502 -0.995674 0.00642269
21.2997 78.3087 7.0439 0.162028 -0.986668 0.015249
20.2993 78.1263 7.05345 0.205613 -0.978632 -0.00152132
19.2634 77.8754 7.06129 0.263346 -0.964659 0.00904352
18.1357 77.5324 7.05725 0.319092 -0.947638 0.0127321
17.1331 77.1701 7.05989 0.361453 -0.932337 -0.00997636
16.1233 76.7576 7.02456 0.392292 -0.919783 0.00941775
15.1248 76.2935 7.07843 0.440122 -0.897698 -0.0205701
14.183 75.8257 6.99774 0.462704 -0.886179 -0.0214082
14.0735 75.7748 5.94245 0.482757 -0.875754 -0.00109476
14.076 75.7859 4.90172 0.482248 -0.875972 -0.0102289
14.0619 75.7877 3.8887 0.464829 -0.885383 -0.00555917
14.0642 75.8031 2.87802 0.490142 -0.871535 -0.0131751
14.0507 75.8096 1.86413 0.488453 -0.872574 -0.00533901
15.3534 76.4723 1.85545 0.400414 -0.915997 -0.0248445
16.2804 76.8657 1.85173 0.378423 -0.925584 0.00955652
17.2361 77.2315 1.84483 0.34273 -0.939427 0.00352904
18.2517 77.5809 1.83808 0.308671 -0.951162 -0.00364472
19.3327 77.9078 1.83125 0.266458 -0.963743 -0.0141541
20.3491 78.1552 1.82436 0.214072 -0.976783 0.00825022
21.4174 78.3333 1.82008 0.128251 -0.991741 -0.0011769
22.4659 78.4428 1.81487 0.0812068 -0.996652 0.00947502
23.4862 78.4779 1.81153 -0.00525945 -0.999874 -0.0149587
24.5702 78.4569 1.81386 -0.0308585 -0.999492 -0.00795144
25.6025 78.391 1.8176 -0.0910995 -0.995841 -0.000937538
26.5954 78.2714 1.82141 -0.144725 -0.989469 -0.00235095
27.5881 78.0957 1.82597 -0.19508 -0.980785 -0.00218848
28.6564 77.8697 1.83137 -0.227362 -0.973791 -0.00615369
29.6307 77.6218 1.83846 -0.274812 -0.961496 -0.0017564
30.7635 77.2801 1.84935 -0.298537 -0.954397 -0.00163075
31.7949 76.937 1.85983 -0.34245 -0.939484 0.00992501
32.768 76.5669 1.87035 -0.359361 -0.933193 -0.0033672
33.7193 76.1851 1.88099 -0.381883 -0.924177 -0.0078518
34.7334 75.7318 1.89133 -0.42109 -0.907015 0.00249953
35.6981 75.2768 1.90132 -0.438746 -0.898602 0.00416777
36.6549 74.7941 1.91049 -0.46093 -0.887436 -0.000566701
37.7005 74.2375 1.91935 -0.472617 -0.881267 -0.0012287
38.5756 73.7515 1.92167 -0.495636 -0.868515 -0.00521755
39.1455 73.4226 1.92174 -0.500243 -0.865842 -0.0085732
39.1433 73.4368 0.9521 -0.494698 -0.868995 -0.011001
38.2039 73.9628 0.951361 -0.481697 -0.876318 -0.00586068
37.2888 74.4594 0.948385 -0.470781 -0.882246 -0.00269604
36.2949 74.9793 0.947085 -0.460625 -0.887592 0.00220685
35.3855 75.4285 0.942867 -0.429975 -0.902835 -0.00332318
34.477 75.8515 0.938925 -0.414248 -0.910155 -0.00406389
33.5307 76.2632 0.935009 -0.374294 -0.927299 0.00446162
32.4077 76.7053 0.929357 -0.35477 -0.934953 0.000314181
31.4125 77.0675 0.925053 -0.327148 -0.944967 -0.00334592
30.4237 77.3875 0.921306 -0.296602 -0.955001 2.10979e-05
29.4113 77.6862 0.917084 -0.273385 -0.961892 0.00492187
28.3894 77.934 0.91438 -0.206817 -0.978371 -0.00401911
27.2835 78.1597 0.912225 -0.188613 -0.981965 -0.013065
26.2255 78.3276 0.909386 -0.107412 -0.994195 -0.00619237
25.2024 78.4232 0.905917 -0.064587 -0.997902 -0.00455719
24.1454 78.4802 0.90552 -0.0216365 -0.999763 -0.00246816
23.1352 78.4849 0.907224 0.0420523 -0.998877 0.021812
22.1281 78.4104 0.906838 0.0905886 -0.995857 0.00794374
21.1112 78.2931 0.908176 0.132583 -0.991172 0.000170113
20.0386 78.08 0.912664 0.217543 -0.976049 0.00153336
19.0233 77.8237 0.915738 0.282025 -0.959402 0.00291565
17.8917 77.4584 0.919001 0.324714 -0.945812 0.000438587
16.9 77.1044 0.922501 0.361495 -0.93236 0.00509822
15.9686 76.736 0.924262 0.381888 -0.924178 0.00753033
15.363 76.4797 0.924745 0.395576 -0.918244 0.0186259
15.3649 76.4563 -0.00324867 0.432002 -0.901511 0.0255437
16.3359 76.8794 -0.00319965 0.37139 -0.928477 -0.000705134
17.3671 77.2711 -0.00249828 0.344012 -0.938889 0.0119434
18.318 77.6075 -0.00194242 0.321154 -0.947007 -0.00614566
19.3018 77.9019 -0.00284355 0.244631 -0.969585 0.00782988
20.285 78.1401 -0.00295171 0.21863 -0.975799 -0.00402822
21.3572 78.3199 -0.00216702 0.135737 -0.990744 -0.000942302
22.4271 78.4304 -0.00155394 0.0693075 -0.997475 0.0154929
23.5411 78.4825 -0.000450676 0.0351092 -0.999383 -0.000988099
24.6288 78.4638 -1.21855e-05 -0.0585645 -0.998283 0.000662268
25.6933 78.3856 -0.00209091 -0.0854095 -0.99626 -0.013066
26.8354 78.2449 -0.00149877 -0.161616 -0.986791 -0.0111567
27.932 78.0375 -0.00281291 -0.21035 -0.977623 0.00230089
28.9312 77.8078 -0.00370111 -0.239691 -0.970828 -0.00648147
29.9659 77.5282 -0.00467211 -0.274631 -0.96154 -0.00439723
31.0985 77.1725 -0.0053629 -0.318623 -0.947881 0.00093679
32.0749 76.8268 -0.00716214 -0.345464 -0.938402 0.00750375
33.1516 76.4154 -0.0082917 -0.368922 -0.92946 -0.00114744
34.1094 76.0192 -0.00951746 -0.394404 -0.918853 0.0123859
35.0269 75.6003 -0.0107369 -0.430349 -0.902638 -0.00675226
36.0731 75.0922 -0.0128749 -0.450771 -0.892615 -0.00661136
37.1451 74.5441 -0.0139727 -0.466473 -0.884448 -0.0124081
38.1333 74.0086 -0.0170486 -0.482976 -0.875592 -0.00851158
39.0177 73.5155 -0.0181344 -0.493296 -0.869794 -0.0108043
39.1043 73.4664 -0.0183337 -0.493286 -0.8698 -0.0108063
39.1549 73.4474 -0.991033 -0.497627 -0.867378 -0.00467487
38.1938 73.9871 -0.9854 -0.484266 -0.87484 -0.0119344
37.2158 74.52 -0.978504 -0.4673 -0.883959 -0.0157485
36.1987 75.039 -0.971653 -0.442925 -0.896541 -0.00559182
35.2537 75.4991 -0.964319 -0.432844 -0.901445 -0.00653774
34.3229 75.9255 -0.958272 -0.406163 -0.913791 -0.00434599
33.4001 76.3141 -0.950983 -0.382471 -0.923912 0.0101122
32.3281 76.7247 -0.943711 -0.346437 -0.93806 0.00504831
31.2757 77.1088 -0.935788 -0.341797 -0.939751 0.00649919
30.1999 77.4632 -0.928803 -0.285984 -0.958185 -0.00978351
29.1262 77.7601 -0.922984 -0.25952 -0.965737 -0.000631876
27.9964 78.0237 -0.918637 -0.215621 -0.976476 0.00143734
26.9719 78.2221 -0.914239 -0.161411 -0.986851 0.00850065
25.9678 78.3605 -0.908412 -0.106428 -0.994316 -0.00312286
24.8637 78.452 -0.909421 -0.0589334 -0.998247 -0.00550953
23.7599 78.4872 -0.90797 -0.00166016 -0.999999 -0.000344748
22.7413 78.4506 -0.911797 0.0682748 -0.997654 0.00491472
21.6587 78.3512 -0.910711 0.118228 -0.992894 0.0135813
20.5683 78.1893 -0.91433 0.19174 -0.981426 0.00616224
19.5436 77.9584 -0.916982 0.23617 -0.971696 0.00558412
18.5405 77.6868 -0.920065 0.289313 -0.957214 -0.00629446
17.38 77.2748 -0.925162 0.349721 -0.936836 -0.00572889
16.381 76.8877 -0.929599 0.381287 -0.924444 0.00484661
15.4287 76.4721 -0.933358 0.423093 -0.905896 0.0185462
15.3941 76.456 -0.933412 0.429411 -0.903002 0.0139329
15.3422 76.4225 -1.85926 0.415355 -0.909621 0.00839707
16.3179 76.8513 -1.85646 0.392533 -0.919607 0.0155413
17.2523 77.2283 -1.8496 0.354596 -0.935012 -0.00375076
18.3679 77.6331 -1.83925 0.311853 -0.949953 0.0183773
19.3807 77.9133 -1.83065 0.232428 -0.972586 0.00727581
20.3636 78.1403 -1.82566 0.197579 -0.98028 0.00358395
21.3952 78.3091 -1.82054 0.127606 -0.991644 0.0189161
22.4339 78.4219 -1.81621 0.0905282 -0.995847 -0.00971494
23.5455 78.4909 -1.81285 0.0333018 -0.999428 -0.00583896
24.7148 78.4647 -1.81271 -0.0647541 -0.997895 -0.00357687
25.8131 78.3802 -1.81648 -0.100863 -0.994894 -0.00342511
27.0048 78.2122 -1.82383 -0.185046 -0.982724 0.00333542
28.0758 78.0012 -1.83144 -0.203993 -0.978971 -0.00156012
29.1653 77.7485 -1.84196 -0.253531 -0.967326 -0.00171695
30.246 77.4481 -1.85337 -0.275163 -0.961397 0.00100209
31.2175 77.1309 -1.86467 -0.343434 -0.939177 -0.000708221
32.2281 76.7617 -1.87773 -0.342972 -0.939299 -0.00941041
33.1662 76.4112 -1.8903 -0.358631 -0.933477 -0.00198887
34.115 76.0208 -1.90468 -0.393279 -0.919407 -0.00479074
35.0404 75.6055 -1.91684 -0.421679 -0.906744 -0.00155141
35.9439 75.1697 -1.92902 -0.441392 -0.8973 -0.00498576
36.9031 74.6905 -1.94219 -0.458873 -0.888502 -0.000288403
37.8853 74.1681 -1.95343 -0.479224 -0.877667 -0.00663365
38.9039 73.5977 -1.96316 -0.494869 -0.868927 -0.00834246
39.1413 73.4617 -1.96473 -0.500897 -0.865435 -0.0111675
39.0968 73.5034 -2.93914 -0.491386 -0.870772 -0.0172027
38.178 74.015 -2.92569 -0.481657 -0.876359 -0.00117726
37.2314 74.5256 -2.91041 -0.466818 -0.884353 -0.00118022
36.1857 75.0576 -2.89204 -0.444662 -0.895685 -0.00482599
35.2818 75.4961 -2.87605 -0.425442 -0.904953 -0.0077383
34.3251 75.929 -2.85666 -0.404823 -0.914395 0.000422713
33.4004 76.3239 -2.83748 -0.370139 -0.928973 -0.0023527
32.3734 76.7182 -2.81654 -0.346503 -0.937986 -0.0108561
31.3596 77.088 -2.79572 -0.336635 -0.94159 -0.00925192
30.403 77.399 -2.77916 -0.293153 -0.956056 0.00429484
29.365 77.6986 -2.76179 -0.266965 -0.963683 0.00668946
28.3261 77.951 -2.7485 -0.209006 -0.977905 -0.0043474
27.2512 78.1656 -2.73732 -0.180023 -0.983586 -0.0122915
26.248 78.3312 -2.72646 -0.116607 -0.993174 -0.00296094
25.1955 78.4346 -2.72043 -0.0699922 -0.997533 -0.00532544
24.0513 78.4861 -2.71929 -0.0332323 -0.999436 0.0048839
22.8793 78.4664 -2.71874 0.0797503 -0.996784 -0.00788633
21.8119 78.3511 -2.7237 0.121407 -0.992585 0.00600701
20.7164 78.1965 -2.73189 0.173218 -0.984857 0.00723669
19.7007 77.9849 -2.74262 0.228444 -0.973505 0.010088
18.6651 77.7149 -2.75417 0.300771 -0.953517 0.018495
17.5576 77.3359 -2.76767 0.351217 -0.936202 0.0131135
16.4943 76.9206 -2.77981 0.383111 -0.923678 0.00676804
15.4219 76.4515 -2.79148 0.40721 -0.913332 0.00204866
15.3773 76.4316 -2.79186 0.408596 -0.912707 0.00380766
15.4906 76.4837 -3.71844 0.420961 -0.907075 0.0027325
16.4323 76.8886 -3.70705 0.363077 -0.93172 0.00856899
17.4518 77.2781 -3.69174 0.349562 -0.936466 0.0289635
18.4302 77.6309 -3.67611 0.3077 -0.951429 0.0102039
19.4798 77.9261 -3.65832 0.2517 -0.967691 0.0148487
20.4586 78.1405 -3.64431 0.170575 -0.985325 0.00626605
21.6137 78.317 -3.62951 0.133995 -0.990973 -0.0043133
22.772 78.4552 -3.62212 0.104833 -0.994312 -0.0188307
23.8384 78.4862 -3.62059 -0.00570465 -0.99997 0.00531701
24.9905 78.4503 -3.62208 -0.0580787 -0.998296 0.00557646
26.1273 78.3421 -3.6294 -0.109578 -0.993971 -0.00380477
27.1412 78.1895 -3.64053 -0.172833 -0.984951 7.31344e-05
28.2696 77.9664 -3.65913 -0.221178 -0.975226 0.0038266
29.275 77.7224 -3.67903 -0.251418 -0.967874 -0.00286382
30.2999 77.4315 -3.70033 -0.291115 -0.956688 -0.000829471
31.2804 77.1169 -3.72306 -0.31643 -0.948597 -0.00592928
32.3671 76.7315 -3.75321 -0.35227 -0.935876 -0.00655123
33.3134 76.3638 -3.77868 -0.374388 -0.927256 -0.00552151
34.394 75.9037 -3.80745 -0.404902 -0.914356 0.00286411
35.3631 75.4563 -3.83221 -0.428821 -0.903378 0.00459516
36.4006 74.9553 -3.86088 -0.44114 -0.897434 0.00268472
37.3816 74.4564 -3.88269 -0.469273 -0.883037 -0.00536684
38.3363 73.9394 -3.90328 -0.480159 -0.877159 -0.00630792
39.1663 73.4736 -3.91851 -0.498891 -0.866662 0.00187428
39.1156 73.5032 -4.89675 -0.496718 -0.867911 -0.0013286
38.2289 74.0051 -4.87829 -0.489611 -0.871939 -0.00171031
37.3355 74.4886 -4.85394 -0.463772 -0.885954 0.000958262
36.4033 74.9531 -4.82487 -0.439905 -0.898043 0.00183442
35.5 75.3885 -4.79638 -0.428225 -0.903669 0.00242643
34.5744 75.8171 -4.76525 -0.407644 -0.913131 0.00415527
33.6398 76.2277 -4.73394 -0.384895 -0.922956 0.00292729
32.6026 76.6437 -4.69703 -0.356139 -0.934433 -0.000271485
31.6099 77.0101 -4.66303 -0.339893 -0.940453 -0.00450001
30.6493 77.3267 -4.62926 -0.297874 -0.954592 -0.00502345
29.6795 77.6144 -4.60367 -0.271275 -0.962497 -0.00317007
28.6402 77.8858 -4.57659 -0.228692 -0.973464 -0.00821923
27.5233 78.1236 -4.55411 -0.191252 -0.981538 -0.00238402
26.5098 78.2881 -4.53566 -0.142157 -0.989843 -0.00168819
25.2912 78.4191 -4.5242 -0.0745229 -0.997104 -0.0151497
24.2564 78.4754 -4.51891 -0.0267889 -0.999607 -0.00829957
23.1805 78.4785 -4.51995 0.0370327 -0.999052 0.0228902
21.9918 78.3693 -4.53139 0.119024 -0.992845 -0.00955402
20.9457 78.2342 -4.54533 0.142 -0.989122 -0.0383749
19.7468 77.9947 -4.56578 0.218973 -0.975538 -0.0193904
18.733 77.7154 -4.58668 0.286168 -0.958176 0.00238545
17.7182 77.3723 -4.6099 0.351782 -0.936082 -0.000115617
16.7408 77.0032 -4.63223 0.361089 -0.932531 0.00120185
15.6603 76.5638 -4.65073 0.401942 -0.91566 -0.00294299
15.4238 76.4567 -4.65481 0.413319 -0.910561 -0.00671096
15.779 76.6165 -5.58717 0.401379 -0.91591 -0.00203984
16.7627 77.0206 -5.56044 0.364561 -0.931059 -0.0150143
17.7815 77.4036 -5.53094 0.323809 -0.946119 0.00249993
18.8925 77.7624 -5.49822 0.284783 -0.958591 -0.00103709
19.932 78.0439 -5.46929 0.23826 -0.971198 0.00265654
21.0538 78.2681 -5.44465 0.143659 -0.989623 -0.00290847
22.0833 78.3837 -5.42843 0.102826 -0.994699 0.000729769
23.0906 78.4658 -5.41618 0.0658665 -0.997823 0.0033595
24.1323 78.478 -5.4127 -0.0291587 -0.999562 -0.00511967
25.1879 78.427 -5.41802 -0.0626489 -0.998028 0.0038219
26.2323 78.3338 -5.43226 -0.119205 -0.992763 -0.0145688
27.259 78.1723 -5.45009 -0.171274 -0.985166 -0.0106078
28.4001 77.9484 -5.47816 -0.216474 -0.976283 0.00321116
29.3997 77.6975 -5.50807 -0.263802 -0.964475 -0.0139857
30.3693 77.4196 -5.54185 -0.287234 -0.957848 -0.00489152
31.4026 77.0881 -5.58266 -0.34031 -0.940311 -0.00207172
32.4568 76.7004 -5.63025 -0.353677 -0.935363 -0.0029514
32.9935 76.4946 -5.65305 -0.365578 -0.930774 -0.00344323
39.1189 73.4298 2.89931 -0.506874 -0.861995 -0.00661951
38.1721 73.9744 2.89202 -0.492562 -0.870277 0.00120148
37.2647 74.469 2.88324 -0.470892 -0.882186 -0.0029132
36.2338 75.0076 2.86876 -0.451011 -0.89251 -0.00382185
35.3292 75.4519 2.85306 -0.423934 -0.905684 -0.00398501
34.3062 75.9199 2.83695 -0.406071 -0.913813 -0.00719149
33.3548 76.3288 2.81959 -0.387766 -0.92175 -0.00372206
32.3266 76.7301 2.80224 -0.350368 -0.936577 -0.00816417
31.3754 77.0759 2.78555 -0.333509 -0.942706 -0.00879846
30.3283 77.4124 2.76976 -0.294499 -0.955645 -0.00344102
29.2989 77.7104 2.75517 -0.265808 -0.964026 -0.000276929
28.3105 77.9433 2.74262 -0.213145 -0.977018 0.00241487
27.2442 78.1566 2.73241 -0.176117 -0.984368 0.00168671
26.1674 78.3215 2.72602 -0.13043 -0.991383 -0.0121935
25.0403 78.434 2.72155 -0.059038 -0.998255 0.000788482
23.8894 78.4691 2.71774 -0.0172578 -0.999851 -0.000828051
22.811 78.4661 2.71862 0.0236606 -0.999656 -0.0112739
21.7558 78.3762 2.72399 0.114209 -0.993454 -0.00240788
20.5971 78.2049 2.73314 0.180106 -0.983646 0.00144609
19.6013 77.9818 2.74465 0.244618 -0.969594 -0.00703643
18.6337 77.7002 2.75423 0.302511 -0.953139 -0.00349958
17.62 77.3667 2.76498 0.331355 -0.943471 -0.00812393
16.5388 76.9682 2.77624 0.366785 -0.9303 0.00324376
15.5069 76.5196 2.78386 0.430298 -0.902377 -0.0236572
15.4596 76.4972 2.78411 0.427572 -0.903633 -0.0250936
15.3519 76.4327 3.71826 0.434259 -0.900779 -0.0041198
16.3555 76.89 3.70806 0.391154 -0.920149 -0.0180144
17.4023 77.2827 3.6933 0.335686 -0.941951 -0.00659932
18.4633 77.6466 3.67501 0.321386 -0.946946 0.0021916
19.6042 77.9894 3.65824 0.229564 -0.973109 -0.018952
20.6537 78.2102 3.6453 0.172403 -0.984991 -0.00842749
21.6815 78.3644 3.63475 0.118047 -0.992868 0.0166806
22.7979 78.4661 3.62559 0.0509945 -0.998693 0.00340882
23.8041 78.4701 3.62175 -0.0169352 -0.999857 -9.32727e-05
24.8582 78.4371 3.62228 -0.0486428 -0.998813 -0.00248858
25.9489 78.3459 3.62823 -0.125193 -0.992125 0.00375679
27.0565 78.1796 3.63901 -0.168953 -0.98551 -0.0149914
28.2016 77.9618 3.6529 -0.203742 -0.979024 -0.00141175
29.3524 77.6927 3.67452 -0.256179 -0.966587 -0.00905448
30.4 77.3899 3.69384 -0.297144 -0.954764 -0.0114657
31.5154 77.0202 3.71941 -0.33045 -0.943786 -0.00839492
32.618 76.6148 3.74535 -0.354155 -0.935179 -0.00390418
33.6656 76.1893 3.76825 -0.390285 -0.920673 -0.00622349
34.6859 75.7396 3.79641 -0.408663 -0.91264 -0.00905839
35.6493 75.2917 3.81913 -0.43729 -0.899084 -0.0206291
36.6613 74.7794 3.83958 -0.460875 -0.887431 -0.00776041
37.5935 74.2867 3.85977 -0.473667 -0.880704 0.000271273
38.4703 73.8017 3.87234 -0.495288 -0.868727 0.00185911
39.1148 73.4288 3.87876 -0.501923 -0.864908 0.00259228
39.1489 73.4111 4.85922 -0.501034 -0.865418 -0.00393671
38.2711 73.9111 4.8449 -0.489165 -0.872191 2.40767e-05
37.2964 74.4409 4.82222 -0.463473 -0.886105 -0.00322795
36.4065 74.9034 4.80233 -0.459376 -0.888238 -0.00258524
35.405 75.3983 4.7709 -0.429937 -0.90283 -0.00729346
34.4697 75.8282 4.73959 -0.410717 -0.91175 -0.00488916
33.4962 76.2481 4.70971 -0.383907 -0.923306 -0.0110386
32.4399 76.6754 4.67681 -0.360884 -0.932584 -0.0071283
31.4641 77.0307 4.6471 -0.322765 -0.946466 -0.00495016
30.5155 77.3467 4.61993 -0.301666 -0.953413 -0.0013862
29.5263 77.6389 4.59337 -0.262724 -0.964772 -0.0137914
28.4558 77.9009 4.56862 -0.212616 -0.977129 -0.00362908
27.4232 78.1033 4.5485 -0.18626 -0.982498 -0.0023405
26.4134 78.2774 4.53592 -0.133506 -0.991008 0.00884769
25.4 78.3872 4.52522 -0.0854382 -0.996324 -0.00629874
24.2587 78.4605 4.52244 -0.0428481 -0.998988 0.0136769
23.2332 78.4729 4.52534 -0.00372566 -0.999965 0.00749727
22.0762 78.4058 4.53156 0.110063 -0.993921 -0.00259175
20.9798 78.256 4.5458 0.171408 -0.985178 -0.00664202
19.9783 78.0627 4.5644 0.205514 -0.978425 -0.0211805
18.9423 77.8006 4.58324 0.270889 -0.962573 -0.00844966
17.9549 77.4728 4.60533 0.327568 -0.944827 -0.00065951
16.9889 77.1238 4.62786 0.342826 -0.939306 -0.0132228
15.9754 76.7093 4.6499 0.39944 -0.916585 -0.0179004
15.3793 76.4455 4.65806 0.418594 -0.908105 0.011196
15.5404 76.5142 5.60017 0.390026 -0.920804 0.000180894
16.472 76.9019 5.57456 0.388281 -0.921457 -0.012435
17.5179 77.3172 5.54216 0.351143 -0.936317 -0.00309166
18.4812 77.6368 5.51221 0.292087 -0.956349 -0.00905069
19.4476 77.9192 5.48501 0.264879 -0.964186 -0.0136146
20.4488 78.15 5.46029 0.208476 -0.978027 -0.000914661
21.6036 78.3441 5.43649 0.123479 -0.992292 0.0105057
22.6725 78.4535 5.42119 0.062588 -0.997842 -0.0198746
23.7393 78.4725 5.41737 -0.0144658 -0.999895 -0.000335925
24.7717 78.4267 5.4181 -0.0723702 -0.997329 -0.00982314
25.8837 78.3344 5.42679 -0.0908236 -0.995828 -0.00880105
26.9031 78.2047 5.44107 -0.154062 -0.987865 0.0196956
27.8861 78.019 5.46192 -0.200894 -0.979535 0.0123289
28.922 77.7881 5.48756 -0.249415 -0.968385 -0.00473605
29.8888 77.5298 5.51608 -0.273574 -0.961799 -0.00998721
31.0123 77.1788 5.55964 -0.315342 -0.948975 0.00250283
31.9776 76.843 5.59663 -0.352836 -0.935571 -0.0146504
32.2452 76.7419 5.60789 -0.357046 -0.933996 -0.0130431
32.29 76.7246 5.60923 -0.361815 -0.932175 -0.0118147
