14.0844 76.9839 -5.09786 0.467204 -0.884083 0.000311065
14.1067 76.9924 -4.04446 0.472482 -0.881311 -0.00718874
14.1032 76.972 -2.96718 0.483818 -0.874912 -0.0211988
14.1239 76.9643 -1.94285 0.488764 -0.872375 -0.000722776
14.1211 76.9757 -0.856777 0.488673 -0.872456 0.00434069
14.134 76.9825 0.237055 0.494817 -0.868926 -0.00697166
14.1391 76.9756 1.34803 0.515163 -0.857074 -0.00260273
14.1587 76.9807 2.38331 0.49286 -0.86998 -0.0140625
14.1386 76.9624 3.45817 0.483291 -0.874845 -0.0328069
14.1768 76.9558 4.56746 0.485881 -0.873588 -0.0276427
14.1781 76.9389 5.73399 0.497633 -0.867385 0.00197889
14.8621 77.3231 6.12108 0.484634 -0.874713 -0.00261677
15.7955 77.8196 6.07488 0.442249 -0.896679 -0.008233
16.8156 78.2885 6.10854 0.386655 -0.922215 -0.00415889
17.779 78.6723 6.12337 0.339033 -0.94074 0.0047401
18.8277 79.0251 6.13002 0.29907 -0.954227 0.00260855
19.9724 79.3507 6.14895 0.251296 -0.967888 -0.00073662
21.0436 79.5695 6.11712 0.130588 -0.991434 0.00216989
22.0502 79.6814 6.10697 0.0908248 -0.995845 -0.00659114
23.1143 79.7439 6.09559 0.018112 -0.999745 -0.0124942
24.278 79.7268 6.11993 -0.0413871 -0.999091 0.0102161
25.3312 79.6592 6.11337 -0.0864587 -0.996151 0.014404
26.4512 79.5405 6.12749 -0.127774 -0.991779 0.0059591
27.5194 79.3666 6.13493 -0.183044 -0.983059 -0.00558108
28.6192 79.1286 6.09643 -0.243859 -0.969801 0.00440098
29.6394 78.8644 6.109 -0.262326 -0.964963 -0.00553972
30.7313 78.5526 6.12024 -0.290282 -0.956758 -0.0187071
31.7286 78.2174 6.09747 -0.338841 -0.940797 -0.00822991
32.6961 77.8578 6.09986 -0.36424 -0.931268 0.00251356
33.6393 77.4705 6.10702 -0.388397 -0.921474 -0.00553004
34.6351 77.0399 6.10389 -0.40895 -0.912479 -0.0119417
35.6857 76.5493 6.11975 -0.432771 -0.901494 -0.00317908
36.6844 76.0477 6.1137 -0.461421 -0.887153 -0.00700579
37.5945 75.5688 6.11102 -0.474913 -0.880002 -0.00734445
38.5327 75.0486 6.14618 -0.498114 -0.867103 -0.00390526
39.4546 74.5171 6.1084 -0.503061 -0.864233 -0.00548498
40.3595 73.9903 6.08406 -0.507111 -0.86183 -0.0093158
40.6464 73.8176 5.11559 -0.515381 -0.856932 0.00599972
40.637 73.8198 4.08741 -0.528667 -0.848811 -0.00216219
40.6479 73.8227 3.05096 -0.523024 -0.852251 -0.00989681
40.6869 73.8048 2.04436 -0.520402 -0.853915 -0.00338546
40.6854 73.8122 1.00712 -0.519705 -0.854314 -0.00735392
40.6749 73.8316 0.00299575 -0.521351 -0.853241 -0.0128598
40.6726 73.8463 -1.04285 -0.522907 -0.852356 -0.00747494
40.6993 73.8366 -2.08398 -0.520843 -0.85362 -0.0073964
40.6963 73.8495 -3.22479 -0.520531 -0.853772 -0.0110136
40.6955 73.8569 -4.3244 -0.51785 -0.855459 -2.94669e-05
40.6825 73.863 -5.33997 -0.528029 -0.849194 0.00743207
40.3682 74.0573 -6.12609 -0.52299 -0.852328 -0.00413548
39.4514 74.6077 -6.09275 -0.505122 -0.863041 -0.000897262
38.4448 75.1787 -6.09401 -0.481108 -0.876647 -0.00498739
37.5549 75.6534 -6.1164 -0.462355 -0.886691 0.000637014
36.5831 76.1544 -6.11769 -0.452784 -0.891619 -0.00094666
35.6235 76.6256 -6.12191 -0.435045 -0.900408 -0.000857303
34.6246 77.0889 -6.11758 -0.412279 -0.911053 -0.00238092
33.6731 77.5062 -6.10654 -0.389824 -0.920862 0.00717329
32.6738 77.9078 -6.11888 -0.36117 -0.932467 -0.00783065
31.6441 78.2856 -6.09876 -0.333411 -0.942773 -0.00208865
30.6804 78.615 -6.11024 -0.316412 -0.948605 0.00438694
29.5604 78.9417 -6.11822 -0.248872 -0.96846 -0.0110402
28.5667 79.1872 -6.10624 -0.229528 -0.973258 -0.0080665
27.5206 79.4114 -6.11662 -0.175745 -0.98415 -0.0210392
26.4509 79.5837 -6.12676 -0.137524 -0.990328 -0.0147346
25.4341 79.6996 -6.13242 -0.0800708 -0.996428 -0.0139665
24.3598 79.7535 -6.10379 -0.0295052 -0.999169 -0.025488
23.2972 79.7576 -6.11743 0.0198856 -0.999708 -0.0137567
22.2394 79.6962 -6.09742 0.0985248 -0.995132 0.00240223
21.207 79.574 -6.10317 0.153256 -0.988113 -0.0099255
20.1806 79.3855 -6.11008 0.226419 -0.973989 0.00893491
19.1624 79.1215 -6.10194 0.291804 -0.956453 0.00687996
18.1923 78.7894 -6.10976 0.34223 -0.939611 -0.00306803
17.2238 78.4385 -6.10998 0.348301 -0.937363 0.0061442
16.2848 78.0618 -6.09057 0.402088 -0.915557 0.00897792
15.2189 77.5699 -6.11896 0.431102 -0.902232 -0.0113083
14.1774 77.0346 -6.03966 0.47521 -0.879847 0.00489965
14.0847 76.9861 -5.27809 0.478101 -0.878191 0.00191676
13.2747 76.519 -5.32217 0.516106 -0.856235 0.0222585
13.2955 76.5235 -6.32588 0.51788 -0.85544 -0.00481598
13.7593 76.797 -7.04702 0.487696 -0.873013 0.000684137
14.7294 77.3291 -7.0708 0.46995 -0.88261 0.0121391
15.7758 77.8365 -7.0532 0.408645 -0.912686 0.00372304
16.7078 78.2442 -7.079 0.39628 -0.918119 0.00439701
17.7395 78.6431 -7.06931 0.338995 -0.940439 -0.025581
18.7809 79.0053 -7.03724 0.295318 -0.955353 -0.00258575
19.762 79.2822 -7.0573 0.243693 -0.969808 0.00919283
20.8547 79.5212 -7.05872 0.180149 -0.983482 0.0175631
22.0143 79.6734 -7.05356 0.104803 -0.994361 0.00985916
23.2087 79.7576 -7.07746 0.0280501 -0.999428 0.0103631
24.3625 79.7627 -7.05023 -0.0312363 -0.999509 -0.00246931
25.4749 79.7001 -7.0659 -0.0874287 -0.996092 -0.000373296
26.5325 79.579 -7.05638 -0.13408 -0.990895 -0.0119911
27.7342 79.3801 -7.07166 -0.200267 -0.979594 -0.016971
28.7467 79.1545 -7.05922 -0.227281 -0.973755 -0.0117127
29.7676 78.8925 -7.06253 -0.263437 -0.964676 -0.000425723
30.7927 78.5796 -7.04303 -0.313248 -0.949636 0.00174661
31.7884 78.2376 -7.05627 -0.341342 -0.939903 -0.00822031
32.8024 77.8587 -7.06417 -0.362731 -0.931893 -0.00132441
33.7499 77.4733 -7.0539 -0.3921 -0.91987 0.00414298
34.8446 76.9877 -7.05969 -0.413224 -0.910628 -0.00156956
35.8823 76.503 -7.05814 -0.431955 -0.901879 -0.00237644
36.8174 76.0379 -7.05041 -0.458301 -0.888793 -0.00160777
37.7214 75.5647 -7.05062 -0.464849 -0.885388 0.00208413
38.6135 75.0889 -7.028 -0.483743 -0.875198 -0.00231039
39.5252 74.5671 -7.03732 -0.507194 -0.861827 0.000477558
40.4073 74.0397 -7.07167 -0.51731 -0.855798 0.00032149
41.3014 73.4888 -7.02377 -0.53192 -0.846733 -0.00894497
41.5131 73.347 -6.13231 -0.527552 -0.849485 -0.00769424
41.4918 73.3581 -5.12419 -0.533512 -0.845782 0.00417499
41.5084 73.3508 -4.11427 -0.543495 -0.839408 -0.00271317
41.4918 73.352 -2.8772 -0.536089 -0.844099 -0.0102899
41.5039 73.3363 -1.8706 -0.529472 -0.848315 -0.00444973
41.4763 73.3471 -0.84584 -0.531533 -0.846998 -0.00824965
41.4837 73.3292 0.164439 -0.528102 -0.849091 -0.0123149
41.4702 73.3284 1.19732 -0.525999 -0.850468 -0.00538667
41.4867 73.3082 2.25207 -0.532331 -0.846427 -0.0126643
41.4472 73.3183 3.36646 -0.53725 -0.843398 -0.00655438
41.4505 73.3153 4.44916 -0.532411 -0.846452 0.00762766
41.4596 73.3197 5.45799 -0.53176 -0.84688 0.00386797
41.4495 73.3187 6.53239 -0.538283 -0.842683 -0.0116984
40.8547 73.6794 7.05484 -0.520712 -0.853444 -0.0217936
39.947 74.2227 7.05901 -0.504509 -0.863351 -0.0097883
39.0791 74.7301 7.06134 -0.502806 -0.864393 -0.00326389
38.179 75.2391 7.06944 -0.483527 -0.875204 -0.0147988
37.2982 75.7185 7.06641 -0.4738 -0.880583 -0.00888274
36.3966 76.1897 7.06754 -0.456685 -0.889615 -0.00493699
35.4278 76.6709 7.05293 -0.425156 -0.905066 -0.00372678
34.4034 77.1341 7.05755 -0.402848 -0.915196 -0.0113664
33.4829 77.532 7.04792 -0.381825 -0.92422 0.00515325
32.5475 77.9048 7.03468 -0.356044 -0.934423 -0.00718914
31.5536 78.2708 7.06282 -0.326068 -0.945223 -0.0152844
30.5161 78.6125 7.05112 -0.300308 -0.953694 -0.0168276
29.4498 78.9135 7.04776 -0.253778 -0.967255 -0.00253959
28.3498 79.1925 7.03141 -0.231213 -0.97287 0.00802115
27.3346 79.3934 7.08226 -0.175244 -0.984479 -0.00823058
26.1966 79.5641 7.06562 -0.13175 -0.991131 -0.0173526
25.1682 79.6756 7.05057 -0.0683845 -0.997653 -0.00350702
24.1658 79.7254 7.0555 -0.0340085 -0.999352 -0.0117704
23.1287 79.7463 7.03842 -0.00502747 -0.999931 -0.0105758
22.1216 79.6825 7.05004 0.0953477 -0.995372 -0.010755
20.9154 79.5459 7.06018 0.161471 -0.986717 0.0106719
19.8738 79.3197 7.06636 0.248241 -0.968591 -0.0127092
18.8942 79.0502 7.06865 0.287412 -0.957708 0.0137036
17.7596 78.6603 7.06761 0.355626 -0.934515 -0.0145798
16.7484 78.2606 7.06167 0.383228 -0.923483 0.00258345
15.8064 77.8286 7.04749 0.448661 -0.893525 0.00628738
14.7782 77.2869 7.07314 0.47243 -0.881367 0.00115053
13.7762 76.7374 7.07022 0.492517 -0.870242 0.0102896
13.368 76.4804 6.3236 0.505027 -0.863039 0.0103499
13.3441 76.4664 5.27144 0.502359 -0.864612 -0.00857393
13.3257 76.4758 4.26455 0.508036 -0.861095 -0.0202551
13.3217 76.4838 3.1408 0.523866 -0.8518 -0.000488155
13.3326 76.4876 2.10897 0.517866 -0.855459 -0.00128533
13.3306 76.4899 1.08124 0.517028 -0.855931 -0.00800475
13.3221 76.5009 -0.000572225 0.521115 -0.853255 -0.0197479
13.2983 76.5069 -1.07409 0.503202 -0.864075 0.0120776
13.2873 76.4973 -2.18169 0.492637 -0.870136 -0.0131054
13.2719 76.521 -3.26202 0.481366 -0.875943 -0.0316703
13.2698 76.5338 -4.41148 0.485182 -0.874109 0.0230371
13.2727 76.5201 -5.23465 0.512344 -0.858614 0.0141784
14.6032 77.2541 -4.73997 0.451217 -0.89241 0.00287159
15.6818 77.7774 -4.71377 0.420901 -0.907057 -0.00947402
16.6306 78.2008 -4.68724 0.389031 -0.921203 -0.00637799
17.6621 78.6135 -4.65404 0.352651 -0.935737 -0.00577483
18.6362 78.9398 -4.62007 0.304291 -0.952401 -0.0184415
19.6669 79.2441 -4.59084 0.267207 -0.963553 -0.0129117
20.7088 79.4913 -4.56388 0.180976 -0.983486 -0.00175729
21.7773 79.6419 -4.54815 0.121259 -0.992615 -0.00337291
22.9072 79.7377 -4.53484 0.0360758 -0.999306 -0.00928487
24.0252 79.7454 -4.52678 -0.0115483 -0.999907 0.00728118
25.0651 79.7107 -4.52779 -0.0668916 -0.997476 -0.023803
26.1006 79.6037 -4.53373 -0.120858 -0.992585 -0.0129422
27.0918 79.4687 -4.54648 -0.150713 -0.988557 -0.00634233
28.1144 79.2706 -4.56483 -0.214281 -0.976726 -0.00945613
29.121 79.0379 -4.58968 -0.230076 -0.973171 -0.00167689
30.1742 78.7626 -4.61696 -0.276761 -0.960938 -0.00127273
31.1725 78.4516 -4.64856 -0.311614 -0.95018 -0.00742696
32.3251 78.0392 -4.68995 -0.349398 -0.936974 -0.00107893
33.2588 77.6778 -4.72305 -0.372222 -0.928136 0.00370933
34.2768 77.2469 -4.75959 -0.406809 -0.913513 -0.000663158
35.1987 76.824 -4.79027 -0.428931 -0.90333 -0.00360446
36.273 76.3073 -4.83131 -0.436001 -0.899946 -0.000935703
37.1659 75.8547 -4.86479 -0.458963 -0.888449 -0.00347188
38.1772 75.3203 -4.89859 -0.481022 -0.876694 -0.00503991
39.1189 74.7942 -4.92544 -0.492519 -0.870302 -4.73371e-05
40.0878 74.2273 -4.95008 -0.514882 -0.857261 -4.35884e-05
40.2091 74.1544 -4.95271 -0.516135 -0.856506 0.00153129
40.1506 74.1859 -3.96194 -0.514156 -0.857655 -0.00844049
39.2459 74.7182 -3.94479 -0.49696 -0.867761 -0.00457373
38.2824 75.2577 -3.92035 -0.479593 -0.877486 -0.00312926
37.3829 75.7401 -3.89915 -0.464172 -0.885736 -0.00417105
36.4608 76.213 -3.87253 -0.444494 -0.89578 -0.0020958
35.3641 76.7448 -3.84003 -0.430093 -0.902783 0.0012997
34.3983 77.1909 -3.8123 -0.409353 -0.912376 0.000673393
33.4197 77.6125 -3.78684 -0.370483 -0.928829 -0.00437749
32.4551 77.9869 -3.7575 -0.353604 -0.935395 0.000743281
31.4943 78.3384 -3.73072 -0.319869 -0.947458 -0.00260736
30.479 78.6647 -3.70585 -0.28551 -0.958372 -0.00252815
29.3824 78.9714 -3.68195 -0.248165 -0.96871 0.00389389
28.3749 79.2095 -3.66156 -0.211811 -0.977309 -0.00188712
27.355 79.4136 -3.64634 -0.179741 -0.983714 -0.000967421
26.2282 79.5896 -3.6362 -0.117838 -0.992953 0.012565
25.1419 79.6983 -3.63063 -0.0639463 -0.997926 -0.00744473
24.1296 79.7413 -3.62832 -0.022641 -0.999741 -0.00214162
22.969 79.7453 -3.63017 0.0122029 -0.999918 0.00388826
21.8694 79.6626 -3.64158 0.113508 -0.993391 0.0170546
20.8231 79.5076 -3.65601 0.17675 -0.984252 0.00261302
19.8252 79.2846 -3.67405 0.246709 -0.968771 0.0248452
18.6266 78.9509 -3.69848 0.28924 -0.956984 0.0228519
17.5041 78.5656 -3.73032 0.34812 -0.937244 0.019644
16.568 78.1788 -3.75031 0.395583 -0.918058 0.0261665
15.6545 77.7587 -3.76924 0.431777 -0.901978 -0.00223557
14.5982 77.2459 -3.79176 0.441712 -0.897137 -0.00596913
14.5679 77.231 -3.79235 0.442814 -0.896581 -0.00767159
14.6343 77.2524 -2.83859 0.458191 -0.888806 -0.00920105
15.6095 77.7361 -2.82451 0.443584 -0.896233 0.000118226
16.5354 78.1808 -2.81136 0.404144 -0.914689 0.00336024
17.4692 78.5612 -2.79723 0.352147 -0.935945 -0.000650954
18.4415 78.9189 -2.78109 0.322633 -0.946182 0.0254637
19.4388 79.2121 -2.76342 0.233826 -0.972255 0.0067924
20.5118 79.461 -2.74631 0.207015 -0.978312 0.00703966
21.5436 79.6399 -2.73818 0.126759 -0.991552 0.0275155
22.5446 79.7373 -2.73074 0.0417764 -0.999096 -0.00783702
23.7518 79.7495 -2.7263 -0.0119711 -0.999928 -0.000885958
24.8286 79.7173 -2.7254 -0.0558509 -0.998401 0.00867591
25.978 79.6253 -2.72968 -0.134044 -0.990955 0.0063794
27.0471 79.4611 -2.73818 -0.172972 -0.984816 -0.0147899
28.215 79.2415 -2.7485 -0.201084 -0.979549 -0.00701983
29.3039 78.9895 -2.76394 -0.249603 -0.968336 0.00479677
30.3275 78.7041 -2.78028 -0.277525 -0.960709 -0.00417189
31.3805 78.3694 -2.79986 -0.329625 -0.944073 -0.00854548
32.3857 78.0071 -2.81938 -0.347374 -0.937669 -0.0103686
33.4162 77.611 -2.84183 -0.378495 -0.925574 -0.00740374
34.3981 77.1908 -2.8623 -0.411537 -0.911393 -0.000553095
35.3704 76.7416 -2.88387 -0.429488 -0.903068 -0.00266891
36.281 76.2996 -2.90508 -0.44304 -0.896502 0.000757252
37.1861 75.8388 -2.92301 -0.466154 -0.884651 -0.00963806
38.11 75.3439 -2.94098 -0.478067 -0.878263 -0.0102751
39.0223 74.8365 -2.9576 -0.492607 -0.870131 -0.0144735
40.0053 74.2635 -2.97168 -0.507751 -0.861467 -0.00799164
40.2226 74.1332 -2.97444 -0.515689 -0.856675 -0.0131708
40.1921 74.1419 -1.9923 -0.511112 -0.859491 -0.00629999
39.2369 74.7023 -1.98229 -0.500224 -0.865879 -0.00539084
38.3244 75.2175 -1.97199 -0.482191 -0.876034 -0.00747582
37.3651 75.736 -1.95867 -0.472264 -0.88141 -0.00916288
36.3321 76.2703 -1.94138 -0.448983 -0.89353 -0.00431399
35.3854 76.7337 -1.92838 -0.42691 -0.904294 -0.000898212
34.3517 77.21 -1.91154 -0.404903 -0.914359 0.00125121
33.3452 77.6349 -1.89812 -0.366529 -0.9304 -0.00359807
32.29 78.035 -1.88275 -0.348227 -0.937405 -0.00303128
31.2325 78.4163 -1.86682 -0.322305 -0.946611 -0.00686482
30.1991 78.7403 -1.85303 -0.27853 -0.960424 -0.00263091
29.0816 79.0454 -1.84178 -0.245924 -0.96927 -0.00611917
28.1041 79.2633 -1.83561 -0.193033 -0.981185 0.00371235
27.1099 79.4504 -1.82757 -0.173099 -0.984903 0.00170277
26.029 79.6167 -1.82117 -0.114485 -0.993423 0.00179604
24.9712 79.7082 -1.81724 -0.0566393 -0.99839 -0.00311214
23.9361 79.746 -1.81549 -0.0050465 -0.999835 -0.0174304
22.8515 79.7403 -1.8172 0.0225324 -0.999668 -0.0124596
21.7661 79.6764 -1.82426 0.127405 -0.99185 0.0012382
20.6194 79.4841 -1.83535 0.20998 -0.977698 0.00397437
19.6244 79.2657 -1.84306 0.219005 -0.975609 0.0149789
18.6456 78.9945 -1.85329 0.32441 -0.945601 0.0244131
17.5336 78.586 -1.86485 0.354213 -0.935164 0.00143039
16.5523 78.1888 -1.87474 0.41308 -0.910655 0.00849538
15.5439 77.7046 -1.88485 0.443853 -0.896094 0.00326711
14.5929 77.2206 -1.90131 0.468798 -0.883299 0.00352177
14.5745 77.2226 -0.956741 0.467606 -0.883692 0.0208284
15.4672 77.6754 -0.952373 0.440949 -0.897433 0.013341
16.3917 78.1131 -0.941219 0.403592 -0.914922 -0.0055794
17.4596 78.5558 -0.935514 0.361303 -0.932447 -0.00149308
18.4861 78.939 -0.929821 0.328262 -0.944418 -0.0178522
19.5079 79.2483 -0.925152 0.236805 -0.971331 0.0209743
20.5027 79.467 -0.920808 0.201283 -0.979383 0.0171299
21.5673 79.6644 -0.915305 0.150536 -0.988566 0.00877914
22.6583 79.7248 -0.911972 0.0166195 -0.999846 0.00571518
23.6647 79.7378 -0.912021 0.00469111 -0.999984 0.0033088
24.8846 79.7142 -0.9114 -0.0661523 -0.997799 0.00465964
25.9654 79.6171 -0.913219 -0.108139 -0.994136 -0.000160797
26.9882 79.4735 -0.915498 -0.15957 -0.987187 0.000108239
27.9991 79.2871 -0.917727 -0.199184 -0.979962 -0.000929122
29.0542 79.051 -0.925439 -0.237327 -0.971429 -0.00106185
30.1235 78.7607 -0.929645 -0.275598 -0.961263 0.00442193
31.2223 78.4247 -0.936297 -0.318847 -0.947789 -0.00581424
32.2408 78.0579 -0.946151 -0.342378 -0.939545 0.00564183
33.2869 77.6565 -0.95424 -0.372148 -0.928173 0.00114465
34.2267 77.2609 -0.961407 -0.40452 -0.914514 -0.00529256
35.142 76.8459 -0.969764 -0.430905 -0.902395 -0.00214793
36.1351 76.3638 -0.977729 -0.442383 -0.896826 -0.000513227
37.2018 75.8181 -0.988841 -0.473099 -0.880986 -0.00647573
38.1254 75.3176 -0.99553 -0.480043 -0.877198 -0.00902987
39.1216 74.7638 -1.00428 -0.491594 -0.870823 -0.00167336
40.0039 74.2485 -1.01156 -0.508415 -0.861103 -0.00402346
40.257 74.0989 -1.01272 -0.508807 -0.860873 -0.00364023
40.2369 74.0979 -0.0324819 -0.517729 -0.855463 -0.011801
39.337 74.6292 -0.0264427 -0.504329 -0.863471 -0.00838462
38.2873 75.2173 -0.0239629 -0.478974 -0.877766 -0.0104858
37.3675 75.7124 -0.020283 -0.471243 -0.881971 -0.00754694
36.4494 76.1987 -0.0170471 -0.462947 -0.886374 -0.00470479
35.4997 76.6711 -0.0151756 -0.433732 -0.901036 -0.00336781
34.4388 77.1671 -0.0135438 -0.418381 -0.908268 0.00277595
33.5191 77.5622 -0.0117937 -0.383727 -0.923446 0.00113127
32.5783 77.9363 -0.00994946 -0.362767 -0.93188 -0.000760505
31.5032 78.3271 -0.0078151 -0.330721 -0.943706 -0.00655284
30.5416 78.6436 -0.00678974 -0.285565 -0.958359 -0.00120502
29.4601 78.9465 -0.00641943 -0.260225 -0.965515 0.00793377
28.4684 79.1922 -0.00394316 -0.213885 -0.976825 0.00816693
27.3338 79.4143 -0.00311488 -0.170759 -0.985304 0.00408356
26.3419 79.5661 -0.00239861 -0.130358 -0.991461 -0.00344001
25.3274 79.6769 0.000774018 -0.0731192 -0.997323 -0.000563297
24.2239 79.7452 0.000253288 -0.0473162 -0.998854 0.00720923
23.1325 79.7458 -0.00169201 0.0161283 -0.999659 0.0205448
22.0996 79.7083 -0.00258492 0.0746936 -0.997192 -0.00543333
21.1028 79.5929 -0.000702163 0.160821 -0.986982 -0.00161047
19.9834 79.3667 -0.00259076 0.221578 -0.975129 -0.00519542
18.9646 79.0994 -0.00399131 0.298372 -0.954437 0.00499661
18.0131 78.7657 -0.00492029 0.339044 -0.940754 0.00563297
17.0157 78.3884 -0.00605149 0.379117 -0.925204 0.0163799
15.9365 77.9081 -0.0103349 0.423229 -0.906021 0.00190277
15.034 77.4736 -0.0134129 0.448808 -0.893541 0.0124966
14.5812 77.236 -0.0137938 0.487395 -0.873076 0.0135855
14.5692 77.2249 0.933611 0.492463 -0.870209 -0.0147252
15.5788 77.7448 0.930208 0.429884 -0.902884 0.00113503
16.6202 78.2199 0.927257 0.398078 -0.917342 -0.00407605
17.6891 78.6516 0.924446 0.359043 -0.933315 -0.00347396
18.791 79.0311 0.919489 0.314723 -0.949173 0.00452299
19.7652 79.3063 0.916222 0.254471 -0.967077 -0.00239966
20.8405 79.5462 0.912034 0.18296 -0.983117 -0.00237507
21.9745 79.6867 0.909674 0.0965057 -0.99527 -0.0111095
23.0154 79.7545 0.904378 0.0327075 -0.999462 -0.00233981
24.1156 79.7489 0.907039 -0.0309158 -0.999522 0.000106906
25.2203 79.6795 0.907453 -0.0853825 -0.996318 -0.00781975
26.2945 79.5687 0.908806 -0.120296 -0.992735 0.00228255
27.3642 79.4065 0.910407 -0.178076 -0.984014 -0.00213789
28.3789 79.2128 0.912317 -0.224103 -0.974558 0.00390898
29.4071 78.9606 0.914999 -0.256922 -0.966432 -0.000323117
30.4993 78.6504 0.918094 -0.300401 -0.953801 -0.0047541
31.5212 78.316 0.922888 -0.320948 -0.94708 -0.00560483
32.522 77.9587 0.927671 -0.348752 -0.937213 -0.00198177
33.4656 77.586 0.931778 -0.380636 -0.924678 -0.00934997
34.4183 77.1767 0.937583 -0.420071 -0.907491 0.000432127
35.4586 76.6867 0.941621 -0.433921 -0.900936 -0.00524356
36.3851 76.2292 0.944694 -0.45831 -0.888787 0.00314685
37.3238 75.7338 0.948439 -0.472183 -0.88149 0.00427538
38.2996 75.2075 0.949619 -0.476817 -0.879002 0.0012702
39.3073 74.6374 0.94961 -0.507066 -0.861889 -0.00557224
40.185 74.1153 0.95047 -0.515681 -0.856723 -0.00996232
40.2195 74.0946 0.950466 -0.515685 -0.856721 -0.00996408
40.1603 74.1245 1.92951 -0.515574 -0.856838 -0.00354466
39.2557 74.6633 1.92854 -0.504434 -0.863443 -0.003544
38.3422 75.1819 1.923 -0.483623 -0.875276 -0.000899863
37.4466 75.6717 1.91764 -0.475642 -0.879639 -0.000479133
36.5563 76.1417 1.90957 -0.458814 -0.888521 0.00438356
35.6598 76.5864 1.90124 -0.429544 -0.903041 -0.00295317
34.7513 77.0156 1.89092 -0.420464 -0.907275 -0.00794154
33.7875 77.4455 1.88039 -0.385586 -0.922575 -0.013371
32.7549 77.8637 1.86736 -0.363287 -0.931644 -0.00786322
31.7987 78.2185 1.85646 -0.330289 -0.943879 0.0007709
30.8381 78.54 1.84749 -0.301532 -0.953452 -0.00272072
29.6917 78.8796 1.8371 -0.262281 -0.964963 -0.00748999
28.7038 79.1349 1.82851 -0.23053 -0.973061 -0.00293723
27.7093 79.3423 1.82236 -0.191448 -0.98149 -0.00493125
26.6825 79.5155 1.81824 -0.125231 -0.992115 -0.00497231
25.6639 79.6311 1.81493 -0.0978666 -0.995183 -0.00581146
24.496 79.7252 1.8109 -0.0646572 -0.997883 -0.00703364
23.4594 79.7586 1.81343 -0.0042117 -0.999986 0.00315038
22.3768 79.7111 1.8186 0.0796348 -0.99677 -0.0103746
21.3714 79.6076 1.822 0.125748 -0.991907 -0.0175621
20.2299 79.4208 1.83126 0.227383 -0.973681 0.0155591
19.2559 79.1702 1.83984 0.273126 -0.961777 0.0196662
18.2184 78.8432 1.84966 0.337045 -0.941436 -0.00992999
17.2833 78.4869 1.85956 0.371661 -0.92836 -0.00394189
16.3334 78.0909 1.8674 0.394326 -0.918946 -0.00669416
15.3908 77.654 1.87555 0.443612 -0.896139 -0.0120155
14.585 77.2308 1.87769 0.497652 -0.867246 -0.0150563
14.5482 77.1963 2.8278 0.474912 -0.880033 -0.000592309
15.5367 77.71 2.81861 0.453858 -0.890955 -0.0145465
16.4609 78.1494 2.80551 0.397588 -0.917563 -0.0010231
17.4806 78.5683 2.78835 0.36572 -0.930718 -0.00354415
18.5542 78.9643 2.77089 0.313578 -0.949562 0.000475782
19.5187 79.257 2.75744 0.273165 -0.961956 0.00455223
20.5013 79.4802 2.74442 0.179276 -0.983692 -0.0144735
21.5277 79.6184 2.73272 0.1253 -0.991903 -0.0206987
22.5312 79.7287 2.72372 0.0843186 -0.996415 0.00691058
23.5324 79.7542 2.72025 -0.00845772 -0.999904 -0.0110128
24.5705 79.7169 2.71768 -0.0414719 -0.999131 -0.00416793
25.6964 79.6322 2.7202 -0.0922105 -0.995725 0.00532748
26.8553 79.4838 2.72631 -0.159981 -0.987116 0.00272905
27.9559 79.2899 2.73643 -0.198808 -0.979975 -0.0111863
29.011 79.0524 2.74947 -0.243583 -0.969874 0.00352606
30.1026 78.7612 2.76343 -0.269227 -0.963036 -0.00882016
31.1536 78.4372 2.77929 -0.306965 -0.95172 -0.000894626
32.1119 78.1026 2.79515 -0.347536 -0.937658 -0.00412337
33.2307 77.669 2.81508 -0.382181 -0.924065 -0.00648278
34.2342 77.2361 2.83586 -0.402529 -0.915362 -0.00907908
35.237 76.7832 2.85261 -0.420058 -0.90749 -0.00360782
36.2789 76.2826 2.87128 -0.442576 -0.89668 -0.00955951
37.2845 75.7571 2.88582 -0.466012 -0.884778 -0.00127972
38.1644 75.2812 2.8993 -0.488145 -0.872759 0.00245677
39.1701 74.7086 2.90847 -0.500386 -0.865749 -0.00957802
40.1438 74.1327 2.91483 -0.51745 -0.8557 -0.00479321
40.1882 74.0957 3.90407 -0.518071 -0.855315 -0.00616773
39.1929 74.6848 3.89311 -0.504563 -0.863293 -0.0119406
38.3092 75.193 3.87835 -0.487921 -0.872853 -0.00776291
37.3463 75.716 3.86026 -0.466045 -0.884688 -0.0113729
36.4384 76.1916 3.83832 -0.460138 -0.887808 -0.00838873
35.4053 76.7012 3.81344 -0.428342 -0.903581 -0.00799405
34.4638 77.1288 3.79225 -0.407026 -0.913411 -0.00320445
33.5126 77.5427 3.76444 -0.397071 -0.917772 -0.00550523
32.5124 77.9449 3.73931 -0.352075 -0.935955 -0.00560189
31.3949 78.3507 3.71325 -0.322809 -0.946437 -0.00716144
30.4264 78.6619 3.69215 -0.277358 -0.960655 -0.0146428
29.3799 78.951 3.66968 -0.255447 -0.966799 -0.00682048
28.2164 79.2299 3.65097 -0.20197 -0.979373 -0.00610629
27.2155 79.4215 3.63824 -0.170927 -0.985281 -0.00227065
26.1297 79.5848 3.62901 -0.12664 -0.99194 0.00425531
25.1252 79.6852 3.62518 -0.0793539 -0.996829 -0.00597028
23.9579 79.7382 3.62433 -0.0215472 -0.999756 0.00477148
22.7931 79.7407 3.62957 0.014487 -0.999884 0.00462892
21.627 79.6314 3.63967 0.122991 -0.992397 0.00463464
20.6176 79.4947 3.65534 0.152176 -0.988304 0.00984742
19.4776 79.2504 3.67632 0.28811 -0.957488 -0.0144378
18.495 78.9355 3.6956 0.320766 -0.947135 -0.00671889
17.5051 78.5749 3.72004 0.357936 -0.933717 -0.00739233
16.4397 78.1299 3.74579 0.409641 -0.912024 -0.0201507
15.5283 77.6874 3.7653 0.455473 -0.890192 -0.0101339
14.5946 77.2021 3.77948 0.463141 -0.886243 -0.00858484
14.6018 77.1881 4.73924 0.481387 -0.87638 -0.0149752
15.5037 77.6708 4.71761 0.459389 -0.888235 -0.00107401
16.457 78.1374 4.68711 0.411131 -0.911463 -0.0143916
17.4374 78.5436 4.65656 0.360808 -0.932615 0.00691194
18.4506 78.9151 4.6225 0.339033 -0.940672 -0.013889
19.5002 79.2394 4.59259 0.272017 -0.962067 -0.0208484
20.528 79.4906 4.56736 0.198555 -0.980027 0.0110735
21.5648 79.636 4.55007 0.11546 -0.993312 -0.000882145
22.6307 79.7371 4.53389 0.0529017 -0.998594 -0.00347697
23.6492 79.7469 4.52709 -0.0253423 -0.999668 0.00461801
24.7232 79.707 4.52495 -0.0575375 -0.998325 -0.00610719
25.7266 79.6327 4.52749 -0.103255 -0.994636 0.00616958
26.8136 79.4874 4.53822 -0.155083 -0.987887 -0.00544167
27.8213 79.3062 4.55115 -0.190676 -0.981629 -0.00684604
28.9199 79.0638 4.57353 -0.244515 -0.96959 -0.0104113
29.9487 78.7909 4.59987 -0.26311 -0.964749 -0.00570479
31.0427 78.4644 4.6313 -0.314918 -0.949103 -0.00548186
32.0601 78.1058 4.66133 -0.346363 -0.938085 -0.00541483
33.0085 77.7382 4.6918 -0.376917 -0.926194 -0.00988456
34.0876 77.2876 4.7307 -0.392829 -0.919524 -0.0126833
35.1194 76.8231 4.76434 -0.422974 -0.906086 -0.010031
36.0391 76.3825 4.79479 -0.448061 -0.893999 -0.00261073
37.0021 75.8903 4.8252 -0.465625 -0.88498 -0.00203141
37.919 75.4008 4.85005 -0.480126 -0.877175 -0.00649849
38.8284 74.8864 4.87222 -0.501093 -0.865371 -0.00627368
39.9261 74.248 4.89318 -0.506911 -0.861998 -0.000734235
40.2002 74.0867 4.89703 -0.517719 -0.85555 0.000219142
33.2924 77.6146 5.64486 -0.381395 -0.924408 -0.00281145
32.2988 78.0115 5.60599 -0.364096 -0.931282 -0.0121608
31.3322 78.3586 5.5632 -0.326482 -0.94518 -0.0066119
30.3186 78.6789 5.52961 -0.274662 -0.961515 -0.00708084
29.2693 78.9653 5.4944 -0.251338 -0.967844 -0.0103796
28.2504 79.2174 5.46269 -0.216363 -0.976263 -0.00990949
27.2321 79.4177 5.44132 -0.170208 -0.985386 0.00656856
26.2317 79.5707 5.42737 -0.121417 -0.992584 0.00590124
25.2359 79.669 5.4187 -0.0755932 -0.997136 -0.00250523
24.2021 79.7294 5.41652 -0.0458172 -0.998943 -0.00365762
23.0537 79.7508 5.42548 0.0320078 -0.999435 -0.0102308
21.9307 79.6736 5.44133 0.100329 -0.994924 -0.00781393
20.7991 79.5357 5.46689 0.172868 -0.984801 -0.0168531
19.8069 79.3095 5.49488 0.257866 -0.966129 -0.00995007
18.8129 79.0212 5.53302 0.290783 -0.956741 -0.00955961
17.7132 78.6486 5.57579 0.335083 -0.942184 -0.00296346
16.787 78.2777 5.61902 0.395355 -0.91845 -0.0120189
16.6383 78.2125 -5.62002 0.374357 -0.927228 -0.0102428
17.6479 78.5979 -5.5804 0.330271 -0.943576 0.0241842
18.623 78.9385 -5.54415 0.324226 -0.945968 0.004713
19.5888 79.2425 -5.50385 0.265714 -0.963989 -0.0109808
20.6819 79.4922 -5.46961 0.176145 -0.984303 0.0109386
21.7527 79.6431 -5.44575 0.118958 -0.99288 -0.00611645
22.8419 79.7363 -5.42767 0.0403828 -0.999097 0.0132389
23.8806 79.7484 -5.42107 -0.00909609 -0.999921 -0.00865166
24.9332 79.7241 -5.42013 -0.0605589 -0.998039 -0.0158321
25.9406 79.6401 -5.42716 -0.131754 -0.991104 -0.0188196
26.9543 79.4955 -5.44213 -0.157435 -0.987493 -0.00847397
28.0868 79.2867 -5.46759 -0.220738 -0.975192 -0.0165734
29.2278 79.0189 -5.50331 -0.241468 -0.970262 -0.0168714
30.2943 78.7359 -5.54025 -0.283398 -0.958878 -0.0154389
31.2591 78.4195 -5.57882 -0.325193 -0.945647 0.000792026
32.2174 78.0783 -5.61915 -0.344887 -0.938644 0.000780834
32.7146 77.8938 -5.63932 -0.353519 -0.935422 0.00326256
32.7866 77.8662 -5.64249 -0.363489 -0.931589 0.0041978
