-37.8637 80.2506 3.00465 -0.151754 -0.988406 0.00500933
-37.8497 80.2458 1.99914 -0.154808 -0.987935 0.00425479
-37.8374 80.2421 0.914777 -0.154107 -0.988053 0.00139256
-37.8352 80.2456 -0.251344 -0.15644 -0.987649 -0.00838195
-37.8394 80.256 -1.34318 -0.153688 -0.988068 -0.0100814
-37.8509 80.2629 -2.34592 -0.153394 -0.988157 0.00400102
-37.8192 80.2578 -3.45865 -0.147798 -0.989016 0.00172481
-37.8031 80.2604 -4.46551 -0.15922 -0.987165 -0.0118016
-37.8139 80.2742 -5.4822 -0.169767 -0.985473 -0.0028139
-37.2085 80.1675 -6.0954 -0.177901 -0.984044 -0.00288685
-36.1481 79.9691 -6.08527 -0.186283 -0.982496 -0.000197303
-35.1149 79.7645 -6.09554 -0.204621 -0.978831 8.23161e-05
-34.0784 79.5269 -6.10995 -0.23308 -0.972452 -0.00343388
-33.0286 79.256 -6.1072 -0.261989 -0.965058 0.00258888
-31.9705 78.9558 -6.1221 -0.280909 -0.959724 0.000963805
-31.0116 78.6659 -6.12454 -0.298688 -0.954322 0.00742733
-29.9748 78.3228 -6.12987 -0.336878 -0.94146 0.0114872
-28.8726 77.9082 -6.12905 -0.361098 -0.932495 0.00783578
-28.0602 77.5873 -5.83231 -0.375806 -0.926675 -0.00654582
-28.022 77.5675 -4.67209 -0.372406 -0.928066 0.002788
-28.0129 77.5786 -3.61568 -0.378241 -0.925347 0.0258345
-28.0259 77.6061 -2.51563 -0.382154 -0.924014 0.0125215
-27.9986 77.6044 -1.46295 -0.404648 -0.914467 0.00328171
-27.9865 77.5932 -0.403793 -0.388118 -0.921552 -0.0102573
-27.9898 77.5939 0.630961 -0.380482 -0.924787 -0.00157816
-27.9772 77.5939 1.72937 -0.384483 -0.923031 0.0136482
-27.9514 77.6005 2.85424 -0.372561 -0.927949 0.0104081
-27.933 77.6083 3.99163 -0.38087 -0.924601 0.00138562
-27.9313 77.6031 4.99964 -0.381452 -0.924378 -0.00443103
-28.045 77.6415 6.0097 -0.378544 -0.925526 -0.010271
-29.0071 78.0156 6.13828 -0.337946 -0.941079 -0.0127887
-29.9915 78.3395 6.13084 -0.311318 -0.950305 0.00108896
-31.015 78.6759 6.09805 -0.308822 -0.951119 0.000967847
-32.0539 78.9931 6.11769 -0.281205 -0.959645 -0.00227029
-33.1763 79.2986 6.11611 -0.247164 -0.968938 -0.00628851
-34.1574 79.5369 6.09831 -0.229045 -0.97341 0.00342802
-35.259 79.778 6.10993 -0.198099 -0.980182 -0.000207252
-36.2454 79.9708 6.12551 -0.189709 -0.981838 -0.0016143
-37.2555 80.1536 6.09943 -0.157949 -0.987447 -0.000207315
-37.8276 80.2458 5.46721 -0.146171 -0.989247 -0.00266151
-37.814 80.2481 4.44195 -0.153188 -0.98814 0.00367345
-37.8555 80.251 3.33831 -0.158399 -0.987348 0.00723961
-37.8605 80.2509 3.14246 -0.15538 -0.987841 0.00275632
-38.7907 80.3841 3.16343 -0.13093 -0.991392 -0.00043466
-38.7839 80.3814 2.04317 -0.132495 -0.991181 -0.000656675
-38.7592 80.3843 1.01166 -0.152013 -0.98836 -0.005992
-38.7694 80.39 -0.00443549 -0.154999 -0.987911 -0.00281007
-38.7671 80.393 -1.20318 -0.13176 -0.991281 0.00148703
-38.7718 80.3944 -2.27526 -0.134406 -0.990912 -0.0052379
-38.7482 80.3946 -3.36365 -0.143923 -0.989576 -0.00504739
-38.7762 80.4078 -4.49524 -0.145873 -0.989261 -0.00909683
-38.7618 80.4073 -5.55521 -0.124432 -0.99218 0.00974108
-38.7634 80.3954 -6.68489 -0.124444 -0.992083 0.0168821
-37.8892 80.2749 -7.06164 -0.142413 -0.98979 -0.00585759
-36.8876 80.1126 -7.06113 -0.181245 -0.983369 -0.0102771
-35.8987 79.9191 -7.05098 -0.194536 -0.980886 0.00200012
-34.8398 79.7091 -7.04755 -0.210593 -0.977499 -0.0075901
-33.8036 79.4611 -7.05832 -0.256182 -0.966623 0.00341061
-32.7636 79.1814 -7.05965 -0.26509 -0.964223 0.000630075
-31.6482 78.8556 -7.05188 -0.288589 -0.957446 0.00360258
-30.6151 78.5311 -7.06839 -0.315036 -0.94904 0.00325503
-29.6518 78.1922 -7.0701 -0.343583 -0.939051 0.0110542
-28.581 77.7882 -7.06967 -0.368874 -0.929476 0.0023491
-27.5616 77.376 -7.04231 -0.377742 -0.925858 0.00935927
-27.1655 77.2215 -6.28917 -0.375683 -0.926709 0.00819556
-27.1366 77.2069 -5.13182 -0.382738 -0.923798 -0.0104739
-27.137 77.2034 -4.0424 -0.389876 -0.920821 0.00884513
-27.1488 77.2174 -3.03921 -0.409234 -0.912417 0.00224897
-27.1505 77.2202 -2.01932 -0.413083 -0.91068 0.0050225
-27.115 77.2133 -0.929373 -0.432852 -0.901459 0.00333361
-27.1142 77.2202 0.113307 -0.413479 -0.91039 -0.00165314
-27.11 77.2247 1.16007 -0.397443 -0.917573 0.00819678
-27.0879 77.227 2.18863 -0.390096 -0.920688 0.0124613
-27.0726 77.2342 3.33079 -0.401085 -0.916001 0.00853494
-27.0754 77.2434 4.48444 -0.397556 -0.917563 0.00525526
-27.0707 77.2443 5.52554 -0.391412 -0.920184 -0.00374563
-27.0961 77.2412 6.6232 -0.408337 -0.912638 -0.0187506
-27.7704 77.5224 7.04258 -0.374358 -0.927276 0.00393126
-28.8239 77.9414 7.07688 -0.364955 -0.931002 -0.00659636
-29.7798 78.2731 7.05683 -0.319338 -0.947625 0.00391993
-30.7693 78.6011 7.07462 -0.312023 -0.950048 0.00624424
-31.7969 78.9207 7.05239 -0.276728 -0.960937 0.00466945
-32.8106 79.2012 7.07113 -0.249241 -0.968441 0.000524973
-33.9065 79.475 7.08295 -0.236751 -0.971564 -0.00348498
-35.0067 79.7253 7.04456 -0.199297 -0.979882 0.0105414
-36.0474 79.932 7.08331 -0.19112 -0.981566 0.00143955
-37.0412 80.1176 7.05197 -0.169059 -0.985574 -0.00254103
-38.0698 80.2773 7.0527 -0.148716 -0.988843 0.00848341
-38.7939 80.3804 6.54412 -0.142685 -0.989744 0.00618903
-38.7679 80.3794 5.47726 -0.135908 -0.990697 -0.00600996
-38.7608 80.3806 4.44507 -0.130815 -0.991406 0.00115303
-38.7873 80.3836 3.27224 -0.129415 -0.991567 0.00443137
-37.2662 80.1523 3.6125 -0.175499 -0.984479 -0.000758357
-36.2799 79.9731 3.61679 -0.180796 -0.98352 -0.00142938
-35.1601 79.7581 3.62559 -0.202775 -0.979209 -0.00572705
-34.0814 79.5179 3.63494 -0.228611 -0.973516 0.00181809
-33.1003 79.2717 3.64424 -0.253471 -0.967343 -0.000643501
-32.0317 78.9759 3.65614 -0.270695 -0.96266 -0.00324537
-31.0548 78.6955 3.66828 -0.282604 -0.959184 -0.0100243
-30.0703 78.3794 3.67949 -0.319792 -0.947453 -0.008127
-29.1104 78.0455 3.6884 -0.3325 -0.943103 0.000876882
-28.3895 77.7861 3.69483 -0.358928 -0.93334 0.0067959
-28.3735 77.7817 4.6198 -0.368687 -0.929552 -0.00159009
-29.3192 78.1213 4.60995 -0.329528 -0.944146 0.000522723
-30.3902 78.4824 4.5952 -0.315316 -0.948948 -0.0085688
-31.4441 78.8062 4.57767 -0.284731 -0.958605 0.00204106
-32.4069 79.0826 4.56404 -0.271071 -0.962542 0.00568996
-33.4051 79.3543 4.54913 -0.249853 -0.968246 0.00858364
-34.3987 79.592 4.53692 -0.217295 -0.976104 0.00200424
-35.4199 79.8111 4.52672 -0.198715 -0.980054 0.00245173
-36.4705 80.0108 4.51631 -0.184328 -0.982842 0.00663549
-37.2817 80.158 4.51122 -0.17291 -0.984924 0.00510618
-37.2588 80.1566 5.40896 -0.163905 -0.986455 -0.00651485
-36.1518 79.9536 5.41911 -0.186323 -0.982489 1.82231e-06
-35.0679 79.7386 5.43142 -0.202924 -0.979194 6.54141e-05
-34.0916 79.521 5.44635 -0.226502 -0.97401 -0.00104957
-33.0495 79.2633 5.46279 -0.260755 -0.96537 0.00825466
-32.0355 78.9826 5.48254 -0.276258 -0.960974 0.0145371
-31.0695 78.6932 5.50158 -0.300926 -0.953642 -0.00316564
-30.0995 78.378 5.52094 -0.312457 -0.949917 -0.00533012
-29.016 78.017 5.53941 -0.328947 -0.944303 -0.00929194
-28.5072 77.8334 5.5459 -0.363053 -0.931758 -0.00435411
-28.4185 77.7859 2.76985 -0.361423 -0.932402 -0.00067979
-29.4104 78.149 2.76373 -0.334146 -0.942515 0.0033336
-30.5347 78.5372 2.75527 -0.323823 -0.946089 0.00740894
-31.5226 78.8398 2.74767 -0.271338 -0.962459 -0.00690028
-32.6415 79.1485 2.73799 -0.26098 -0.96533 -0.00522
-33.6302 79.4039 2.7307 -0.239542 -0.970845 0.00895124
-34.7407 79.6695 2.72357 -0.22837 -0.973572 -0.00200704
-35.7921 79.8869 2.71754 -0.182128 -0.983264 -0.004724
-36.9505 80.097 2.71306 -0.175563 -0.984458 -0.00442782
-37.3237 80.1616 2.7121 -0.167491 -0.98587 -0.00251397
-37.2235 80.1456 1.80881 -0.160859 -0.986976 0.00170838
-36.1588 79.9608 1.81175 -0.180052 -0.983643 -0.00516579
-35.0546 79.741 1.81587 -0.214362 -0.976744 -0.00454184
-33.9818 79.4893 1.82037 -0.238258 -0.971202 -8.86643e-05
-32.9039 79.2191 1.82565 -0.248885 -0.968531 0.00202136
-31.8366 78.9311 1.83133 -0.269767 -0.962925 -0.000974281
-30.8683 78.6443 1.8362 -0.303287 -0.952883 0.00556948
-29.8973 78.319 1.84183 -0.325434 -0.945564 0.000599013
-28.9467 77.9823 1.84703 -0.362487 -0.931983 0.00318652
-28.4676 77.7954 1.84898 -0.36966 -0.929143 0.00673731
-28.4669 77.789 0.927849 -0.376241 -0.926522 -0.000126735
-29.4173 78.1541 0.924764 -0.329674 -0.944085 -0.00433514
-30.3791 78.4816 0.921369 -0.308687 -0.951155 -0.00406871
-31.4492 78.8158 0.918468 -0.275526 -0.961255 0.00865908
-32.4137 79.0837 0.91554 -0.262688 -0.964867 0.0051512
-33.3944 79.3419 0.912969 -0.251264 -0.967918 0.000835499
-34.4274 79.6005 0.91028 -0.228875 -0.973426 0.00758482
-35.5113 79.8368 0.908041 -0.197573 -0.980283 -0.00319622
-36.5729 80.0384 0.906616 -0.164619 -0.986335 -0.00663119
-37.3565 80.1668 0.906467 -0.155895 -0.987773 0.0011844
-37.354 80.1679 0.00239486 -0.155506 -0.987822 -0.00498645
-36.3008 79.995 0.00239207 -0.174412 -0.984668 0.00319968
-35.2552 79.7838 0.00182103 -0.210555 -0.97758 0.00181333
-34.2438 79.5561 0.0015748 -0.238674 -0.971096 0.00279421
-33.2192 79.2972 0.00198052 -0.255544 -0.966785 -0.00481701
-32.1611 79.0139 0.00257045 -0.264217 -0.964459 -0.00300035
-31.1874 78.7401 0.00310986 -0.283704 -0.958899 -0.0048896
-30.1689 78.4171 0.00409249 -0.311066 -0.950354 -0.00803389
-29.0834 78.035 0.00549262 -0.356069 -0.9344 -0.010521
-28.4419 77.7787 0.00660639 -0.376539 -0.926399 -0.00200366
-28.6248 77.8591 -0.915467 -0.374347 -0.927214 -0.0117408
-29.589 78.2245 -0.914988 -0.330874 -0.943657 0.00585745
-30.6167 78.5619 -0.914037 -0.299184 -0.95418 0.00538913
-31.673 78.8781 -0.912084 -0.279184 -0.960237 0.00080231
-32.6909 79.1632 -0.910002 -0.261077 -0.965293 -0.00697984
-33.7013 79.4244 -0.907661 -0.237867 -0.971298 -0.000685306
-34.7462 79.6733 -0.905999 -0.225896 -0.974136 -0.0054552
-35.9069 79.9212 -0.90447 -0.196095 -0.980569 -0.00551199
-36.9003 80.1005 -0.902657 -0.159082 -0.987249 -0.00571584
-37.3423 80.1726 -0.901947 -0.160411 -0.986992 -0.010742
-37.3517 80.1788 -1.80663 -0.1665 -0.986021 -0.00638473
-36.295 79.9889 -1.80823 -0.18368 -0.982972 0.00525195
-35.2798 79.7908 -1.81207 -0.202915 -0.979169 0.00726701
-34.2716 79.5642 -1.81612 -0.234149 -0.972194 -0.00369
-33.2973 79.3313 -1.82084 -0.237901 -0.971279 -0.00454024
-32.2949 79.0615 -1.8249 -0.266163 -0.963925 0.00236374
-31.2931 78.7658 -1.82881 -0.291465 -0.956581 -0.000590853
-30.2291 78.4319 -1.83339 -0.308744 -0.95112 0.0068851
-29.2431 78.0943 -1.83703 -0.34236 -0.939568 0.00106869
-28.5854 77.8464 -1.83965 -0.374004 -0.927427 0.000648667
-28.4816 77.7911 -2.7607 -0.377087 -0.92612 0.0102967
-29.4995 78.1822 -2.75626 -0.33246 -0.943116 0.00169384
-30.5625 78.5404 -2.74955 -0.307177 -0.951652 0.000520925
-31.538 78.8435 -2.74372 -0.28969 -0.957115 0.00316298
-32.6654 79.1646 -2.7354 -0.264352 -0.964421 0.00304829
-33.6451 79.4152 -2.72838 -0.240467 -0.970657 0.000781077
-34.7783 79.6826 -2.72097 -0.217544 -0.976049 -0.00186531
-35.7875 79.8851 -2.7159 -0.192206 -0.981349 0.00333033
-36.8169 80.0837 -2.71046 -0.182868 -0.983136 -0.0017345
-37.303 80.1725 -2.70896 -0.175012 -0.984566 0.00092361
-37.1967 80.1555 -3.61074 -0.176313 -0.984332 0.0021321
-36.0253 79.9345 -3.61845 -0.19252 -0.981277 -0.0056882
-34.8993 79.7067 -3.627 -0.201571 -0.979472 -0.00209082
-33.9194 79.4834 -3.63582 -0.227985 -0.973661 -0.00274084
-32.8145 79.2013 -3.64599 -0.259859 -0.965644 0.00202818
-31.6479 78.873 -3.65907 -0.28634 -0.958118 0.00430903
-30.6769 78.5744 -3.66746 -0.295115 -0.955454 0.00382194
-29.7204 78.2599 -3.67609 -0.342302 -0.939586 0.00257571
-28.7873 77.893 -3.6822 -0.374077 -0.927209 0.0186938
-28.6137 77.823 -3.68221 -0.37191 -0.927821 0.0288192
-28.4826 77.7555 -4.6113 -0.37834 -0.925646 0.00616697
-29.4269 78.1362 -4.60193 -0.3676 -0.929983 -0.00151824
-30.3818 78.4742 -4.59093 -0.30649 -0.951869 0.00295856
-31.4614 78.8116 -4.57769 -0.285281 -0.958418 0.00698529
-32.4768 79.1051 -4.56229 -0.267048 -0.963661 0.00650719
-33.5081 79.3829 -4.54776 -0.249473 -0.968378 0.00258579
-34.5774 79.6366 -4.53516 -0.219718 -0.975562 -0.0015036
-35.6254 79.8618 -4.52377 -0.196399 -0.980519 -0.00323638
-36.6251 80.0557 -4.51479 -0.18553 -0.982612 -0.00722644
-37.2884 80.1773 -4.51089 -0.177276 -0.984101 -0.0108794
-37.25 80.1738 -5.40854 -0.180759 -0.983506 -0.00643324
-36.242 79.9867 -5.41802 -0.185649 -0.982616 -0.000271061
-35.0989 79.7575 -5.43296 -0.211925 -0.97726 -0.00708218
-33.9948 79.5054 -5.44905 -0.235968 -0.971759 -0.00166165
-32.9798 79.2412 -5.46714 -0.270056 -0.962841 0.00275015
-31.9143 78.94 -5.48581 -0.275008 -0.961442 0.000290368
-30.9556 78.6523 -5.50322 -0.291747 -0.956486 0.00419264
-29.8974 78.3024 -5.52047 -0.326232 -0.945256 0.00795069
-28.8972 77.9228 -5.53301 -0.371638 -0.928375 0.00223484
-28.6655 77.8295 -5.53603 -0.373582 -0.927596 0.00116058
-28.6269 77.8139 -5.53648 -0.37149 -0.928437 -0.000420813
