-36.096 82.4978 0.421254 -0.199515 -0.979821 0.0120116
-36.0493 82.4942 1.50709 -0.213529 -0.976924 0.00169274
-36.0001 82.4788 2.52179 -0.213603 -0.976919 -0.00168805
-36.0376 82.4847 3.60441 -0.221982 -0.975049 -0.00162715
-36.0682 82.4867 4.6877 -0.221881 -0.975066 -0.00386156
-36.0851 82.4875 5.70426 -0.216504 -0.976274 -0.00118078
-35.1626 82.2766 6.0753 -0.227958 -0.973662 -0.000432337
-34.1659 82.031 6.09029 -0.246859 -0.96905 -0.000879794
-33.1591 81.7654 6.08666 -0.267282 -0.963617 -0.00141367
-32.1147 81.4679 6.07604 -0.280679 -0.9598 0.00196368
-30.9778 81.1224 6.05717 -0.303371 -0.952872 0.000988629
-29.9571 80.7839 6.05725 -0.322896 -0.946427 -0.00358731
-28.9199 80.4092 6.05533 -0.351976 -0.935983 -0.00100461
-27.9766 80.0311 6.06453 -0.382868 -0.923796 0.0036376
-26.9779 79.5924 6.08623 -0.416987 -0.908908 0.00280336
-26.0679 79.1475 5.75838 -0.442309 -0.896824 0.00823022
-26.0739 79.1538 4.69783 -0.440794 -0.897563 -0.00888118
-26.0766 79.1612 3.6926 -0.446435 -0.894809 0.00349877
-26.1091 79.1582 2.56527 -0.456813 -0.889035 0.0287934
-26.1228 79.1387 1.51209 -0.461313 -0.886935 0.0230431
-26.1362 79.1351 0.464965 -0.456382 -0.88977 -0.00431812
-26.0929 79.1188 -0.6382 -0.451409 -0.892312 0.00316987
-26.1109 79.1262 -1.761 -0.45669 -0.889593 -0.00582789
-26.1211 79.139 -2.95642 -0.456793 -0.889557 -0.00523292
-26.0835 79.1287 -4.04208 -0.456456 -0.889744 -0.00120133
-26.1091 79.142 -5.06654 -0.45109 -0.892456 0.00311997
-26.2707 79.2203 -6.03733 -0.456718 -0.889505 0.00726723
-27.3514 79.7306 -6.09876 -0.415993 -0.909329 0.00841858
-28.2817 80.1328 -6.11772 -0.383135 -0.923646 0.00522005
-29.3611 80.5614 -6.06573 -0.351792 -0.936035 0.00345958
-30.394 80.9308 -6.04354 -0.321856 -0.946723 0.0102316
-31.4275 81.2699 -6.07732 -0.305808 -0.952093 0.000162929
-32.5086 81.6014 -6.07611 -0.277625 -0.960657 -0.00657254
-33.5435 81.8905 -6.06649 -0.260674 -0.965404 0.00171654
-34.5363 82.1437 -6.08974 -0.234791 -0.972041 -0.00304293
-35.7228 82.4287 -6.03751 -0.231565 -0.972819 -0.00106944
-36.0463 82.5039 -5.17836 -0.221861 -0.975076 -0.00216064
-36.0081 82.4878 -4.0252 -0.21978 -0.97553 -0.00622332
-36.0517 82.4943 -2.97934 -0.215384 -0.976521 -0.00415997
-36.0301 82.4866 -1.84148 -0.205773 -0.978593 -0.00343543
-36.0597 82.4854 -0.805709 -0.196863 -0.980416 -0.00542812
-36.0946 82.4949 0.199767 -0.199264 -0.979892 0.0100903
-36.0951 82.4964 0.316499 -0.199515 -0.979821 0.0120133
-37.0604 82.6938 0.277289 -0.20292 -0.979145 0.00887927
-37.0114 82.6823 -0.80354 -0.207051 -0.978313 -0.00563976
-36.98 82.6834 -1.89569 -0.202278 -0.979311 -0.00570313
-36.9873 82.6903 -2.89957 -0.203507 -0.979048 -0.00702102
-36.971 82.6941 -4.03091 -0.204108 -0.978939 -0.00434518
-37.0201 82.7171 -5.10055 -0.200212 -0.9797 -0.0101714
-37.0042 82.7211 -6.2479 -0.204362 -0.978821 -0.0120953
-36.6728 82.6528 -7.03476 -0.214339 -0.976757 0.00204005
-35.6906 82.4235 -7.02163 -0.234139 -0.972201 -0.00203432
-34.6982 82.1857 -7.04028 -0.240653 -0.970605 -0.00351777
-33.5651 81.8962 -7.03738 -0.256449 -0.966553 0.00307601
-32.5949 81.6316 -7.0496 -0.274294 -0.961578 -0.00889151
-31.589 81.3179 -7.03405 -0.307188 -0.951642 0.00354019
-30.6231 81.0021 -7.01635 -0.31613 -0.948703 0.00389377
-29.5975 80.6434 -7.04047 -0.337893 -0.941065 0.015001
-28.4735 80.2074 -7.06116 -0.377819 -0.925776 0.0138197
-27.4361 79.7606 -7.04731 -0.407622 -0.91308 0.00991642
-26.4503 79.3057 -7.03857 -0.438274 -0.898826 0.00437453
-25.5275 78.835 -7.01534 -0.473281 -0.880749 -0.0162738
-25.2575 78.6809 -6.11109 -0.469596 -0.882875 -0.00328118
-25.2504 78.6818 -5.06902 -0.474391 -0.880263 0.00946843
-25.2383 78.68 -4.04855 -0.478499 -0.878088 -0.000760987
-25.2533 78.6776 -2.93337 -0.476926 -0.878765 -0.0177304
-25.2551 78.663 -1.84855 -0.482637 -0.875771 -0.00930028
-25.2504 78.6626 -0.703249 -0.484707 -0.87458 0.0129698
-25.2613 78.6767 0.334116 -0.477455 -0.878627 0.00721605
-25.2527 78.6792 1.34764 -0.470014 -0.882519 0.0157428
-25.2252 78.6909 2.42948 -0.47637 -0.879001 0.0206151
-25.2181 78.7088 3.56553 -0.477583 -0.87845 0.0154344
-25.2125 78.7212 4.65209 -0.460673 -0.887513 -0.00144444
-25.1779 78.7043 5.66291 -0.45272 -0.891629 0.00581014
-25.1829 78.707 6.68431 -0.474369 -0.88032 0.0032116
-25.9465 79.102 7.0278 -0.440502 -0.897684 0.0110589
-26.9542 79.585 7.05356 -0.420358 -0.907358 0.000533226
-27.9882 80.0376 7.04083 -0.378835 -0.925456 0.00385789
-29.0956 80.4661 7.02411 -0.352474 -0.935711 -0.0143018
-30.0686 80.8217 7.02204 -0.331768 -0.943359 0.0016471
-31.0214 81.1383 7.02614 -0.30358 -0.952805 0.00154212
-32.0557 81.4554 7.03233 -0.277621 -0.960661 0.00448708
-33.0311 81.7297 7.04532 -0.265906 -0.963975 -0.00252404
-34.0075 81.9876 7.05749 -0.24648 -0.969147 -0.000563076
-35.0131 82.2355 7.07444 -0.234182 -0.972176 -0.0056759
-36.0915 82.4863 7.05178 -0.210408 -0.977612 -0.00194485
-37.0258 82.6835 6.72156 -0.1965 -0.980483 -0.0062998
-37.0288 82.6906 5.61344 -0.1999 -0.979767 -0.00960828
-37.0129 82.693 4.56363 -0.204639 -0.978824 -0.00472179
-36.9893 82.6919 3.51114 -0.203456 -0.979075 -0.00342346
-36.9433 82.6823 2.48681 -0.207324 -0.978272 -0.000811324
-37.0098 82.6944 1.38054 -0.200225 -0.979734 0.00548964
-37.0544 82.6951 0.482643 -0.199499 -0.979833 0.011238
-35.5426 82.3796 -0.000491967 -0.211133 -0.977451 0.00344209
-34.5429 82.1474 -0.000218522 -0.244254 -0.969705 -0.0035444
-33.5663 81.8959 0.000389677 -0.253057 -0.967447 0.00299375
-32.5087 81.6036 9.49596e-05 -0.287051 -0.957877 0.0085787
-31.5254 81.2976 -0.0007781 -0.303331 -0.952885 -0.000316243
-30.4056 80.9339 -0.00107927 -0.317435 -0.948279 0.0013658
-29.4143 80.5826 -0.000269957 -0.349689 -0.936854 0.00469401
-28.4428 80.2075 0.000840424 -0.385922 -0.922523 0.00401232
-27.455 79.7743 0.00251504 -0.41518 -0.909738 -0.00130765
-26.6361 79.3851 0.00513237 -0.440395 -0.897802 -0.00203661
-26.6366 79.3888 0.934029 -0.440916 -0.897412 0.0156395
-27.6736 79.8766 0.928905 -0.406195 -0.91378 -0.00345958
-28.5954 80.2675 0.925054 -0.370321 -0.928902 0.00163114
-29.576 80.6404 0.920988 -0.342229 -0.939582 -0.00808359
-30.5921 80.9971 0.916314 -0.320834 -0.947133 -0.00203795
-31.6622 81.3425 0.912883 -0.300995 -0.953622 0.00250089
-32.6199 81.6353 0.910176 -0.281075 -0.959657 -0.00743436
-33.5879 81.9051 0.907673 -0.255287 -0.96685 -0.00539199
-34.7336 82.1926 0.905863 -0.233127 -0.972418 -0.00747228
-35.4823 82.3687 0.904902 -0.225345 -0.974275 -0.00271555
-35.5382 82.3776 1.80752 -0.229214 -0.973367 -0.00422635
-34.4047 82.1071 1.81126 -0.237292 -0.971426 -0.00496482
-33.3834 81.8491 1.81641 -0.266292 -0.963879 -0.00510469
-32.3251 81.541 1.82289 -0.284337 -0.958679 -0.0093536
-31.2884 81.2251 1.82887 -0.29504 -0.955461 -0.00672775
-30.3353 80.9072 1.83637 -0.327989 -0.944677 -0.00300183
-29.3425 80.5514 1.84324 -0.348488 -0.937313 0.000975298
-28.3482 80.1694 1.85103 -0.384248 -0.923186 0.00901268
-27.4044 79.761 1.8597 -0.403622 -0.914826 0.0135264
-26.5557 79.3696 1.86777 -0.437704 -0.898824 0.023025
-26.5745 79.3963 2.7949 -0.432677 -0.901271 0.0224013
-27.6196 79.8674 2.78481 -0.406096 -0.913773 0.0102303
-28.5567 80.2615 2.77405 -0.368682 -0.929473 0.0123936
-29.5292 80.6213 2.76293 -0.337583 -0.941287 0.00407563
-30.4732 80.9564 2.75273 -0.324272 -0.945962 0.00170148
-31.4251 81.2637 2.74217 -0.293874 -0.955843 -0.00162556
-32.4098 81.5608 2.73258 -0.286437 -0.958089 -0.00445681
-33.4085 81.8511 2.72415 -0.271349 -0.962479 0.00182858
-34.428 82.1101 2.71535 -0.232635 -0.972563 -0.00174485
-35.4695 82.3569 2.70978 -0.228482 -0.973542 -0.00341553
-35.4711 82.3545 3.61379 -0.225284 -0.974292 -0.00136973
-34.4517 82.114 3.62181 -0.237988 -0.971268 9.24717e-05
-33.3298 81.822 3.63196 -0.27149 -0.962391 -0.00988999
-32.3662 81.5442 3.64316 -0.28087 -0.959721 -0.00696461
-31.2829 81.218 3.65637 -0.29282 -0.956158 -0.00436452
-30.2046 80.8675 3.67347 -0.322261 -0.946573 0.0121178
-29.2093 80.512 3.68924 -0.346054 -0.93818 0.00802061
-28.2475 80.141 3.70479 -0.382922 -0.923776 0.00303633
-27.3162 79.7412 3.71905 -0.405981 -0.913858 0.00657781
-26.5883 79.4108 3.72847 -0.426086 -0.904639 0.00888181
-26.6031 79.4116 4.66567 -0.43229 -0.901692 -0.00882115
-27.5596 79.8517 4.64787 -0.406076 -0.913834 0.00293837
-28.602 80.2874 4.62473 -0.370618 -0.928782 -0.00236304
-29.5948 80.663 4.60281 -0.339731 -0.940519 0.00262296
-30.7129 81.0381 4.58041 -0.31044 -0.950593 -0.000484438
-31.6717 81.3341 4.56139 -0.288138 -0.957587 -0.00197339
-32.7034 81.6384 4.54575 -0.274686 -0.961532 -0.00179109
-33.778 81.9367 4.53145 -0.25967 -0.965688 -0.00430468
-34.7546 82.1837 4.52069 -0.230739 -0.973012 -0.00278452
-35.5786 82.3759 4.51312 -0.222411 -0.974945 -0.00402153
-35.5554 82.3678 5.41105 -0.222493 -0.974934 -0.0012591
-34.5176 82.122 5.42219 -0.237163 -0.97147 -0.000316256
-33.5127 81.8617 5.43661 -0.259172 -0.965831 -0.00110793
-32.4866 81.5766 5.45427 -0.283633 -0.958932 -0.00118034
-31.5268 81.2908 5.4744 -0.290566 -0.956854 0.00103012
-30.5358 80.9797 5.49917 -0.308076 -0.951353 -0.00405511
-29.5787 80.6562 5.524 -0.340255 -0.940299 -0.00801503
-28.5631 80.2688 5.55264 -0.369317 -0.929296 0.0038193
-27.6347 79.8826 5.57984 -0.39775 -0.917493 -0.00151678
-27.1548 79.6697 5.5922 -0.412468 -0.910956 0.00537191
-26.6406 79.3921 -0.928838 -0.432763 -0.901505 -0.00199279
-27.6127 79.8397 -0.926648 -0.409581 -0.912266 0.00378317
-28.5374 80.2416 -0.925246 -0.383338 -0.923542 -0.011078
-29.4957 80.6094 -0.92212 -0.343235 -0.93923 0.00606145
-30.5973 80.9955 -0.918644 -0.325035 -0.9457 0.00173282
-31.6707 81.3494 -0.914806 -0.298246 -0.954454 -0.0082359
-32.7211 81.6653 -0.912553 -0.266281 -0.963889 -0.00350589
-33.7801 81.9495 -0.909116 -0.253388 -0.967365 -0.000165436
-34.8707 82.2275 -0.90457 -0.230228 -0.97313 -0.0036903
-35.4883 82.3682 -0.902955 -0.220066 -0.975479 0.00340645
-35.5036 82.3741 -1.80855 -0.220036 -0.975488 -0.00268644
-34.3601 82.0999 -1.81423 -0.243797 -0.96981 -0.00561647
-33.3708 81.84 -1.8191 -0.261384 -0.965216 0.00606216
-32.3826 81.5677 -1.82482 -0.287863 -0.957672 0.000132234
-31.1892 81.1983 -1.83236 -0.317046 -0.948389 0.00641612
-30.1801 80.8537 -1.83971 -0.330209 -0.943845 -0.0109389
-29.1965 80.5008 -1.84658 -0.357611 -0.933802 -0.0113591
-28.1972 80.0985 -1.85354 -0.398465 -0.917149 -0.00798716
-27.2336 79.6674 -1.85927 -0.41479 -0.909904 -0.00482224
-26.5536 79.3504 -1.862 -0.439022 -0.898466 0.00440105
-26.7152 79.4337 -2.79336 -0.423043 -0.90611 -0.000286011
-27.6493 79.8626 -2.78683 -0.407764 -0.913086 0.00183079
-28.7157 80.3129 -2.77541 -0.376575 -0.926386 -0.000584692
-29.7075 80.696 -2.76517 -0.346604 -0.937927 -0.0126014
-30.7497 81.0582 -2.7535 -0.316628 -0.948506 -0.0091658
-31.9226 81.4311 -2.74078 -0.290152 -0.956974 -0.00346127
-32.8986 81.7106 -2.73146 -0.271066 -0.962559 -0.00210092
-33.9026 81.9836 -2.72316 -0.251981 -0.967731 -0.00182719
-35.064 82.2715 -2.71507 -0.229611 -0.973278 -0.00286666
-35.5018 82.3732 -2.71268 -0.21981 -0.97554 0.00222571
-35.535 82.381 -3.6161 -0.221548 -0.975145 0.00288521
-34.5583 82.1501 -3.62378 -0.237182 -0.971458 -0.00364099
-33.4341 81.8608 -3.63433 -0.260804 -0.965384 -0.0037875
-32.3581 81.5597 -3.64744 -0.276068 -0.961137 -0.00167862
-31.3048 81.2386 -3.66123 -0.301044 -0.953605 0.00323375
-30.2932 80.9085 -3.67783 -0.321455 -0.946912 -0.00498452
-29.3085 80.5504 -3.69297 -0.360556 -0.932701 -0.00826725
-28.331 80.154 -3.70791 -0.383344 -0.923603 -0.00227914
-27.3992 79.754 -3.72132 -0.410011 -0.912077 -0.00240058
-26.5899 79.3806 -3.73092 -0.428103 -0.903728 -0.00167552
-26.5528 79.3638 -4.67077 -0.445782 -0.895104 -0.00817405
-27.4977 79.7959 -4.65514 -0.403456 -0.914996 0.00222981
-28.5406 80.2422 -4.63295 -0.385216 -0.922826 0.000491825
-29.5779 80.6529 -4.61076 -0.346839 -0.937917 0.00371431
-30.546 80.993 -4.59168 -0.31936 -0.94763 0.00240115
-31.6659 81.351 -4.56822 -0.292581 -0.956231 0.00442183
-32.6335 81.6366 -4.55119 -0.275616 -0.961267 0.00147556
-33.6464 81.9184 -4.53744 -0.260257 -0.965529 -0.00458774
-34.6866 82.1807 -4.52433 -0.234156 -0.972199 0.000751089
-35.4627 82.3648 -4.51749 -0.226445 -0.974019 -0.00304176
-35.4612 82.3653 -5.41451 -0.232882 -0.972504 -0.00156282
-34.2885 82.0823 -5.42972 -0.238295 -0.971191 0.00165863
-33.2177 81.8003 -5.44627 -0.263944 -0.964536 0.00167347
-32.2463 81.522 -5.46621 -0.285475 -0.958386 -0.000307996
-31.2095 81.2038 -5.49102 -0.304952 -0.952338 0.00748976
-30.2244 80.8801 -5.5171 -0.321919 -0.946751 0.00554135
-29.1149 80.4709 -5.5473 -0.367199 -0.930028 0.0145636
-28.0205 80.0218 -5.57669 -0.390269 -0.920693 -0.00396057
-27.0881 79.6113 -5.60023 -0.414617 -0.909983 -0.00480827
-27.0843 79.6095 -5.60033 -0.416941 -0.908928 -0.00333566
