10.8523 79.755 -5.0964 0.637174 -0.770612 -0.010792
10.8724 79.7465 -4.04664 0.63862 -0.769073 -0.0262867
10.8856 79.7321 -2.99637 0.656939 -0.753813 -0.0139869
10.8977 79.7372 -1.92243 0.658213 -0.752774 0.0092831
10.887 79.7366 -0.907338 0.647274 -0.762222 -0.00700832
10.8954 79.7336 0.272472 0.642095 -0.766623 -0.00156115
10.9164 79.7386 1.28057 0.65138 -0.758614 -0.0144441
10.923 79.7263 2.29222 0.655274 -0.755305 -0.000970614
10.9127 79.7443 3.3211 0.63099 -0.775746 0.00405802
10.8871 79.7227 4.45176 0.636712 -0.771088 -0.0045658
10.9098 79.7374 5.56243 0.632897 -0.774181 -0.00919446
11.4868 80.2083 5.97216 0.634944 -0.772554 -0.00211699
12.2644 80.8378 5.97951 0.608948 -0.793172 -0.00665775
13.0998 81.445 5.9828 0.566983 -0.823692 0.00728081
13.9396 82.0124 5.97419 0.550023 -0.835051 0.0114083
14.9072 82.6267 5.97063 0.529317 -0.848413 0.00428349
15.782 83.1434 5.96926 0.501518 -0.865041 0.0135702
16.754 83.654 5.98842 0.444121 -0.895928 0.00367323
17.8776 84.1754 5.96668 0.393398 -0.919219 -0.0142644
18.6332 84.4858 5.62368 0.352395 -0.935683 0.00321986
18.6491 84.4958 4.60581 0.355272 -0.934731 -0.00773072
18.6615 84.5049 3.56445 0.350347 -0.936608 -0.00471162
18.6301 84.5033 2.49328 0.35877 -0.933097 -0.0247914
18.632 84.4932 1.44045 0.330837 -0.943655 0.00758997
18.6414 84.5088 0.372121 0.326943 -0.944604 -0.0288212
18.669 84.5127 -0.732991 0.359216 -0.933052 0.017961
18.6855 84.487 -1.77058 0.361196 -0.932204 0.0230743
18.6831 84.4691 -2.83697 0.355509 -0.934492 0.0069268
18.706 84.4599 -3.94805 0.343069 -0.939088 0.0181478
18.7149 84.4564 -5.10411 0.339508 -0.940584 0.00601539
18.3687 84.3265 -5.98107 0.367102 -0.929786 0.022739
17.4109 83.9167 -6.00292 0.410374 -0.911866 -0.0096829
16.3765 83.4254 -5.97779 0.45356 -0.891214 0.00446669
15.4835 82.9344 -6.00283 0.503603 -0.863933 0.00182541
14.586 82.402 -5.98339 0.521212 -0.853371 0.00976149
13.7308 81.8605 -5.97528 0.552112 -0.83377 -0.0003738
12.8382 81.2511 -5.94554 0.570965 -0.82096 -0.00362268
11.9813 80.6453 -5.96016 0.58988 -0.807491 0.00038472
11.1654 80.0191 -5.96799 0.622547 -0.782447 -0.0131649
10.853 79.76 -5.29714 0.640043 -0.768156 -0.0167861
10.0518 79.0791 -5.38958 0.673163 -0.739485 -0.00371337
10.0679 79.0985 -6.53684 0.665525 -0.74626 0.013106
10.6796 79.6352 -7.03143 0.656841 -0.753949 0.0088244
11.4985 80.2959 -7.01209 0.596131 -0.802795 -0.012043
12.329 80.9 -7.01068 0.577214 -0.816585 -0.00347379
13.1477 81.4777 -6.96903 0.575653 -0.81762 -0.0109688
13.9926 82.0309 -7.01097 0.537901 -0.842962 0.00732089
14.9689 82.6426 -7.00572 0.514307 -0.857532 -0.00901496
15.9757 83.2152 -7.0222 0.468944 -0.883147 -0.00358117
16.8804 83.6775 -7.00544 0.445997 -0.894978 0.0100713
17.8611 84.114 -7.04762 0.372881 -0.927819 0.0101197
18.8026 84.4757 -7.00094 0.343837 -0.938952 0.012036
19.6908 84.752 -6.6875 0.267703 -0.96347 -0.00692368
19.6919 84.7538 -5.48616 0.265696 -0.963958 0.0138138
19.6877 84.7721 -4.4702 0.282247 -0.959135 0.0198413
19.6554 84.7883 -3.37919 0.269162 -0.962477 0.0345063
19.6611 84.8126 -2.2075 0.258169 -0.965879 -0.020639
19.6535 84.8241 -1.13152 0.269008 -0.963118 0.00617246
19.6068 84.8134 -0.115687 0.275989 -0.961158 0.00254252
19.6218 84.8062 0.906914 0.288702 -0.957417 -0.00190885
19.59 84.8048 1.92044 0.270733 -0.962592 0.0109877
19.6287 84.8341 2.92576 0.266853 -0.963554 0.00917792
19.6244 84.8305 4.09494 0.243608 -0.969573 -0.00087482
19.6104 84.7905 5.11592 0.236058 -0.971034 -0.036995
19.6726 84.7835 6.14879 0.238791 -0.970947 -0.00980711
19.3809 84.7143 6.97424 0.305175 -0.952219 -0.012125
18.4234 84.3915 7.001 0.369627 -0.928884 -0.0205226
17.4832 83.9914 7.01554 0.409426 -0.912288 -0.010058
16.4345 83.5025 7.01882 0.439395 -0.898139 0.0128503
15.5397 83.011 7.00972 0.520502 -0.85386 -0.00046169
14.6681 82.4796 7.02688 0.523722 -0.851889 -0.000838489
13.7601 81.9008 7.00605 0.558795 -0.829296 0.00399383
12.8897 81.3021 7.02847 0.583444 -0.8121 0.0016671
12.0876 80.6925 7.0043 0.626011 -0.779805 -0.00314553
11.2841 80.0383 7.01545 0.634465 -0.772947 -0.00264971
10.4406 79.3404 6.99188 0.638843 -0.769323 0.00456417
10.1181 79.072 6.03897 0.6509 -0.759133 -0.000979557
10.0937 79.0538 4.91224 0.665709 -0.746204 0.00314453
10.1116 79.0583 3.87769 0.665475 -0.746384 0.00724283
10.1372 79.0639 2.78254 0.655028 -0.755469 0.0143109
10.125 79.0476 1.70187 0.648174 -0.761348 -0.0148334
10.1088 79.0554 0.597106 0.657124 -0.753647 -0.0137703
10.1169 79.0636 -0.422926 0.668647 -0.743549 -0.00683306
10.1155 79.0578 -1.48725 0.661423 -0.749759 0.0195134
10.1335 79.061 -2.54774 0.656156 -0.754526 -0.0103435
10.1091 79.068 -3.64097 0.666983 -0.744372 -0.0306187
10.0773 79.0777 -4.64127 0.671645 -0.740232 -0.0280262
10.0542 79.0801 -5.14907 0.673152 -0.739495 -0.00371182
11.3705 80.166 -4.93157 0.623582 -0.781643 -0.0133883
12.1822 80.7844 -4.89397 0.580122 -0.814518 0.00437655
13.0126 81.3653 -4.8479 0.572825 -0.819676 -0.00160401
13.835 81.9338 -4.79765 0.559692 -0.828564 0.0150566
14.6839 82.4779 -4.75255 0.526381 -0.850187 0.0102614
15.6482 83.0394 -4.70268 0.488838 -0.872366 0.00377293
16.5884 83.5366 -4.66388 0.431147 -0.901983 0.0232246
17.5713 83.9887 -4.62717 0.409981 -0.912085 0.00411606
18.1178 84.2274 -4.61134 0.3907 -0.9205 0.00569747
18.1088 84.2291 -3.69991 0.3935 -0.919245 0.0120867
17.161 83.8106 -3.72088 0.423498 -0.905858 0.00834797
16.2408 83.3605 -3.74805 0.463194 -0.886253 -0.00256335
15.3387 82.8599 -3.77775 0.490756 -0.871265 -0.00741526
14.4623 82.3455 -3.81187 0.527809 -0.849219 0.0156648
13.6043 81.7747 -3.85004 0.565046 -0.825059 0.000794058
12.7463 81.1731 -3.88953 0.578675 -0.815553 -0.00283083
11.796 80.4842 -3.92478 0.597138 -0.802104 -0.00747182
11.3198 80.1089 -3.94255 0.627857 -0.778254 -0.0107521
11.2752 80.0649 -2.94935 0.648802 -0.76094 0.00501622
12.1209 80.7225 -2.9327 0.590941 -0.806699 0.00495824
13.0995 81.4252 -2.90276 0.577187 -0.81657 0.00827711
13.9257 81.995 -2.87774 0.557723 -0.83001 -0.0053569
14.8619 82.5856 -2.8489 0.512683 -0.858519 -0.0100193
15.8042 83.124 -2.8261 0.482165 -0.876038 0.00857973
16.7609 83.6291 -2.80464 0.458445 -0.888675 0.00924691
17.6979 84.0633 -2.79187 0.404717 -0.914416 0.00691723
18.1998 84.2772 -2.7879 0.377287 -0.926061 0.00810392
18.0772 84.2392 -1.85213 0.381636 -0.924024 0.0231154
17.1434 83.8204 -1.86696 0.424584 -0.905217 0.0176371
16.1949 83.3381 -1.8792 0.466126 -0.884708 -0.00420718
15.2831 82.8347 -1.89362 0.517532 -0.855628 -0.00786061
14.3916 82.2855 -1.90985 0.53219 -0.846555 -0.0109013
13.5469 81.7439 -1.92678 0.553007 -0.833151 0.0065054
12.5989 81.0783 -1.94534 0.581247 -0.813706 0.00579372
11.7005 80.4112 -1.95771 0.608098 -0.793771 -0.0120277
11.4321 80.1923 -1.96362 0.633678 -0.773597 0.000321664
11.3372 80.1073 -0.986765 0.62984 -0.77665 -0.0108328
12.1947 80.7792 -0.976181 0.589357 -0.807735 -0.0149237
13.1191 81.4441 -0.969467 0.580931 -0.813921 -0.00720029
14.0713 82.0837 -0.960099 0.523957 -0.851652 0.0125556
15.0989 82.7148 -0.949748 0.522378 -0.852707 -0.00349036
16.0032 83.2387 -0.94325 0.473027 -0.881023 0.00658959
16.9238 83.7234 -0.939207 0.459871 -0.887896 0.0126437
17.8336 84.1542 -0.934706 0.399058 -0.916653 0.0223455
18.1321 84.2839 -0.93379 0.386482 -0.921905 0.0268806
18.074 84.284 -0.00286396 0.402328 -0.915331 0.0173388
17.0926 83.823 -0.0025694 0.445011 -0.895249 0.0222399
16.121 83.311 -0.00349768 0.467372 -0.884001 0.0102893
15.1973 82.7831 -0.00268668 0.519407 -0.854427 0.0130886
14.2794 82.2173 -0.0030883 0.538176 -0.842821 0.0044113
13.4414 81.6604 -0.00315345 0.566898 -0.823747 -0.00818443
12.6223 81.0772 -0.00409062 0.578677 -0.815557 0.000906089
11.7941 80.4656 -0.00360523 0.616933 -0.787005 0.00407007
11.2903 80.0609 -0.00308488 0.63299 -0.774158 -0.00183118
11.3582 80.1158 0.974771 0.63441 -0.772951 -0.00834319
12.1683 80.7533 0.968104 0.593065 -0.805026 0.0143876
13.005 81.3548 0.962624 0.578458 -0.815686 0.00655174
13.845 81.9397 0.954782 0.563673 -0.825991 -0.00321721
14.776 82.541 0.947475 0.531025 -0.84722 0.0151808
15.7099 83.0955 0.940441 0.483799 -0.875179 -0.000754993
16.6702 83.6111 0.935039 0.473767 -0.880586 0.0106612
17.6186 84.0842 0.930428 0.418537 -0.90814 0.0103841
18.1257 84.3071 0.928091 0.369624 -0.929147 0.00795037
18.0739 84.2822 1.85814 0.371588 -0.928397 0.000997404
17.0604 83.8202 1.86648 0.433899 -0.900961 -0.000345711
16.1323 83.3329 1.87669 0.478205 -0.878248 -0.000879787
15.2283 82.8172 1.89198 0.507198 -0.861427 -0.0263432
14.3453 82.2679 1.90495 0.544834 -0.838525 0.00560189
13.4328 81.6628 1.92126 0.555738 -0.831357 0.00123751
12.5941 81.0736 1.93682 0.596567 -0.802559 -0.00258202
11.7025 80.3906 1.9542 0.621199 -0.783633 -0.00555192
11.3709 80.1141 1.95698 0.640877 -0.767541 -0.0125683
11.3224 80.0736 2.93517 0.633205 -0.773983 0.0014812
12.1381 80.7204 2.91775 0.612225 -0.790672 -0.00437314
12.954 81.3363 2.89696 0.576301 -0.817226 0.00436922
13.8719 81.9647 2.874 0.546227 -0.837575 0.0101824
14.78 82.5376 2.84814 0.52064 -0.853767 0.00401394
15.7157 83.0893 2.82568 0.497086 -0.867697 -0.00274655
16.6697 83.6132 2.80345 0.462627 -0.886527 -0.00678882
17.634 84.0871 2.78552 0.402015 -0.915619 0.00498457
18.1641 84.315 2.7797 0.374569 -0.927 -0.0192223
17.9959 84.2407 3.70053 0.395003 -0.918663 0.00544707
16.9146 83.7391 3.72852 0.439377 -0.89828 -0.00632974
16.0159 83.2576 3.75352 0.482623 -0.875826 0.00208685
15.0191 82.6884 3.78997 0.508557 -0.861019 -0.00410541
14.0972 82.1114 3.82435 0.538703 -0.842476 -0.00574036
13.1985 81.5115 3.86195 0.566585 -0.823987 -0.00511205
12.3532 80.8809 3.89137 0.609594 -0.792708 -0.0029474
11.4172 80.1477 3.92393 0.622897 -0.782304 6.79525e-05
11.3026 80.0565 3.92702 0.620687 -0.784053 -0.00292341
11.4367 80.1675 4.91676 0.627396 -0.778695 0.00285014
12.2549 80.8206 4.87721 0.607286 -0.794426 0.00953973
13.1336 81.4591 4.83782 0.568177 -0.822906 -0.000870393
14 82.0433 4.79175 0.551327 -0.834289 -0.00110079
14.8586 82.588 4.74548 0.516275 -0.856396 0.0067516
15.7428 83.1035 4.69832 0.490065 -0.871675 0.00447549
16.6924 83.6248 4.65847 0.472093 -0.881527 0.00616569
17.6373 84.0806 4.62484 0.401738 -0.915499 -0.0216597
17.8942 84.192 4.61699 0.379351 -0.925058 -0.0190015
18.0455 84.2541 4.61298 0.379351 -0.925058 -0.0190015
