33.1769 84.2404 3.96238 -0.364416 -0.931199 -0.00838094
33.1915 84.2238 5.0215 -0.371255 -0.928244 -0.0217306
33.3029 84.1605 6.02605 -0.379986 -0.924924 -0.0112676
34.2363 83.7751 6.09671 -0.381219 -0.924316 -0.0176611
35.2232 83.3504 6.08221 -0.406379 -0.913646 -0.0103301
36.165 82.8974 6.13198 -0.445565 -0.89522 -0.00724865
37.1707 82.3906 6.09557 -0.45447 -0.890676 -0.011748
38.1389 81.8806 6.11309 -0.476275 -0.879284 -0.0047444
39.153 81.3195 6.11977 -0.489202 -0.872154 -0.00469343
40.1355 80.7577 6.12826 -0.502081 -0.864737 -0.0116114
41.0863 80.1975 6.08696 -0.513336 -0.858156 -0.007036
42.0834 79.5951 6.08534 -0.519761 -0.854292 -0.00572716
43.0491 78.9943 6.1329 -0.532662 -0.846294 -0.00756436
43.9198 78.4432 6.08603 -0.538507 -0.842598 -0.00621958
44.8837 77.8193 6.09428 -0.546807 -0.83719 -0.0107394
45.796 77.2079 6.07776 -0.560939 -0.827789 -0.0105802
46.0975 77.0123 5.26148 -0.564537 -0.825367 -0.00810059
46.0893 77.0306 4.14232 -0.565391 -0.824759 -0.0102842
46.138 77.0072 3.05599 -0.562668 -0.826671 -0.00430071
46.1324 77.0164 1.96969 -0.563146 -0.826338 -0.00513215
46.1303 77.0294 0.936796 -0.561796 -0.827199 -0.0112167
46.1431 77.0335 -0.0996048 -0.56209 -0.827065 -0.00435043
46.1554 77.0317 -1.12354 -0.562791 -0.826591 -0.00369889
46.145 77.0456 -2.16615 -0.562896 -0.826509 -0.00563775
46.1628 77.041 -3.35726 -0.564025 -0.825746 -0.00426004
46.1886 77.0286 -4.56265 -0.561828 -0.827248 -0.0030724
46.1644 77.05 -5.64698 -0.560234 -0.828321 -0.00466485
45.4697 77.5197 -6.12389 -0.555628 -0.831419 -0.00443007
44.6141 78.088 -6.13027 -0.550508 -0.834821 -0.00217343
43.7037 78.6777 -6.09728 -0.538363 -0.84269 -0.00623219
42.8356 79.225 -6.11224 -0.529304 -0.848407 -0.0064753
41.9279 79.7848 -6.14037 -0.518717 -0.854894 -0.00900706
41.0058 80.339 -6.11568 -0.51087 -0.859647 -0.00439259
40.0328 80.9042 -6.09398 -0.494196 -0.869339 -0.00440199
39.1455 81.406 -6.09255 -0.48497 -0.874499 -0.00742183
38.1904 81.9265 -6.10534 -0.470579 -0.882323 -0.00782022
37.2965 82.3972 -6.0979 -0.459531 -0.888146 -0.00441445
36.3612 82.8733 -6.1293 -0.44855 -0.89372 -0.00809371
35.4444 83.3254 -6.1116 -0.424845 -0.90521 -0.00639429
34.4748 83.7709 -6.08753 -0.413742 -0.910391 0.00235883
33.5073 84.1822 -6.05199 -0.375794 -0.926608 -0.0132696
33.2457 84.2691 -5.16998 -0.352979 -0.935531 -0.0135506
33.2379 84.2704 -4.0798 -0.34658 -0.938012 0.00387053
33.2487 84.2672 -2.94805 -0.360812 -0.932597 -0.00773231
33.2376 84.2636 -1.81102 -0.360431 -0.932783 -0.00135601
33.2469 84.2618 -0.777616 -0.354829 -0.934914 -0.00071694
33.2311 84.2558 0.288054 -0.36659 -0.930269 -0.0123527
33.2519 84.2308 1.46441 -0.372038 -0.928073 -0.0163751
33.2028 84.2379 2.5824 -0.367149 -0.930137 -0.00687312
33.1832 84.2417 3.60319 -0.368337 -0.929667 -0.00693703
33.1777 84.241 3.86343 -0.365545 -0.930732 -0.0104454
32.2981 84.571 3.88339 -0.327886 -0.944616 -0.0138207
32.2898 84.5527 5.01173 -0.326605 -0.945008 -0.0169933
32.2525 84.5478 6.16649 -0.316753 -0.948411 -0.0122709
32.5106 84.4437 7.01268 -0.33964 -0.940232 -0.0246613
33.473 84.08 7.03859 -0.368789 -0.929467 -0.00926118
34.4724 83.664 7.03804 -0.397009 -0.917735 -0.0121161
35.3903 83.2588 7.03577 -0.420123 -0.907421 -0.00886704
36.3724 82.7901 7.08217 -0.444283 -0.895832 -0.00569252
37.3361 82.2957 7.04892 -0.462692 -0.886453 -0.0108155
38.2388 81.8186 7.05259 -0.474423 -0.880191 -0.0136368
39.2808 81.2397 7.05605 -0.497219 -0.867605 -0.00595439
40.2445 80.6829 7.07734 -0.503119 -0.864087 -0.0148686
41.1924 80.1266 7.02755 -0.514234 -0.857635 -0.00475115
42.0681 79.5968 7.03458 -0.522051 -0.852884 -0.00724002
42.9833 79.0296 7.07954 -0.532744 -0.846248 -0.00691096
44.0133 78.375 7.03579 -0.537253 -0.843392 -0.00693428
44.873 77.8172 7.04328 -0.550583 -0.834767 -0.0038455
45.8063 77.1909 7.04094 -0.558969 -0.829166 -0.00618851
46.6322 76.6264 7.04405 -0.569222 -0.822149 -0.00714116
46.8514 76.4836 6.16636 -0.568617 -0.822523 -0.011473
46.8833 76.4734 5.03764 -0.569352 -0.822046 -0.00876507
46.8871 76.4818 4.01804 -0.571832 -0.820324 -0.00875282
46.8999 76.4823 2.98943 -0.569151 -0.822206 -0.00665465
46.9111 76.4819 1.94721 -0.5666 -0.823976 -0.00533314
46.9143 76.4922 0.919365 -0.568299 -0.822728 -0.0124826
46.9324 76.4932 -0.144299 -0.569169 -0.822173 -0.00879505
46.9418 76.4958 -1.25863 -0.564273 -0.825561 -0.00672339
46.9473 76.5004 -2.34221 -0.563069 -0.826381 -0.00692576
46.9526 76.5048 -3.42252 -0.561668 -0.827354 -0.00388711
46.9527 76.509 -4.61919 -0.562898 -0.826521 -0.00281177
46.9529 76.5135 -5.67367 -0.564146 -0.825669 -0.00314522
46.9286 76.5329 -6.70668 -0.567949 -0.823063 0.000528367
46.271 76.9842 -7.05157 -0.564328 -0.825547 -0.00246949
45.4008 77.5725 -7.06332 -0.556195 -0.831038 -0.00491328
44.5659 78.1266 -7.06114 -0.549108 -0.835723 -0.00619672
43.5861 78.7601 -7.03462 -0.537429 -0.843288 -0.00542548
42.663 79.3408 -7.0504 -0.527402 -0.849601 -0.00507205
41.7591 79.8952 -7.07849 -0.517405 -0.855714 -0.00672938
40.8712 80.4222 -7.0626 -0.506208 -0.862409 -0.00194918
39.9573 80.9514 -7.06529 -0.493541 -0.86971 -0.00458477
39.0391 81.4685 -7.04583 -0.484441 -0.874802 -0.00616718
38.0607 82.0017 -7.05762 -0.467318 -0.884077 -0.00473873
37.0935 82.5096 -7.0445 -0.458592 -0.888626 -0.00556576
36.1723 82.9732 -7.06561 -0.440231 -0.897874 -0.004201
35.1423 83.4693 -7.05326 -0.421362 -0.906847 -0.00707627
34.2252 83.8819 -7.04196 -0.398496 -0.917167 -0.00157755
33.2268 84.3012 -7.01711 -0.363881 -0.93133 -0.014638
32.3637 84.6074 -6.6426 -0.326612 -0.945136 -0.00364981
32.3474 84.6074 -5.57869 -0.335664 -0.941921 -0.0106918
32.3474 84.5964 -4.56988 -0.347306 -0.937683 -0.00823784
32.3574 84.593 -3.54358 -0.337142 -0.941449 0.00309021
32.3514 84.6001 -2.39694 -0.329737 -0.944069 -0.00255991
32.36 84.5907 -1.16585 -0.343318 -0.939191 -0.00725039
32.3447 84.5918 -0.0599027 -0.336243 -0.941704 -0.0106254
32.3414 84.5809 0.986557 -0.338049 -0.941079 -0.00952795
32.3385 84.5747 2.01349 -0.341058 -0.940037 0.00324021
32.3078 84.574 3.106 -0.338779 -0.940776 -0.0119593
32.3006 84.5725 3.71866 -0.327883 -0.944617 -0.0138207
33.6613 84.0499 3.63137 -0.371816 -0.928306 -0.00098909
34.5917 83.6544 3.63841 -0.409922 -0.912104 -0.00559639
35.5436 83.2204 3.64859 -0.42058 -0.90721 -0.00911087
36.49 82.7631 3.66178 -0.449734 -0.893138 -0.00659874
37.4136 82.2888 3.67724 -0.465496 -0.885037 -0.00471944
38.3716 81.7756 3.69224 -0.484706 -0.874671 0.00332386
39.3018 81.2522 3.70776 -0.495101 -0.868831 0.00274133
40.2709 80.6968 3.72351 -0.501347 -0.865219 -0.00681531
41.2066 80.1477 3.741 -0.517205 -0.855842 -0.00577002
42.1458 79.5765 3.75444 -0.520402 -0.853897 -0.00650635
43.0997 78.9845 3.76547 -0.532453 -0.846431 -0.0069169
43.9944 78.4177 3.77582 -0.540546 -0.841265 -0.00904718
44.8543 77.859 3.78337 -0.551222 -0.834298 -0.0100745
45.6217 77.35 3.78806 -0.555912 -0.831204 -0.00781345
45.5635 77.3802 4.75263 -0.556252 -0.830979 -0.00766559
44.61 78.012 4.74212 -0.548613 -0.836057 -0.00573673
43.6785 78.6087 4.73029 -0.53457 -0.845069 -0.00966675
42.8198 79.1514 4.71743 -0.530828 -0.847458 -0.00600033
41.9252 79.7038 4.70052 -0.521968 -0.852938 -0.00685314
41.0047 80.259 4.68088 -0.510274 -0.859972 -0.0082899
40.0615 80.8108 4.65869 -0.499006 -0.866584 -0.00501841
39.1381 81.3408 4.63856 -0.49504 -0.868844 -0.00678261
38.2593 81.831 4.61766 -0.480711 -0.876866 -0.00471533
37.2957 82.3427 4.59715 -0.45862 -0.888613 -0.00593619
36.3389 82.8288 4.57451 -0.448137 -0.89387 -0.0130054
35.3365 83.31 4.5573 -0.417153 -0.908827 -0.00408052
34.2826 83.7825 4.54263 -0.393649 -0.919245 -0.00541289
33.6815 84.0324 4.53625 -0.374808 -0.927033 -0.011353
33.8432 83.9501 5.43727 -0.377967 -0.925621 -0.019181
34.8209 83.5421 5.45159 -0.392594 -0.919639 -0.0115768
35.827 83.071 5.47609 -0.432273 -0.901735 -0.00375589
36.7711 82.5989 5.5027 -0.450881 -0.892519 -0.0107713
37.7212 82.1118 5.52971 -0.467127 -0.884165 -0.00664432
38.7464 81.5517 5.56196 -0.486021 -0.873893 -0.00970762
39.716 81.0047 5.58788 -0.495718 -0.868475 -0.00387433
40.6261 80.4756 5.61478 -0.510018 -0.860106 -0.0100192
40.8638 80.3346 5.62184 -0.511726 -0.859103 -0.00890652
45.7349 77.282 2.82308 -0.560225 -0.828314 -0.00662289
44.8888 77.844 2.8208 -0.548034 -0.836445 -0.00428618
43.9817 78.4331 2.81829 -0.540746 -0.841151 -0.00759208
43.0843 79.0028 2.81308 -0.53323 -0.845933 -0.00792203
42.0846 79.6212 2.8051 -0.520508 -0.853797 -0.0101526
41.2266 80.1409 2.7978 -0.5172 -0.855829 -0.00787287
40.1971 80.7483 2.78326 -0.503769 -0.863818 -0.00594772
39.323 81.2439 2.77451 -0.490995 -0.871139 -0.00630975
38.3804 81.7695 2.76394 -0.482589 -0.875834 -0.00477534
37.4763 82.2624 2.75475 -0.464795 -0.88539 -0.00708135
36.4441 82.7956 2.74306 -0.447066 -0.894462 -0.00835453
35.4254 83.2827 2.73465 -0.41972 -0.907647 -0.00338614
34.5017 83.6993 2.72804 -0.404203 -0.91466 -0.00400807
33.6529 84.0556 2.72466 -0.377533 -0.925984 -0.00472388
33.7551 84.0221 1.81721 -0.377751 -0.925806 -0.0136632
34.7394 83.6039 1.81715 -0.401096 -0.915907 -0.0153729
35.6515 83.1883 1.82071 -0.41525 -0.90968 -0.00702711
36.6553 82.6945 1.82515 -0.457028 -0.889415 -0.00817182
37.618 82.1917 1.83174 -0.467618 -0.883903 -0.00699857
38.6888 81.6048 1.83731 -0.483025 -0.87558 -0.00681192
39.6665 81.0603 1.84324 -0.491087 -0.871078 -0.00748519
40.6651 80.483 1.85076 -0.50709 -0.861861 -0.00742728
41.5521 79.9553 1.85616 -0.515445 -0.856851 -0.0110624
42.6073 79.311 1.86069 -0.526771 -0.84994 -0.0106747
43.4826 78.7594 1.86148 -0.536639 -0.843797 -0.00504273
44.3902 78.1761 1.86384 -0.544808 -0.838529 -0.00734091
45.2565 77.6082 1.86282 -0.552399 -0.833549 -0.00720139
45.676 77.3278 1.86158 -0.559627 -0.828714 -0.0070865
45.6697 77.3415 0.903408 -0.558633 -0.829335 -0.0115547
44.7884 77.9259 0.90746 -0.547848 -0.836519 -0.00994769
43.8794 78.5156 0.909826 -0.542977 -0.839686 -0.0101444
42.8825 79.1479 0.911196 -0.530569 -0.847597 -0.00874758
42.0283 79.6776 0.911613 -0.522033 -0.852896 -0.00708508
41.1255 80.2208 0.911242 -0.508874 -0.860809 -0.00740856
40.2031 80.7612 0.909894 -0.503546 -0.863944 -0.00639556
39.2278 81.314 0.908399 -0.486107 -0.873883 -0.00530161
38.2155 81.8711 0.907026 -0.479413 -0.877569 -0.00602314
37.3217 82.3528 0.905837 -0.466547 -0.88449 -0.00341917
36.3165 82.8709 0.905149 -0.451377 -0.892317 -0.00534473
35.3553 83.3395 0.905333 -0.422261 -0.906302 -0.0177012
34.348 83.7873 0.906237 -0.40109 -0.915894 -0.0162505
33.8208 84.0098 0.907284 -0.382407 -0.923905 -0.0128418
33.7261 84.062 -0.00650603 -0.38474 -0.922994 -0.00755739
34.7167 83.638 -0.0091417 -0.405664 -0.914021 -0.00115082
35.6719 83.1902 -0.0118809 -0.440329 -0.897821 -0.00537142
36.7197 82.6653 -0.0153404 -0.457457 -0.889232 4.20427e-05
37.704 82.1511 -0.0188521 -0.470126 -0.882591 -0.00387401
38.6995 81.6127 -0.0223523 -0.479224 -0.877675 -0.00561585
39.7614 81.0182 -0.0262811 -0.494311 -0.869276 -0.0039949
40.6514 80.5061 -0.0294029 -0.506965 -0.861944 -0.00630326
41.5938 79.9469 -0.0329956 -0.520132 -0.854062 -0.0064436
42.4544 79.4199 -0.0371641 -0.524905 -0.851155 -0.00318121
43.323 78.8804 -0.0411811 -0.529699 -0.848168 -0.00552024
44.2121 78.3126 -0.0460126 -0.542922 -0.839734 -0.00906876
45.0831 77.744 -0.0502459 -0.550524 -0.834761 -0.00984576
45.6686 77.3544 -0.0530404 -0.557063 -0.830452 -0.00553175
45.6975 77.3422 -1.01119 -0.561907 -0.827176 -0.006333
44.7424 77.9783 -1.0038 -0.548758 -0.835962 -0.00574014
43.8193 78.5731 -0.996642 -0.537022 -0.843543 -0.00652507
42.9416 79.1245 -0.989692 -0.52713 -0.849762 -0.00621124
42.0737 79.6587 -0.981919 -0.521313 -0.853356 -0.004175
41.0987 80.2481 -0.973456 -0.508488 -0.861062 -0.00356831
40.2188 80.7601 -0.965914 -0.499352 -0.866389 -0.00420365
39.3223 81.2734 -0.957918 -0.492163 -0.870499 -0.00260057
38.3689 81.7987 -0.949575 -0.478683 -0.87797 -0.00553217
37.4723 82.2797 -0.941969 -0.469167 -0.883085 -0.00658261
36.4206 82.8218 -0.934257 -0.447843 -0.894106 -0.00330169
35.4862 83.286 -0.928089 -0.433898 -0.900956 0.00315913
34.531 83.7262 -0.924164 -0.412008 -0.911151 -0.00726275
33.8271 84.029 -0.923083 -0.381156 -0.924505 -0.00325377
33.7308 84.0722 -1.83065 -0.376448 -0.926438 -0.000248609
34.8437 83.5858 -1.83801 -0.416301 -0.909216 0.0044568
35.7569 83.1557 -1.84653 -0.43729 -0.899305 -0.00538473
36.659 82.7056 -1.85552 -0.455135 -0.890416 -0.00342715
37.6935 82.169 -1.86855 -0.469695 -0.88281 -0.00584185
38.597 81.6805 -1.88108 -0.481987 -0.876148 -0.00728453
39.486 81.1876 -1.89366 -0.490861 -0.871227 -0.00440824
40.4475 80.6339 -1.90667 -0.504209 -0.863552 -0.00716235
41.5016 80.0113 -1.92156 -0.51252 -0.858669 -0.00335974
42.3707 79.4849 -1.93161 -0.521869 -0.852994 -0.00737404
43.252 78.9392 -1.94244 -0.531263 -0.847173 -0.00756763
44.1507 78.368 -1.95301 -0.538551 -0.84256 -0.00745056
45.088 77.7598 -1.96346 -0.55245 -0.833531 -0.00499431
45.7359 77.3225 -1.97052 -0.561578 -0.827417 -0.00348557
45.635 77.3978 -2.92924 -0.56273 -0.82662 -0.00576651
44.7603 77.9793 -2.91818 -0.546188 -0.837661 -0.00125266
43.8782 78.5465 -2.90589 -0.536457 -0.843914 -0.00472586
42.8839 79.1731 -2.88888 -0.530941 -0.847401 -0.00353956
42.0303 79.7 -2.8751 -0.518162 -0.855277 -0.00319452
41.0631 80.2766 -2.85643 -0.509109 -0.860683 -0.00565397
40.0605 80.8666 -2.83849 -0.502014 -0.864828 -0.00735019
39.1579 81.3786 -2.82175 -0.484936 -0.874535 -0.005079
38.1326 81.9394 -2.80121 -0.475335 -0.879779 -0.00673747
37.225 82.4202 -2.78463 -0.458489 -0.88867 -0.00738246
36.1258 82.9765 -2.7659 -0.447257 -0.894404 -0.00161409
35.1528 83.4414 -2.75287 -0.421669 -0.90675 0.000350949
34.1128 83.9156 -2.74056 -0.404564 -0.914482 0.00705844
33.7389 84.07 -2.73765 -0.380692 -0.924685 -0.00566578
33.7053 84.0897 -3.64287 -0.376158 -0.926519 0.00821439
34.6889 83.6594 -3.65797 -0.419175 -0.907905 -0.000490095
35.596 83.234 -3.67148 -0.43139 -0.902166 -0.000257249
36.5675 82.7587 -3.69294 -0.447429 -0.894314 -0.003113
37.5825 82.2392 -3.713 -0.463447 -0.886124 -0.00102865
38.4866 81.7564 -3.73561 -0.481337 -0.87651 -0.00665318
39.4655 81.2144 -3.76138 -0.492039 -0.870527 -0.00900707
40.3414 80.711 -3.78297 -0.505355 -0.862821 -0.012493
41.3012 80.1432 -3.80514 -0.513688 -0.857909 -0.0108211
42.192 79.6053 -3.82569 -0.52065 -0.853752 -0.00557627
43.1925 78.9844 -3.84794 -0.531857 -0.846803 -0.00732167
44.089 78.4166 -3.86611 -0.540542 -0.841308 -0.00401731
44.9768 77.8407 -3.88047 -0.547471 -0.836805 -0.00577483
45.6708 77.3768 -3.89016 -0.55749 -0.830179 -0.00273001
45.7825 77.305 -4.85793 -0.560972 -0.827827 -0.00359212
44.9318 77.8744 -4.84261 -0.550267 -0.834983 -0.00303545
43.9836 78.4908 -4.82218 -0.539119 -0.842214 -0.00503086
43.0276 79.095 -4.79868 -0.532035 -0.846691 -0.0072486
42.1194 79.6555 -4.77305 -0.520702 -0.853715 -0.00638818
41.2442 80.1864 -4.74818 -0.517175 -0.855853 -0.00677539
40.3641 80.7067 -4.72254 -0.499419 -0.866339 -0.00620279
39.4848 81.2098 -4.69623 -0.49145 -0.870905 -0.00147419
38.3945 81.8109 -4.66117 -0.474098 -0.880456 -0.00523802
37.3962 82.3391 -4.63122 -0.460187 -0.887821 -0.00137451
36.4828 82.804 -4.60672 -0.449082 -0.893479 -0.00457139
35.5541 83.2593 -4.58268 -0.430508 -0.902565 -0.00630471
34.5569 83.7251 -4.56338 -0.414368 -0.910079 -0.00739322
33.7904 84.0526 -4.54987 -0.370967 -0.928638 -0.00391828
33.7867 84.0633 -5.45022 -0.366876 -0.93025 -0.00615791
34.7312 83.6518 -5.47244 -0.410724 -0.911722 -0.00824926
35.6631 83.2139 -5.49615 -0.440365 -0.897815 -0.00256973
36.714 82.6911 -5.52897 -0.450554 -0.892739 -0.00422568
37.6133 82.2296 -5.56064 -0.461156 -0.887292 -0.00689706
38.5495 81.7308 -5.59697 -0.474257 -0.880371 -0.00516043
38.9822 81.4943 -5.6131 -0.48563 -0.874163 -0.00181698
39.1675 81.3914 -5.62 -0.485642 -0.874156 -0.0018158
