9.95091 80.2831 1.38368 0.676567 -0.736379 0.000984274
9.97637 80.3079 0.376282 0.668375 -0.743816 0.00355829
9.9792 80.3125 -0.633465 0.67986 -0.73334 -0.000386951
9.96749 80.2978 -1.70158 0.67906 -0.734011 0.0102755
9.98351 80.3086 -2.8259 0.671793 -0.74067 -0.0101011
9.97203 80.3265 -3.91453 0.664403 -0.746886 -0.0267904
9.9772 80.3516 -5.02342 0.666939 -0.745099 -0.00437111
10.151 80.5161 -5.96655 0.649029 -0.760688 -0.0104863
10.9338 81.172 -5.998 0.627412 -0.778499 -0.0169655
11.8217 81.8695 -6.00145 0.598465 -0.801141 0.00367486
12.6425 82.481 -6.02372 0.59177 -0.806101 0.00305866
13.4637 83.0737 -6.03799 0.571996 -0.820085 0.00957373
14.4649 83.7546 -6.02687 0.56089 -0.827889 0.001427
15.4815 84.3976 -5.98993 0.505983 -0.862303 -0.0132112
16.3728 84.8858 -5.97566 0.450881 -0.89247 -0.0142365
17.4058 85.3772 -5.79034 0.419172 -0.907419 -0.0297669
17.4162 85.3773 -4.71864 0.437433 -0.899148 0.0127194
17.4403 85.4095 -3.59223 0.443151 -0.896347 0.0133954
17.3996 85.4226 -2.46313 0.440091 -0.897018 0.040981
17.3856 85.4405 -1.2528 0.429984 -0.902773 0.0107573
17.3287 85.4321 -0.227602 0.45392 -0.891002 0.00851374
17.3707 85.4528 0.813937 0.430067 -0.902786 -0.00436084
17.3451 85.4491 1.96923 0.429705 -0.90285 0.0146797
17.3473 85.453 3.01002 0.453913 -0.890997 -0.00689275
17.3502 85.4427 4.06788 0.450414 -0.892619 -0.0189472
17.3686 85.4515 5.07891 0.431911 -0.90134 -0.0148531
17.1578 85.3427 5.95734 0.46034 -0.886229 -0.0380701
16.1683 84.8028 5.97036 0.478901 -0.877865 0.00250818
15.2174 84.2761 6.01329 0.500433 -0.865762 0.00470488
14.3138 83.7069 6.0123 0.557607 -0.829978 0.010355
13.4321 83.0874 5.99961 0.581358 -0.813631 0.00458708
12.4942 82.4048 6.00446 0.593123 -0.805099 0.00432926
11.6283 81.7174 5.99877 0.642007 -0.766685 0.00455051
10.7773 81.0058 6.0329 0.640276 -0.768116 -0.00200183
10.0217 80.3674 5.89378 0.654443 -0.756032 -0.0068323
9.9744 80.3148 4.83535 0.670863 -0.741327 0.0194375
9.96757 80.2916 3.82519 0.672787 -0.739816 0.00347802
9.98793 80.3168 2.71941 0.672941 -0.739627 -0.0101378
9.95403 80.2867 1.60867 0.677114 -0.735875 0.00227101
9.95134 80.2837 1.42487 0.677114 -0.735875 0.00227101
9.23174 79.6166 1.39214 0.68074 -0.732525 0.000781777
9.24034 79.6246 0.349046 0.682903 -0.730508 -0.00032419
9.25549 79.6389 -0.744821 0.684289 -0.729209 -0.0017704
9.24092 79.6228 -1.77582 0.679337 -0.733817 0.00233237
9.24033 79.626 -2.81654 0.677274 -0.735628 -0.0122622
9.2236 79.6255 -3.83006 0.693078 -0.720808 -0.00887218
9.23056 79.6546 -4.87677 0.704186 -0.709835 -0.0159989
9.21296 79.6535 -5.88651 0.697996 -0.716048 -0.00419724
9.31747 79.759 -6.95007 0.698187 -0.715916 0.000162834
10.0884 80.4641 -7.00219 0.663405 -0.748256 0.00279105
10.9294 81.1847 -7.01869 0.641692 -0.766921 -0.00797986
11.7825 81.8421 -7.01496 0.59774 -0.801652 -0.00775061
12.6809 82.4996 -7.04498 0.594554 -0.804037 0.00071349
13.5331 83.1101 -7.04943 0.57469 -0.818305 0.00589456
14.4538 83.7464 -7.02657 0.563023 -0.826414 -0.00357917
15.3369 84.3222 -7.00715 0.519874 -0.854016 -0.0196648
16.2294 84.8176 -7.00421 0.470408 -0.882449 -0.000643964
17.1776 85.307 -7.00318 0.450808 -0.892614 0.00337971
18.14 85.7352 -6.97004 0.371439 -0.928413 -0.00903665
18.3633 85.8075 -5.90916 0.400274 -0.916351 -0.00907719
18.3417 85.7997 -4.87432 0.405654 -0.913824 0.019233
18.3411 85.834 -3.65503 0.375228 -0.926874 0.0103889
18.3048 85.8347 -2.63506 0.381266 -0.924397 0.0112717
18.301 85.8505 -1.61856 0.396806 -0.917356 0.0316663
18.2545 85.8601 -0.616422 0.417857 -0.908432 0.0121591
18.2711 85.8645 0.443798 0.414564 -0.909885 -0.0155931
18.2943 85.8661 1.54041 0.393963 -0.919103 0.00196269
18.2806 85.8732 2.56761 0.388721 -0.921204 0.0104904
18.264 85.8677 3.76644 0.375702 -0.926633 -0.0140975
18.2946 85.8568 4.80333 0.376979 -0.925926 -0.0220178
18.3316 85.8453 5.92534 0.373723 -0.927297 -0.0209314
18.2396 85.8023 6.95472 0.38441 -0.923114 0.000908537
17.2994 85.3794 7.01194 0.429449 -0.902625 -0.0289995
16.3644 84.9128 7.00666 0.466297 -0.884618 0.00425298
15.3501 84.3511 7.02265 0.497098 -0.867682 -0.00468551
14.386 83.7621 7.02159 0.551245 -0.834174 -0.00450383
13.5045 83.142 7.00739 0.583418 -0.812169 0.00205571
12.6201 82.5047 7.02711 0.591469 -0.806315 0.00461076
11.6862 81.7761 7.01066 0.632866 -0.774239 0.0058231
10.9032 81.1207 7.03047 0.640762 -0.767592 0.0150449
10.0501 80.3886 7.0332 0.657409 -0.753533 -5.70953e-05
9.22566 79.6475 6.77794 0.675808 -0.737073 -0.00261778
9.2179 79.6399 5.75217 0.680921 -0.732351 0.00285548
9.22714 79.6294 4.59056 0.672954 -0.739474 0.0176275
9.22184 79.6123 3.4429 0.67745 -0.735564 -0.00256677
9.24382 79.6336 2.43964 0.680541 -0.73271 -0.000528457
9.2312 79.6163 1.52897 0.68162 -0.731698 0.0025339
10.3829 80.6688 1.95081 0.65584 -0.754855 -0.00821753
11.173 81.3333 1.93921 0.632516 -0.774513 0.00727148
11.9695 81.9826 1.92422 0.629157 -0.777277 0.00166404
12.795 82.6094 1.91051 0.583272 -0.812228 -0.00891959
13.654 83.2181 1.89309 0.577448 -0.816427 0.000451654
14.4844 83.8004 1.87753 0.565495 -0.824703 -0.00892775
15.3363 84.3519 1.86496 0.511751 -0.859114 0.00580232
16.3285 84.9149 1.85453 0.484444 -0.874717 -0.0135398
16.7468 85.145 1.85154 0.478368 -0.878026 -0.0152866
16.7842 85.1653 0.920372 0.470601 -0.88218 0.0170894
15.8862 84.6681 0.925741 0.493902 -0.869411 0.0135917
15.0086 84.1368 0.93124 0.537057 -0.843499 0.00884611
14.061 83.5031 0.939942 0.570721 -0.821122 0.00603391
13.1794 82.8807 0.949634 0.57844 -0.815719 -0.00293032
12.3291 82.2625 0.958435 0.609417 -0.792813 0.00766613
11.4872 81.5942 0.966529 0.633783 -0.773468 -0.00814107
10.5943 80.8548 0.971564 0.649742 -0.760029 0.0138109
10.4015 80.69 0.972331 0.659694 -0.75148 0.00907683
10.5095 80.7852 0.00283617 0.653406 -0.757006 -0.0015589
11.2877 81.4357 0.00195186 0.633799 -0.773497 0.00128587
12.0713 82.0624 -0.00188625 0.608889 -0.793196 0.00970628
12.8906 82.6691 -0.0028193 0.587943 -0.808891 0.00430127
13.7546 83.2815 -0.00427188 0.570228 -0.821446 0.00817143
14.5928 83.8559 -0.00607144 0.55486 -0.831864 0.011524
15.4869 84.4265 -0.00923662 0.511019 -0.859553 0.00527768
16.4776 84.9865 -0.0100115 0.489755 -0.871763 0.0129947
16.724 85.1248 -0.0106856 0.479945 -0.877072 0.019932
16.7746 85.1387 -0.941081 0.471679 -0.881599 0.0174057
15.8116 84.5961 -0.942497 0.498962 -0.866608 0.0052576
14.8526 84.0151 -0.945449 0.549694 -0.835342 0.00635014
14.0033 83.4413 -0.949483 0.562909 -0.826461 0.00974323
13.1547 82.8574 -0.955789 0.581203 -0.813757 -0.00185843
12.3123 82.2407 -0.962355 0.596888 -0.802322 -0.00195214
11.4137 81.5413 -0.969303 0.634305 -0.773075 -0.00343957
10.6323 80.8957 -0.971523 0.639929 -0.768413 -0.00566093
10.4091 80.7016 -0.972543 0.662668 -0.748907 0.00304685
10.4235 80.7121 -1.95275 0.668363 -0.743745 0.0116213
11.1871 81.368 -1.94274 0.634213 -0.773131 -0.00643534
12.0317 82.0404 -1.92614 0.60125 -0.799057 -0.00246581
12.8686 82.6536 -1.9126 0.578244 -0.815864 0.000341463
13.7931 83.3011 -1.89699 0.568286 -0.822817 -0.00472158
14.6539 83.8874 -1.88493 0.547764 -0.836475 -0.0162479
15.5352 84.4355 -1.87764 0.50367 -0.863866 -0.00724719
16.4097 84.928 -1.8722 0.475987 -0.879407 0.00892971
16.9172 85.1958 -1.87024 0.462045 -0.886553 0.0232142
16.7641 85.09 -2.79209 0.445052 -0.894919 0.0323911
15.7881 84.5774 -2.80024 0.47836 -0.878152 0.0045753
14.7801 83.9807 -2.81741 0.538502 -0.842527 -0.0127778
13.8196 83.3323 -2.84158 0.578553 -0.815548 -0.0125848
12.936 82.7016 -2.86385 0.575568 -0.817754 0.000170317
12.0005 82.0266 -2.89148 0.60234 -0.798129 -0.0132504
11.1304 81.3285 -2.91431 0.640216 -0.768178 0.00507591
10.4339 80.7187 -2.92947 0.671306 -0.741173 -0.00322067
10.4045 80.7057 -3.91399 0.648706 -0.760988 -0.0088034
11.3394 81.5017 -3.88184 0.646827 -0.762563 0.0106389
12.2352 82.2026 -3.84603 0.604086 -0.796917 0.0014779
13.0922 82.8115 -3.81043 0.572455 -0.819926 0.00393625
13.9092 83.3985 -3.78334 0.584563 -0.81127 0.0112565
14.7818 83.9825 -3.75166 0.53448 -0.84504 0.0154373
15.6645 84.4995 -3.72418 0.480389 -0.877046 0.0040937
16.5824 84.9781 -3.70503 0.450584 -0.892659 0.011588
16.8385 85.1054 -3.70112 0.446642 -0.894666 0.00919387
16.9089 85.133 -4.60921 0.435499 -0.900189 0.000300896
15.8726 84.6079 -4.63912 0.47774 -0.878488 -0.00486632
14.9505 84.0765 -4.67642 0.530173 -0.847669 0.0193387
14.0633 83.4952 -4.71963 0.581309 -0.813654 0.00688222
13.1801 82.8723 -4.76117 0.574998 -0.818138 -0.00526814
12.2279 82.194 -4.81288 0.598283 -0.801227 0.00958763
11.35 81.5076 -4.85726 0.644481 -0.764611 0.00382754
10.5613 80.8461 -4.89646 0.639331 -0.768873 -0.00952232
10.3868 80.702 -4.90512 0.641227 -0.767207 -0.0148963
10.4097 80.6951 2.92798 0.663624 -0.748061 -0.0029034
11.1758 81.3416 2.90841 0.635404 -0.772146 0.00724165
12.0097 82.0155 2.88918 0.61385 -0.789404 0.00547259
12.8178 82.6247 2.86605 0.588543 -0.80846 -0.00322757
13.7904 83.3189 2.8377 0.576762 -0.816882 0.00700015
14.6485 83.9098 2.81246 0.561481 -0.827452 -0.00795768
15.5133 84.4487 2.79202 0.508825 -0.860848 -0.00619502
16.4362 84.9585 2.77862 0.477254 -0.878619 -0.0160753
16.8851 85.2051 2.77393 0.483839 -0.875099 -0.0100664
16.8972 85.2022 3.68906 0.48655 -0.873652 -0.00126747
15.9486 84.6839 3.70741 0.473353 -0.880841 -0.00750095
15.0284 84.148 3.7356 0.525127 -0.850951 -0.0111329
14.0887 83.531 3.76838 0.570817 -0.821021 0.00957944
13.2037 82.9068 3.80757 0.583042 -0.81243 0.00454184
12.3756 82.3003 3.84303 0.605716 -0.795681 -0.000878376
11.4895 81.6038 3.87643 0.633336 -0.773849 0.00650482
10.61 80.8659 3.90339 0.652183 -0.757964 0.0121567
10.4049 80.6894 3.9083 0.660169 -0.751074 0.00803524
10.4342 80.722 4.9013 0.657761 -0.753226 0.000930773
11.3257 81.4694 4.86289 0.636376 -0.771375 -0.00240775
12.1263 82.1196 4.81801 0.617209 -0.78679 0.00386528
13.0408 82.7984 4.76929 0.586263 -0.810099 0.00594343
13.9083 83.4182 4.71881 0.580003 -0.814606 0.00373144
14.7409 83.9739 4.68032 0.538194 -0.842695 0.0145924
15.7606 84.576 4.63493 0.487658 -0.873035 0.000435611
16.7361 85.1119 4.60261 0.483965 -0.875086 0.00178731
16.79 85.1417 4.60125 0.484303 -0.874898 0.00212318
