9.00483 80.847 3.56221 0.692325 -0.721483 0.0113129
9.03608 80.8678 2.39769 0.684483 -0.729014 0.00341519
9.0534 80.878 1.33382 0.691474 -0.7224 -0.00137212
9.06117 80.894 0.305417 0.694475 -0.719479 0.0026358
9.04132 80.8713 -0.864936 0.697937 -0.716158 -0.000819364
9.03841 80.8716 -1.99233 0.691935 -0.72193 -0.00614557
9.03299 80.8738 -3.0997 0.690387 -0.723426 -0.00394656
9.03934 80.8806 -4.28655 0.697079 -0.716987 0.00287984
9.04227 80.8785 -5.34475 0.694607 -0.719375 0.00459245
9.55463 81.3582 -5.9921 0.681377 -0.731861 0.00898062
10.3603 82.0916 -6.0218 0.668156 -0.743967 0.00855136
11.2529 82.8595 -6.02019 0.641612 -0.766956 0.0106174
12.0945 83.5227 -5.99201 0.608396 -0.793601 0.00714892
12.9029 84.1295 -6.00635 0.594486 -0.804099 0.00103878
13.7386 84.7534 -5.98338 0.600305 -0.799758 0.00449027
14.66 85.4192 -6.01768 0.562864 -0.826313 -0.01978
15.582 86.0074 -6.01252 0.522863 -0.852148 -0.0206617
16.0977 86.3134 -5.38034 0.501463 -0.865066 0.00931095
16.1214 86.3288 -4.21741 0.484797 -0.874514 0.0140494
16.1507 86.3179 -3.12841 0.490781 -0.871082 -0.0187263
16.1483 86.3109 -2.07775 0.495227 -0.868712 0.00665727
16.1307 86.3116 -1.03621 0.520851 -0.853645 -0.000998386
16.1114 86.3174 -0.026568 0.524724 -0.850959 0.0229786
16.1161 86.3567 1.17539 0.523917 -0.851602 0.0152472
16.1151 86.3563 2.21459 0.521265 -0.853297 -0.0124328
16.0862 86.296 3.3356 0.496506 -0.867722 -0.0229012
16.1091 86.3039 4.39014 0.508109 -0.861181 0.0138886
16.1015 86.3155 5.42325 0.514285 -0.857571 0.00911779
15.6122 86.0232 5.98419 0.518907 -0.854822 0.00367324
14.7142 85.4656 6.02832 0.561565 -0.827328 0.013157
13.8825 84.8824 6.0375 0.584156 -0.81158 0.00996406
13.0518 84.2775 6.00144 0.598615 -0.800993 -0.00717754
12.1798 83.6095 5.99766 0.621186 -0.783635 -0.00662852
11.3286 82.924 6.04107 0.636033 -0.771662 1.06058e-05
10.5142 82.236 6.04361 0.653407 -0.756951 0.00807193
9.619 81.4418 6.0022 0.671697 -0.740763 0.00966844
9.03747 80.9076 5.56267 0.676142 -0.736766 0.00281837
9.01239 80.8769 4.56091 0.691044 -0.722636 0.0159313
9.00657 80.8527 3.74573 0.693088 -0.720683 0.0156284
8.29538 80.1629 3.80748 0.697971 -0.7159 0.0148915
8.28389 80.1807 4.83063 0.704685 -0.709288 0.0181294
8.29906 80.1998 5.83725 0.702879 -0.711308 0.00142336
8.3749 80.2744 6.93524 0.712335 -0.701838 -0.00146607
9.15232 81.0269 7.01779 0.679208 -0.733849 0.00802568
9.9964 81.7893 7.02298 0.667629 -0.744487 0.00304143
10.8388 82.516 7.04039 0.637514 -0.7704 0.00347658
11.6726 83.1951 7.0349 0.628184 -0.778045 -0.00546529
12.4589 83.8169 7.01863 0.61474 -0.788697 -0.00727902
13.2749 84.4393 7.02058 0.602003 -0.798494 0.000218175
14.1421 85.0835 7.03169 0.583696 -0.811834 0.0150068
15.0889 85.7074 7.02135 0.52391 -0.851759 -0.0022811
15.9447 86.2294 7.01716 0.521156 -0.853406 0.00867272
16.8712 86.7645 6.983 0.478371 -0.878016 0.0158033
16.9866 86.8305 5.92771 0.468479 -0.883473 -0.00095944
16.9804 86.824 4.71194 0.507075 -0.86189 0.00387915
16.97 86.816 3.69587 0.517813 -0.855492 -0.00165794
16.9963 86.8517 2.68389 0.489057 -0.872012 -0.0204333
16.9799 86.8566 1.65998 0.478175 -0.878244 -0.00598947
16.9942 86.8618 0.60194 0.498839 -0.866581 0.0140406
16.9788 86.826 -0.450072 0.507662 -0.861115 0.0269362
17.0104 86.8116 -1.4997 0.481022 -0.876174 0.0306082
17.0249 86.7916 -2.54674 0.486403 -0.873658 0.0115536
17.0167 86.7935 -3.64798 0.460131 -0.887747 -0.0136088
17.0076 86.8167 -4.81321 0.449059 -0.893502 -0.000899275
17.0001 86.8234 -5.87628 0.467425 -0.883864 -0.000664389
16.8837 86.7539 -6.97833 0.468817 -0.883222 0.0114322
15.9749 86.2536 -7.02216 0.488058 -0.87281 -0.00140252
14.9657 85.6234 -7.0258 0.554952 -0.831823 0.00995449
14.1107 85.0204 -7.01873 0.589385 -0.807828 0.00628919
13.2477 84.3888 -7.0135 0.598564 -0.801037 -0.00768309
12.45 83.7859 -7.03097 0.608069 -0.793883 0.00134319
11.5778 83.1125 -7.02083 0.6189 -0.785463 0.00308054
10.7754 82.4506 -7.04208 0.658137 -0.752898 0.00036304
9.98064 81.7377 -7.03897 0.672292 -0.74025 0.00731701
9.14337 80.971 -6.99247 0.679132 -0.734015 0.000930511
8.37537 80.227 -6.94459 0.698486 -0.715542 -0.0108061
8.32884 80.1724 -5.9271 0.704119 -0.710072 -0.000205605
8.33461 80.1841 -4.89696 0.706166 -0.708013 0.00670855
8.31808 80.1777 -3.88373 0.704302 -0.709875 0.00596808
8.32403 80.1829 -2.66557 0.700776 -0.713378 -0.00197747
8.31966 80.1668 -1.61081 0.703596 -0.710507 -0.0115061
8.34191 80.1794 -0.592914 0.69781 -0.716279 0.0022025
8.33752 80.1819 0.477377 0.699878 -0.714178 0.010991
8.32955 80.1815 1.54661 0.698464 -0.715617 0.00626571
8.30805 80.1701 2.57782 0.695162 -0.718818 -0.0071783
8.29602 80.1619 3.57787 0.696456 -0.717582 0.00501491
8.29599 80.162 3.58593 0.696456 -0.717582 0.00501491
9.44649 81.2665 3.88623 0.679613 -0.733487 0.0110643
10.2061 81.9502 3.86114 0.663078 -0.748535 0.00475899
10.995 82.6365 3.83328 0.651197 -0.758906 0.00201494
11.768 83.2811 3.80401 0.631925 -0.774944 0.0115363
12.6148 83.9439 3.77264 0.59954 -0.800239 0.0129861
13.4732 84.586 3.7394 0.593731 -0.804663 0.000914011
14.3097 85.1937 3.71509 0.583144 -0.812367 -0.00147763
15.3038 85.8419 3.68462 0.512068 -0.858728 -0.0193008
15.5072 85.9586 3.68052 0.495533 -0.868503 -0.0122744
15.5802 86.0223 2.766 0.501166 -0.865021 -0.0238983
14.6549 85.4367 2.77973 0.56 -0.82843 -0.0102063
13.8351 84.8494 2.79807 0.589428 -0.807761 0.00983132
12.9152 84.1701 2.82385 0.604841 -0.796319 0.00658128
12.0019 83.4562 2.84776 0.62186 -0.783127 0.0014097
11.0808 82.7053 2.87243 0.642871 -0.765974 -2.23328e-05
10.278 82.0124 2.89505 0.661786 -0.749662 -0.00677176
9.41056 81.2191 2.91592 0.680966 -0.732289 0.00617196
9.41883 81.2252 1.94645 0.685018 -0.728518 0.00349207
10.2099 81.9582 1.93508 0.675607 -0.737121 -0.0144239
11.0587 82.689 1.92004 0.644491 -0.7646 -0.00425789
11.8888 83.3715 1.90308 0.627562 -0.778497 -0.0103626
12.7088 84.0098 1.88888 0.600046 -0.799887 0.0112091
13.5774 84.6492 1.87186 0.585757 -0.810424 0.0101202
14.4091 85.2488 1.85944 0.580548 -0.814158 0.0105263
15.3019 85.8579 1.84764 0.550429 -0.834825 0.00974479
15.6143 86.0527 1.84427 0.524315 -0.851524 0.000399521
15.5429 85.9929 0.924309 0.54182 -0.840367 0.0146315
14.6526 85.4059 0.931077 0.567118 -0.823616 0.00577639
13.7584 84.7748 0.938625 0.587042 -0.809557 0.000118023
12.8992 84.1493 0.947147 0.590109 -0.80732 0.00220877
11.9091 83.3937 0.956837 0.628851 -0.777525 -0.00120878
11.0544 82.6948 0.966521 0.640629 -0.767802 -0.00860542
10.229 81.9828 0.973295 0.66993 -0.742292 -0.0140092
9.42683 81.238 0.97892 0.691595 -0.722261 -0.00602216
9.5157 81.3332 0.0203713 0.691612 -0.722254 -0.00468423
10.27 82.0346 0.0176735 0.664001 -0.747692 -0.00771282
11.0871 82.7218 0.0134283 0.633852 -0.773453 -0.00153382
11.884 83.3645 0.0108297 0.618024 -0.78597 0.0172708
12.7279 84.0191 0.00887342 0.599504 -0.800311 0.00988356
13.6752 84.713 0.00615898 0.590953 -0.806689 0.00516948
14.5302 85.3207 0.00429653 0.56997 -0.821665 0.00112555
15.3811 85.8688 -0.000901059 0.525105 -0.850855 0.0176258
15.6241 86.0192 -0.00166736 0.521105 -0.853153 0.0240581
15.6437 86.0144 -0.921233 0.520649 -0.853758 0.00463597
14.761 85.4641 -0.920202 0.545999 -0.837772 0.0048821
13.916 84.8766 -0.924918 0.583846 -0.811847 0.00537193
13.0217 84.2295 -0.928981 0.597397 -0.801792 0.0157029
12.1566 83.5602 -0.934618 0.614618 -0.788814 0.00423033
11.2294 82.8336 -0.93881 0.621272 -0.783586 0.00376218
10.4339 82.1695 -0.941951 0.654363 -0.756171 0.00382402
9.55216 81.3665 -0.945175 0.687944 -0.72576 0.00240875
9.50315 81.3194 -0.945264 0.6939 -0.720071 0.000270416
9.54605 81.354 -1.90566 0.683665 -0.729792 0.00223434
10.3742 82.109 -1.90087 0.663423 -0.748214 0.00677561
11.2387 82.8465 -1.89121 0.633568 -0.773674 -0.00445494
12.1009 83.5172 -1.87925 0.604453 -0.796604 -0.00767071
12.9043 84.1283 -1.86903 0.603479 -0.797379 0.000562397
13.7924 84.7894 -1.85692 0.594134 -0.804358 -0.00363421
14.6464 85.3904 -1.84844 0.550119 -0.83498 0.0133061
15.4997 85.9281 -1.83694 0.51975 -0.854289 -0.00701049
15.6997 86.0498 -1.83561 0.513836 -0.857883 -0.00296785
15.5534 85.9638 -2.75886 0.511441 -0.8593 -0.00555092
14.5471 85.3136 -2.77365 0.556453 -0.830802 0.0112951
13.6504 84.6856 -2.79014 0.590745 -0.806857 -0.00161477
12.8249 84.0743 -2.80879 0.600168 -0.799815 -0.00968073
11.9865 83.4457 -2.82778 0.596157 -0.802831 -0.00776952
11.1357 82.765 -2.84762 0.653368 -0.757028 -0.0043156
10.3206 82.0661 -2.86481 0.652356 -0.757911 -0.001713
9.51749 81.333 -2.87648 0.685597 -0.72793 -0.00863498
9.48473 81.3019 -2.87683 0.68855 -0.725161 -0.00643994
9.4243 81.2497 -3.85513 0.686113 -0.727492 0.00215055
10.1947 81.954 -3.83649 0.662307 -0.749218 0.00459114
10.9777 82.6322 -3.80846 0.645192 -0.76402 0.00080977
11.7522 83.2734 -3.78187 0.60462 -0.796488 -0.00643224
12.6707 83.9666 -3.75129 0.597166 -0.802097 -0.00578698
13.5474 84.618 -3.72116 0.593581 -0.804774 -0.000109433
14.3691 85.1964 -3.70008 0.558527 -0.829486 -0.000781898
15.2912 85.8048 -3.67854 0.546156 -0.837478 -0.0185735
15.6433 86.0304 -3.67172 0.532309 -0.846356 -0.0181363
15.6315 86.0312 -4.57662 0.529015 -0.848612 9.47137e-05
14.7562 85.4608 -4.60678 0.551558 -0.834112 -0.00643476
13.9078 84.8793 -4.63579 0.589023 -0.808102 0.00469285
13.0719 84.2652 -4.67122 0.595677 -0.803196 0.00670484
12.2066 83.621 -4.7123 0.602383 -0.798194 0.00459213
11.4102 82.9991 -4.75011 0.632976 -0.77415 0.00575464
10.6042 82.3105 -4.78588 0.656187 -0.754575 -0.00598355
9.79751 81.5925 -4.82351 0.674801 -0.737945 0.00894038
9.44815 81.2678 -4.83897 0.686766 -0.726846 0.0069405
9.42792 81.2627 4.86088 0.670854 -0.741587 0.0017217
10.2491 81.9959 4.82774 0.656929 -0.753943 0.003683
11.1111 82.7408 4.78641 0.648173 -0.76149 0.00183675
11.8899 83.3879 4.74718 0.619766 -0.784781 -0.00303515
12.7103 84.0236 4.70745 0.599131 -0.80064 0.00415004
13.55 84.6385 4.66727 0.584827 -0.811158 0.00025142
14.3852 85.2348 4.63321 0.564522 -0.825384 -0.00748813
15.296 85.8283 4.60341 0.518858 -0.854851 0.00400246
15.5179 85.9593 4.59713 0.506899 -0.862001 0.00271692
15.6428 86.0327 4.5936 0.508126 -0.861278 0.00279816
