-35.1112 86.0727 -2.05054 -0.242098 -0.970251 0.000806202
-35.0688 86.0603 -3.14901 -0.242323 -0.970192 0.00271029
-35.1016 86.0652 -4.30041 -0.242343 -0.970188 0.00219919
-35.1024 86.0649 -5.41458 -0.239128 -0.970988 0.000729379
-34.4484 85.9029 -6.08846 -0.242805 -0.970074 -0.000764706
-33.3865 85.6249 -6.07569 -0.262761 -0.964851 -0.000510126
-32.3316 85.3314 -6.09592 -0.270726 -0.962633 -0.00672826
-31.2896 85.0323 -6.11292 -0.285066 -0.95846 -0.00889497
-30.3312 84.7293 -6.11347 -0.30968 -0.950825 -0.00542059
-29.3411 84.3891 -6.10012 -0.347431 -0.937589 -0.00749122
-28.3117 83.9878 -6.08803 -0.378234 -0.925675 -0.00238075
-27.3108 83.5498 -6.08791 -0.423548 -0.905844 0.00225466
-26.3444 83.0825 -6.08307 -0.449564 -0.893224 0.00651958
-25.3584 82.583 -6.11452 -0.46787 -0.883686 0.0053906
-24.3537 82.0137 -6.08893 -0.509552 -0.860438 -0.00183302
-23.4254 81.4382 -6.07382 -0.539215 -0.842155 -0.00461375
-22.9475 81.1164 -5.43959 -0.560448 -0.828164 -0.00655783
-22.9509 81.1128 -4.40657 -0.563027 -0.826434 0.000171766
-22.9443 81.1168 -3.36256 -0.562752 -0.82657 0.00943109
-22.9299 81.1151 -2.2104 -0.548478 -0.836161 -0.00247772
-22.9477 81.1216 -1.20087 -0.54132 -0.840815 -0.00161354
-22.944 81.1198 -0.111099 -0.551857 -0.833927 0.00417256
-22.9294 81.1208 0.922922 -0.54816 -0.836348 0.00647345
-22.9399 81.1296 1.97662 -0.549151 -0.835706 -0.00533404
-22.947 81.1277 3.13302 -0.553704 -0.832711 -0.00164397
-22.9306 81.1266 4.28148 -0.549425 -0.835447 0.0124394
-22.9252 81.1388 5.32108 -0.549456 -0.835484 0.00787347
-23.2278 81.3462 6.08427 -0.540712 -0.8412 0.00350768
-24.1301 81.9109 6.07873 -0.501076 -0.8654 0.00253175
-25.0746 82.4421 6.07836 -0.478714 -0.877967 -0.00159361
-25.9795 82.9238 6.10511 -0.454102 -0.890881 -0.00494138
-27.0769 83.4429 6.10838 -0.412228 -0.911079 -0.00200374
-28.0305 83.8507 6.08642 -0.378413 -0.925634 -0.00205935
-29.1059 84.275 6.08395 -0.350495 -0.936507 -0.00508574
-30.0731 84.6187 6.08972 -0.323578 -0.946188 -0.00500732
-31.0521 84.9342 6.10904 -0.299827 -0.953982 -0.00470911
-32.0522 85.2433 6.07851 -0.280462 -0.95979 -0.00807738
-33.0527 85.5192 6.10005 -0.254589 -0.967033 -0.00560987
-34.1514 85.8064 6.11234 -0.250925 -0.968004 -0.00203464
-35.0304 86.0329 5.85063 -0.247315 -0.968931 -0.00283841
-35.0584 86.0443 4.78111 -0.247637 -0.968842 -0.00452403
-35.0953 86.0583 3.73927 -0.24655 -0.969123 -0.00359839
-35.0908 86.0608 2.6279 -0.244064 -0.969756 -0.00251202
-35.0869 86.0628 1.6107 -0.242777 -0.970079 -0.00189636
-35.0823 86.0622 0.599337 -0.241253 -0.970462 0.00081231
-35.0618 86.0592 -0.549786 -0.244451 -0.969654 -0.00374483
-35.1004 86.0702 -1.56097 -0.242344 -0.97019 7.08803e-05
-35.1111 86.0727 -2.03206 -0.24208 -0.970256 0.000809114
-36.0329 86.3018 -2.02946 -0.240722 -0.970593 -0.00129568
-35.992 86.2911 -3.09351 -0.241597 -0.97037 0.00357717
-36.0291 86.2948 -4.20415 -0.23873 -0.971066 0.00616467
-36.0508 86.2962 -5.22621 -0.235973 -0.971758 0.00037142
-36.0278 86.2937 -6.27407 -0.237982 -0.971253 -0.00575265
-35.6 86.1901 -7.04237 -0.242106 -0.970248 0.000812295
-34.5634 85.9293 -7.05377 -0.245257 -0.969454 0.00273543
-33.5931 85.6794 -7.0475 -0.257864 -0.966181 0.0011975
-32.5526 85.3994 -7.03635 -0.265483 -0.964115 0.000732911
-31.5187 85.1013 -7.04917 -0.283404 -0.958999 -0.00144305
-30.4986 84.7858 -7.05233 -0.309642 -0.950843 -0.00165152
-29.4187 84.418 -7.0639 -0.344276 -0.938729 -0.00715089
-28.4468 84.0407 -7.06162 -0.371245 -0.928526 0.00408043
-27.495 83.6414 -7.05919 -0.415701 -0.909323 -0.00964226
-26.4137 83.1202 -7.03954 -0.440175 -0.897838 -0.0114396
-25.3782 82.5911 -7.04952 -0.480153 -0.877142 -0.00864396
-24.4021 82.0445 -7.05344 -0.503067 -0.864189 0.00504641
-23.5256 81.5086 -7.03677 -0.543336 -0.83947 -0.00460186
-22.6626 80.933 -7.05863 -0.559662 -0.828688 -0.00740289
-22.1661 80.5892 -6.37694 -0.567441 -0.823402 -0.00426769
-22.1614 80.583 -5.29133 -0.562247 -0.826964 -0.00310085
-22.1696 80.5788 -4.20385 -0.561006 -0.827795 -0.00326757
-22.1475 80.5678 -3.06672 -0.573779 -0.819008 0.00193226
-22.1645 80.5797 -1.95894 -0.579528 -0.814948 0.00125113
-22.1721 80.5895 -0.943016 -0.572565 -0.819803 0.00952887
-22.1607 80.5945 0.168128 -0.568088 -0.822918 0.0090025
-22.1412 80.5929 1.1886 -0.576039 -0.817404 0.000245576
-22.1479 80.5975 2.23808 -0.565782 -0.82451 -0.00865677
-22.1472 80.5962 3.42273 -0.559166 -0.829052 0.0026714
-22.1279 80.5899 4.52117 -0.56782 -0.823143 0.00301674
-22.1452 80.601 5.72545 -0.57498 -0.818141 -0.0055604
-22.1619 80.6096 6.84522 -0.57305 -0.81952 0.000245199
-22.9677 81.1691 7.07152 -0.567051 -0.823677 -0.00150988
-23.8616 81.7557 7.02589 -0.517192 -0.855836 0.00319951
-24.814 82.2984 7.05022 -0.486987 -0.873389 0.00604299
-25.6932 82.777 7.0549 -0.458473 -0.888701 -0.00370274
-26.6056 83.2236 7.05409 -0.426674 -0.904328 -0.0117997
-27.5279 83.6381 7.05523 -0.381324 -0.924442 0.000386107
-28.6471 84.0922 7.04412 -0.365577 -0.930735 -0.00925397
-29.6102 84.4512 7.0412 -0.335164 -0.942122 -0.00757362
-30.7214 84.8277 7.05714 -0.309387 -0.950935 0.00173078
-31.8138 85.1647 7.03685 -0.286997 -0.957882 -0.00907309
-32.7949 85.4436 7.05322 -0.262147 -0.965018 -0.00446152
-33.7708 85.7027 7.05867 -0.254949 -0.966942 -0.00490042
-34.8198 85.9745 7.06719 -0.246387 -0.96917 -0.00156799
-35.8172 86.2248 7.04653 -0.240396 -0.970622 -0.0101677
-35.9905 86.2747 6.06243 -0.242187 -0.970211 -0.00601461
-35.994 86.2808 5.05588 -0.244147 -0.969714 -0.00691361
-36.0068 86.289 3.98348 -0.245854 -0.969302 -0.00294977
-36.0035 86.2904 2.96361 -0.244633 -0.969614 -0.00162335
-36.0083 86.293 1.88917 -0.243353 -0.969937 -0.000413479
-36.0258 86.2972 0.717106 -0.241961 -0.970286 -0.000945639
-35.9848 86.2873 -0.333727 -0.239592 -0.970871 0.00208119
-36.0213 86.2971 -1.50205 -0.237436 -0.971401 -0.00189001
-36.0289 86.3006 -1.9225 -0.239218 -0.97096 -0.00298634
-34.5958 85.9434 -1.81765 -0.244698 -0.969595 0.0029194
-33.5472 85.6677 -1.82275 -0.259973 -0.965615 0.00139246
-32.4555 85.3682 -1.82986 -0.271444 -0.962453 0.00180856
-31.3841 85.0597 -1.83833 -0.286992 -0.957932 -0.00126761
-30.2984 84.708 -1.84919 -0.325083 -0.945681 -0.00284231
-29.253 84.3435 -1.86127 -0.333207 -0.942854 -0.000449344
-28.2984 83.9664 -1.87323 -0.379565 -0.925126 -0.00855807
-27.338 83.5579 -1.88595 -0.406652 -0.913583 -0.000383839
-26.3657 83.0937 -1.8983 -0.448674 -0.893693 -0.00222725
-25.4532 82.6181 -1.90837 -0.477142 -0.878818 0.00371182
-24.4502 82.0477 -1.92146 -0.502213 -0.864744 -0.000533213
-23.5191 81.4896 -1.92689 -0.528834 -0.848725 -0.00102033
-23.4065 81.4199 -1.92723 -0.526169 -0.850365 -0.00505925
-23.4366 81.4369 -0.964659 -0.536717 -0.84373 0.00739341
-24.3354 81.9848 -0.963317 -0.50681 -0.86199 0.0107984
-25.2353 82.5006 -0.958727 -0.485976 -0.87397 -0.00197887
-26.2333 83.0287 -0.952115 -0.448682 -0.893691 -6.25241e-05
-27.2493 83.5142 -0.946367 -0.409838 -0.912127 -0.00748751
-28.2048 83.9227 -0.940892 -0.384995 -0.922918 -0.000736937
-29.1576 84.3062 -0.934911 -0.349704 -0.936846 -0.00511673
-30.1926 84.6714 -0.929197 -0.322016 -0.946733 0.00114941
-31.301 85.0333 -0.923044 -0.288404 -0.957499 0.00432355
-32.3363 85.3372 -0.918816 -0.273998 -0.961727 0.00242625
-33.3323 85.6118 -0.913891 -0.26002 -0.965593 0.00439939
-34.3652 85.8831 -0.912778 -0.25044 -0.96813 -0.00212701
-34.4934 85.9163 -0.912587 -0.249945 -0.968255 -0.00298581
-34.4611 85.9066 -0.00483013 -0.245652 -0.969358 0.0010779
-33.3648 85.6229 -0.00736057 -0.253047 -0.967453 0.00151053
-32.3855 85.3533 -0.00693553 -0.272896 -0.962043 0.000904341
-31.4097 85.0687 -0.0082217 -0.289994 -0.957021 0.0036696
-30.3734 84.7312 -0.00724337 -0.320799 -0.947147 0.000212929
-29.3174 84.3662 -0.00827785 -0.331189 -0.943543 -0.00635913
-28.2991 83.9638 -0.00669348 -0.382563 -0.923916 0.00492433
-27.2724 83.521 -0.00628981 -0.405799 -0.913935 -0.00709892
-26.326 83.0739 -0.00533548 -0.439976 -0.898008 -0.00171463
-25.3515 82.5689 -0.00393426 -0.482415 -0.875924 0.005772
-24.3943 82.0239 -0.0028699 -0.506789 -0.86207 0.000760573
-23.509 81.4822 -0.00359054 -0.530399 -0.847748 0.000575175
-23.4032 81.4162 -0.00339089 -0.535225 -0.844705 0.00289681
-23.3291 81.3766 0.964135 -0.533551 -0.845735 0.00749047
-24.1857 81.9042 0.959387 -0.519116 -0.854657 0.00897654
-25.0568 82.4115 0.950454 -0.495563 -0.868567 0.00306184
-25.9423 82.8792 0.944206 -0.452792 -0.891609 -0.00350157
-26.8401 83.3221 0.936968 -0.437118 -0.899378 0.00691335
-27.7677 83.7437 0.929867 -0.396477 -0.917845 0.0191678
-28.7724 84.1603 0.922841 -0.371689 -0.928356 -0.00149431
-29.8006 84.5323 0.915846 -0.323528 -0.946219 0.000324605
-30.8509 84.8883 0.912462 -0.319154 -0.947697 -0.00326025
-31.9044 85.2165 0.909474 -0.284592 -0.958648 0.00132413
-32.9951 85.5239 0.906692 -0.263988 -0.964526 0.000345765
-33.966 85.7821 0.904023 -0.245446 -0.96941 0.00109872
-34.6269 85.9489 0.901901 -0.24237 -0.970184 0.000576676
-34.5755 85.9341 1.80632 -0.242444 -0.97016 -0.00309979
-33.3913 85.6305 1.81265 -0.257209 -0.966339 -0.00568001
-32.3017 85.328 1.8187 -0.276839 -0.960894 -0.00651446
-31.2902 85.0267 1.82612 -0.298927 -0.954275 -0.0016957
-30.2746 84.692 1.83569 -0.317912 -0.94812 -0.000542424
-29.3201 84.3655 1.8463 -0.333789 -0.942641 -0.00354518
-28.3604 84.0022 1.85947 -0.37814 -0.925733 0.00527848
-27.2095 83.5008 1.87393 -0.415155 -0.909619 0.0154771
-26.2591 83.0384 1.88794 -0.446248 -0.894907 -0.00188285
-25.2811 82.5348 1.90246 -0.476831 -0.878992 -0.00220783
-24.3906 82.0312 1.91499 -0.502583 -0.864525 -0.00250758
-23.3869 81.4176 1.92605 -0.532582 -0.846378 0.000308999
-23.4522 81.4596 2.89033 -0.545377 -0.83818 -0.00422991
-24.4026 82.0412 2.87175 -0.498755 -0.866738 0.00282192
-25.4391 82.6122 2.8516 -0.472801 -0.881169 0.000937369
-26.4396 83.1312 2.82931 -0.446732 -0.894668 4.79367e-05
-27.4824 83.6265 2.80752 -0.41787 -0.908489 -0.00570894
-28.4313 84.0299 2.78902 -0.36447 -0.931137 -0.0120299
-29.4699 84.4176 2.77111 -0.344792 -0.938662 -0.00570292
-30.4163 84.7441 2.75576 -0.314548 -0.949228 0.0051334
-31.3993 85.0561 2.74032 -0.29829 -0.954471 -0.00281979
-32.445 85.3645 2.72934 -0.270675 -0.962643 -0.00737205
-33.5477 85.6652 2.72013 -0.253092 -0.967399 -0.0090925
-34.5293 85.919 2.71342 -0.246273 -0.96919 -0.00461671
-34.5616 85.9226 3.6175 -0.249383 -0.968397 -0.00396384
-33.5223 85.6512 3.62506 -0.25613 -0.966623 -0.00610129
-32.5476 85.3869 3.6359 -0.265858 -0.964007 -0.00306564
-31.5506 85.0968 3.65214 -0.291427 -0.956568 -0.00691961
-30.5661 84.7889 3.66911 -0.305812 -0.952092 0.000103251
-29.6038 84.4627 3.68995 -0.34861 -0.937267 0.00105059
-28.6336 84.0984 3.71417 -0.362101 -0.932103 -0.00816982
-27.6582 83.6982 3.74013 -0.397994 -0.917371 0.00553159
-26.7357 83.2766 3.7681 -0.43255 -0.901573 0.00815367
-25.7526 82.7843 3.79691 -0.46011 -0.887565 0.0229396
-24.8545 82.305 3.82423 -0.485228 -0.874283 0.0135043
-23.9484 81.7794 3.84625 -0.526583 -0.850112 0.00446044
-23.4817 81.4829 3.85669 -0.547992 -0.836482 0.00181981
-23.3911 81.4372 4.83472 -0.54263 -0.839782 0.0178664
-24.2985 82.0061 4.80498 -0.51141 -0.859189 0.015944
-25.2211 82.5217 4.76995 -0.475433 -0.879627 0.0148439
-26.1346 82.9954 4.73586 -0.44613 -0.89496 0.00397289
-27.1441 83.4725 4.69493 -0.415726 -0.90949 0.000564942
-28.0956 83.8857 4.65981 -0.387296 -0.921938 0.00566456
-29.0378 84.26 4.63 -0.35771 -0.93381 0.00653154
-30.048 84.6162 4.59687 -0.32008 -0.947375 -0.00541201
-31.0216 84.9302 4.57234 -0.300039 -0.953927 -0.000933346
-32.0281 85.2366 4.55064 -0.274197 -0.961672 -0.00184754
-32.9938 85.5067 4.53395 -0.259967 -0.965617 -0.000600762
-34.0138 85.7767 4.52299 -0.252466 -0.967603 -0.00222211
-34.5973 85.9276 4.51684 -0.248097 -0.968727 -0.00403764
-34.4876 85.8954 5.41516 -0.249079 -0.968475 -0.00387106
-33.4371 85.6232 5.4272 -0.252233 -0.967657 -0.00417341
-32.3365 85.3261 5.44884 -0.268893 -0.963163 0.00366969
-31.3192 85.0208 5.4746 -0.294594 -0.955618 -0.00311783
-30.3328 84.7077 5.50352 -0.309776 -0.950779 -0.00759937
-29.3419 84.3651 5.53852 -0.342735 -0.939378 -0.0100377
-28.3392 83.9791 5.58003 -0.375167 -0.926932 -0.0068655
-27.7806 83.7495 5.60247 -0.390466 -0.920601 -0.00551605
-23.4624 81.4577 -2.8972 -0.529073 -0.848517 0.00999147
-24.458 82.0564 -2.88161 -0.499892 -0.866078 -0.00410295
-25.364 82.5677 -2.86611 -0.480037 -0.877248 -0.000116709
-26.2613 83.0396 -2.84789 -0.450633 -0.892707 -0.00187202
-27.3064 83.5454 -2.82649 -0.42155 -0.906676 0.0153114
-28.2405 83.9486 -2.80659 -0.388532 -0.921433 -0.00181482
-29.1894 84.3238 -2.78945 -0.335727 -0.941916 -0.00905121
-30.1371 84.6551 -2.77229 -0.320338 -0.947294 -0.00426067
-31.1452 84.9856 -2.75442 -0.289404 -0.957196 0.00451025
-32.2432 85.3068 -2.7405 -0.275801 -0.961215 0.00078308
-33.2714 85.5929 -2.73075 -0.261156 -0.965294 -0.00217926
-34.371 85.8838 -2.72298 -0.250529 -0.968104 0.00307736
-34.4884 85.914 -2.72241 -0.248986 -0.968504 0.00235116
-34.6137 85.9437 -3.62378 -0.249415 -0.968392 0.00310088
-33.6359 85.6904 -3.6316 -0.255553 -0.966793 0.00200595
-32.5272 85.3873 -3.64494 -0.271873 -0.962333 -0.00048426
-31.4594 85.0791 -3.66405 -0.279146 -0.960247 -0.0017156
-30.473 84.7681 -3.6857 -0.309258 -0.950976 0.00188816
-29.3977 84.4034 -3.71033 -0.328521 -0.944488 -0.00404475
-28.3506 83.9978 -3.73685 -0.384635 -0.923031 -0.00829329
-27.3924 83.5762 -3.76591 -0.4154 -0.909597 -0.0087733
-26.3621 83.0902 -3.79386 -0.436318 -0.89975 -0.00877701
-25.4402 82.6134 -3.82239 -0.472713 -0.881186 -0.00730478
-24.4757 82.0715 -3.84483 -0.50259 -0.864512 -0.00473167
-23.6176 81.5529 -3.86326 -0.530349 -0.847777 -0.00213168
-23.3879 81.4062 -3.86811 -0.540622 -0.841164 0.0130719
-23.3568 81.3885 -4.84835 -0.558851 -0.829261 -0.00343799
-24.2345 81.9362 -4.82437 -0.510989 -0.859583 -0.00272236
-25.1104 82.4425 -4.79566 -0.484402 -0.874842 -0.00244653
-25.9967 82.9129 -4.76015 -0.458665 -0.888588 0.00606404
-26.9507 83.3795 -4.72347 -0.432997 -0.901395 -0.00120118
-28.0096 83.8573 -4.67923 -0.396952 -0.917831 -0.00400321
-28.9484 84.2427 -4.64644 -0.348305 -0.937346 0.00816139
-29.8977 84.5771 -4.6175 -0.320715 -0.947175 -0.00103052
-30.8936 84.9055 -4.59059 -0.301838 -0.953359 8.67307e-05
-31.8747 85.1995 -4.56237 -0.281286 -0.95962 0.00291728
-32.9182 85.4965 -4.54286 -0.270303 -0.962754 0.00645018
-33.9566 85.774 -4.5288 -0.252178 -0.96768 -0.00130054
-34.601 85.9387 -4.52262 -0.24391 -0.969794 -0.00264638
-34.5289 85.9219 -5.41849 -0.245989 -0.969272 -0.00138023
-33.5503 85.6674 -5.43093 -0.260392 -0.965493 -0.00431131
-32.3756 85.3409 -5.45475 -0.27313 -0.961976 0.00165286
-31.3784 85.0545 -5.48551 -0.283915 -0.958844 -0.00330484
-30.3713 84.7388 -5.51688 -0.30558 -0.952164 -0.00213032
-29.4188 84.4161 -5.55283 -0.332455 -0.943113 0.00332574
-28.3385 83.9993 -5.5979 -0.372954 -0.927846 0.00267653
-28.2779 83.9749 -5.60071 -0.379686 -0.925106 0.00407407
-28.1315 83.9136 -5.60849 -0.386397 -0.922316 0.00547138
