35.9637 85.772 2.74413 -0.443862 -0.896094 0.00130713
35.9763 85.7471 3.81467 -0.433505 -0.900928 -0.0200719
35.9751 85.7213 4.81635 -0.428779 -0.903257 -0.0165658
35.9905 85.7127 5.84226 -0.421778 -0.906687 0.00394491
36.8102 85.3103 6.09499 -0.454889 -0.890416 -0.0151288
37.742 84.8203 6.10211 -0.474107 -0.88044 -0.00622345
38.6261 84.3309 6.11619 -0.491279 -0.870993 -0.00366291
39.5269 83.8206 6.07599 -0.496911 -0.867778 -0.00620337
40.4369 83.2935 6.0606 -0.503809 -0.863792 -0.00595208
41.3209 82.7702 6.09406 -0.511592 -0.859202 -0.00673889
42.3396 82.1585 6.08013 -0.518757 -0.854885 -0.00790577
43.2474 81.6003 6.09077 -0.528503 -0.848907 -0.00640466
44.1022 81.0633 6.08383 -0.534951 -0.844838 -0.00878162
45.0046 80.4895 6.10975 -0.539248 -0.842117 -0.00709609
45.9373 79.8888 6.10548 -0.543053 -0.839678 -0.00589411
46.7797 79.34 6.08367 -0.548386 -0.836196 -0.00699366
47.5757 78.8122 5.95368 -0.557952 -0.829838 -0.00749054
47.6455 78.7743 4.93968 -0.560179 -0.828326 -0.0086518
47.6599 78.7749 3.90814 -0.55748 -0.830167 -0.00623212
47.6322 78.8025 2.90713 -0.559657 -0.828684 -0.00806936
47.6 78.8325 1.90778 -0.55644 -0.830856 -0.0071729
47.611 78.8364 0.862452 -0.554695 -0.832015 -0.00805043
47.5929 78.8588 -0.275662 -0.556031 -0.831108 -0.00940707
47.5564 78.8916 -1.29082 -0.556517 -0.830807 -0.00696919
47.5711 78.8895 -2.47176 -0.557997 -0.829831 -0.00438577
47.5544 78.9054 -3.50856 -0.558247 -0.82967 -0.00283231
47.5278 78.9276 -4.66416 -0.557677 -0.830052 -0.00285645
47.5439 78.9221 -5.70347 -0.557562 -0.830115 -0.00585035
46.9165 79.3454 -6.09866 -0.555668 -0.831381 -0.00612386
45.9351 79.9924 -6.0971 -0.544288 -0.83888 -0.00457895
45.0421 80.5638 -6.09436 -0.537 -0.843568 -0.00478913
44.184 81.1075 -6.08683 -0.532267 -0.846557 -0.00570359
43.2746 81.6749 -6.11168 -0.526454 -0.850197 -0.00328443
42.2829 82.2809 -6.09066 -0.514668 -0.857355 -0.00649787
41.3349 82.8436 -6.08125 -0.507606 -0.861577 -0.00431999
40.4718 83.3478 -6.11885 -0.500742 -0.86559 -0.00342183
39.5705 83.8625 -6.12167 -0.489736 -0.871862 -0.00289382
38.6371 84.3843 -6.1132 -0.485779 -0.874062 -0.00593031
37.7143 84.891 -6.10713 -0.47816 -0.87822 -0.00964242
36.7816 85.3905 -6.06737 -0.467255 -0.884089 -0.00770244
36.0469 85.766 -5.69894 -0.440548 -0.897653 -0.0098934
36.0439 85.7583 -4.67544 -0.445007 -0.895306 -0.0199193
36.0336 85.7561 -3.6559 -0.44307 -0.896427 -0.0103317
36.0333 85.7497 -2.59325 -0.443105 -0.896441 -0.00117875
36.0257 85.7481 -1.49961 -0.44872 -0.893612 -0.00475318
36.0102 85.7535 -0.496924 -0.453234 -0.89139 0.00166857
36.0149 85.7519 0.565732 -0.456024 -0.889962 0.00287958
36.0029 85.7564 1.6751 -0.450325 -0.892863 -0.0014963
35.964 85.7717 2.68139 -0.444039 -0.896004 0.00228923
35.1141 86.1798 2.63025 -0.414696 -0.909898 -0.0106391
35.1041 86.1607 3.77032 -0.414229 -0.90982 -0.0253226
35.0937 86.133 4.88426 -0.424614 -0.905108 -0.0219485
35.0888 86.1297 5.90675 -0.415703 -0.909481 0.00445631
35.2164 86.0731 6.97061 -0.404506 -0.9145 -0.008082
36.1934 85.6153 7.06166 -0.455676 -0.890042 -0.0135592
37.1822 85.1051 7.02712 -0.461897 -0.886779 -0.016573
38.1524 84.5891 7.05536 -0.481915 -0.87617 -0.00913885
39.1962 84.0007 7.05196 -0.497604 -0.867362 -0.00854155
40.1642 83.4451 7.0222 -0.499978 -0.865997 -0.00843526
41.0749 82.9107 7.04119 -0.512112 -0.858902 -0.00538132
42.0046 82.3531 7.03649 -0.516009 -0.856546 -0.00799956
42.8843 81.8165 7.05002 -0.52705 -0.849803 -0.00717046
43.852 81.2127 7.04888 -0.532866 -0.846169 -0.0070545
44.7252 80.6586 7.05089 -0.538032 -0.842883 -0.00833411
45.5976 80.1006 7.05566 -0.541571 -0.840633 -0.00613642
46.5267 79.4977 7.02503 -0.547188 -0.836969 -0.00821782
47.4945 78.8558 7.05509 -0.558172 -0.829645 -0.0114371
48.3867 78.2492 6.93563 -0.566128 -0.824256 -0.0100099
48.4385 78.2256 5.85018 -0.566442 -0.82406 -0.0083166
48.4347 78.2378 4.83932 -0.567877 -0.82308 -0.00745913
48.4421 78.2426 3.77879 -0.566579 -0.823965 -0.00834113
48.4026 78.2807 2.69231 -0.566405 -0.824084 -0.0084383
48.3834 78.3051 1.6003 -0.564691 -0.825265 -0.0078779
48.3989 78.3053 0.47373 -0.563546 -0.826058 -0.00657222
48.3635 78.338 -0.596342 -0.564595 -0.825339 -0.00695931
48.3562 78.3519 -1.67088 -0.563277 -0.826233 -0.00761915
48.3578 78.3596 -2.73664 -0.561041 -0.827763 -0.00635407
48.3377 78.3777 -3.90913 -0.560982 -0.827823 -0.00288297
48.3429 78.3776 -4.90883 -0.562327 -0.826912 -0.00226928
48.3555 78.3746 -5.97759 -0.562476 -0.826796 -0.00542134
48.2307 78.4649 -7.01005 -0.563727 -0.825955 -0.0032038
47.3122 79.0865 -7.04383 -0.557499 -0.830163 -0.00490514
46.4077 79.6911 -7.05796 -0.551945 -0.833869 -0.00436168
45.4896 80.2846 -7.0648 -0.537837 -0.843034 -0.00461901
44.5587 80.8763 -7.05255 -0.534609 -0.845091 -0.0036632
43.6703 81.4343 -7.05333 -0.530611 -0.847609 -0.00297477
42.7567 82.0016 -7.07193 -0.521972 -0.852936 -0.00646425
41.8735 82.529 -7.04024 -0.508503 -0.861055 -0.00298052
40.9204 83.0895 -7.03986 -0.504843 -0.863195 -0.005274
39.9343 83.6584 -7.06467 -0.496504 -0.868034 -0.000851972
39.0535 84.1589 -7.0665 -0.489625 -0.871924 -0.00392392
38.1636 84.6532 -7.05773 -0.483586 -0.875268 -0.00711995
37.0969 85.2317 -7.05988 -0.468241 -0.883552 -0.00930286
36.0954 85.7542 -7.05048 -0.461418 -0.88715 -0.00718061
35.2158 86.1825 -6.73346 -0.428075 -0.903606 -0.0157276
35.1733 86.1861 -5.68919 -0.425254 -0.905009 -0.0108822
35.169 86.1825 -4.6852 -0.426488 -0.904492 -0.00150874
35.1633 86.1784 -3.62971 -0.434338 -0.90075 -0.000501097
35.184 86.1634 -2.53651 -0.438759 -0.898597 -0.00293655
35.1745 86.1685 -1.46774 -0.43811 -0.898919 -0.000560004
35.1651 86.1745 -0.388242 -0.434758 -0.900546 0.00183306
35.1514 86.1759 0.64293 -0.422739 -0.906192 -0.0103547
35.1324 86.1799 1.71115 -0.422001 -0.90654 -0.0097356
35.1155 86.1804 2.5256 -0.415487 -0.909562 -0.00751061
36.4817 85.5057 2.73171 -0.466361 -0.884577 -0.00560198
37.3769 85.0285 2.73253 -0.473041 -0.881033 -0.00364242
38.2657 84.5438 2.7353 -0.483014 -0.875613 0.000164388
39.2884 83.9698 2.74001 -0.492094 -0.870542 0.000494493
40.2125 83.4407 2.74506 -0.501071 -0.865404 0.00204434
41.0949 82.9256 2.75045 -0.507489 -0.861652 -0.0031931
41.989 82.3962 2.75564 -0.514701 -0.85736 -0.00405223
42.874 81.8588 2.76099 -0.52146 -0.853248 -0.00686122
43.7927 81.2927 2.76526 -0.527769 -0.849341 -0.00896207
44.7782 80.6699 2.76968 -0.535757 -0.844325 -0.00892261
45.6874 80.0863 2.77097 -0.544179 -0.838898 -0.0109139
46.5789 79.5028 2.77204 -0.550433 -0.834849 -0.0071457
47.1641 79.1156 2.77204 -0.552851 -0.833256 -0.00635797
47.1803 79.1132 1.83424 -0.552051 -0.833774 -0.0077844
46.3099 79.6882 1.83669 -0.550551 -0.834765 -0.00784705
45.3562 80.3105 1.83722 -0.541949 -0.840391 -0.00582533
44.491 80.8589 1.83724 -0.533015 -0.846098 -0.00361475
43.5623 81.4418 1.83634 -0.530311 -0.84779 -0.00483464
42.6813 81.9838 1.83415 -0.521575 -0.853178 -0.00687254
41.7426 82.5488 1.83197 -0.509339 -0.860558 -0.00380694
40.8169 83.0911 1.82952 -0.50201 -0.864854 -0.00371657
39.8326 83.6579 1.82652 -0.495969 -0.86834 -0.000427551
38.8873 84.1962 1.82472 -0.493132 -0.869954 -0.00071641
37.9192 84.7373 1.82332 -0.484193 -0.874959 -0.00220641
37.0308 85.2188 1.8238 -0.471664 -0.881772 -0.00339435
36.4843 85.5086 1.82506 -0.461606 -0.887077 -0.00380068
36.4751 85.514 0.915113 -0.46393 -0.885871 0.000863653
37.4142 85.0149 0.912571 -0.475423 -0.879755 0.00199359
38.2987 84.5309 0.911532 -0.487431 -0.873145 -0.00538113
39.2817 83.9764 0.910814 -0.495096 -0.868818 -0.00600904
40.2813 83.406 0.910154 -0.495561 -0.868537 -0.00787348
41.159 82.8973 0.909936 -0.504419 -0.863429 -0.00724149
42.1435 82.3162 0.90913 -0.51345 -0.858106 -0.00481289
43.0534 81.7634 0.908042 -0.522707 -0.8525 -0.00467225
43.9309 81.2181 0.906574 -0.531993 -0.846713 -0.00781765
44.7985 80.6722 0.905231 -0.532789 -0.846219 -0.00699732
45.7556 80.0603 0.903079 -0.545394 -0.838155 -0.00647152
46.6371 79.4817 0.899137 -0.550903 -0.834526 -0.00848426
47.1979 79.111 0.896224 -0.553158 -0.833031 -0.00871143
47.1802 79.1322 -0.0401364 -0.554178 -0.83234 -0.0098205
46.167 79.8008 -0.0342308 -0.546898 -0.837145 -0.00958841
45.232 80.4053 -0.0287285 -0.537659 -0.843153 -0.0038821
44.3594 80.9564 -0.0244591 -0.532734 -0.846257 -0.0065998
43.4459 81.5266 -0.0197828 -0.526095 -0.850408 -0.00550379
42.5606 82.0697 -0.0159564 -0.51952 -0.854447 -0.00440317
41.6194 82.6342 -0.0122818 -0.509071 -0.860702 -0.00627478
40.6904 83.1789 -0.00885735 -0.499816 -0.866079 -0.00955363
39.7805 83.7024 -0.00595254 -0.495513 -0.86854 -0.0101965
38.7409 84.2893 -0.00213086 -0.486858 -0.873465 -0.00537585
37.7045 84.8599 0.00187141 -0.475366 -0.879788 0.000571168
36.8112 85.3345 0.00504621 -0.468117 -0.883663 0.00265498
36.5265 85.4852 0.00597702 -0.464727 -0.885447 0.00357878
36.5193 85.4884 -0.902896 -0.467338 -0.88407 -0.00393181
37.4051 85.02 -0.906652 -0.468164 -0.883639 -0.00222696
38.3706 84.5016 -0.912621 -0.481534 -0.876426 -0.00140958
39.39 83.9325 -0.918761 -0.491708 -0.87075 -0.00423357
40.3254 83.3995 -0.925189 -0.50086 -0.865497 -0.00736604
41.3059 82.8262 -0.931778 -0.509134 -0.860665 -0.00611693
42.2631 82.2545 -0.938614 -0.515276 -0.857016 -0.00361159
43.1391 81.7208 -0.945403 -0.524508 -0.851385 -0.00599174
44.0603 81.1507 -0.951977 -0.527395 -0.849599 -0.00593692
45.0626 80.5189 -0.959227 -0.536246 -0.84404 -0.00601373
46.0247 79.9027 -0.966297 -0.542002 -0.840353 -0.00638688
46.9549 79.2915 -0.971794 -0.555259 -0.831658 -0.00568789
47.1206 79.1809 -0.972877 -0.555091 -0.831773 -0.00530863
47.0917 79.2078 -1.90932 -0.5547 -0.832034 -0.00527399
46.2402 79.769 -1.90255 -0.544658 -0.838649 -0.00401478
45.2972 80.3764 -1.89346 -0.537943 -0.842961 -0.00574852
44.4236 80.929 -1.88514 -0.530916 -0.847403 -0.00608699
43.465 81.5268 -1.87507 -0.526959 -0.849875 -0.00523652
42.6 82.057 -1.86603 -0.518388 -0.855115 -0.00721667
41.6102 82.6529 -1.85568 -0.513011 -0.858327 -0.00972836
40.5588 83.2721 -1.84494 -0.50372 -0.863827 -0.00835954
39.6427 83.7971 -1.83616 -0.491303 -0.870972 -0.00543668
38.7527 84.2961 -1.82809 -0.485876 -0.873996 -0.00742471
37.8258 84.8019 -1.82052 -0.472378 -0.881377 -0.00577584
36.8475 85.3222 -1.81482 -0.470105 -0.882481 -0.0151371
36.4506 85.5305 -1.81228 -0.458858 -0.888427 -0.012114
36.5004 85.5129 -2.71989 -0.46068 -0.887564 -0.00201181
37.3926 85.0427 -2.72679 -0.474352 -0.880314 -0.00616982
38.4112 84.4892 -2.7373 -0.481297 -0.876548 -0.00406837
39.4081 83.9359 -2.74845 -0.490885 -0.871213 -0.00437337
40.301 83.427 -2.76035 -0.497503 -0.867447 -0.00510613
41.266 82.8655 -2.77241 -0.512641 -0.858577 -0.00666847
42.1714 82.3231 -2.78506 -0.517985 -0.855379 -0.00436066
43.1317 81.7378 -2.79805 -0.523114 -0.852259 -0.00246187
44.1359 81.1142 -2.8122 -0.530583 -0.847622 -0.00432293
45.0325 80.551 -2.82295 -0.536362 -0.843971 -0.00539932
45.9366 79.9705 -2.83407 -0.542186 -0.840251 -0.00353114
46.7902 79.4132 -2.84393 -0.551838 -0.833946 -0.00282589
47.164 79.1648 -2.84788 -0.556724 -0.830688 -0.00394831
47.1121 79.2028 -3.78341 -0.554866 -0.831937 -0.00189222
46.2595 79.7656 -3.77411 -0.547807 -0.836591 -0.00471278
45.3587 80.3478 -3.76091 -0.538845 -0.842385 -0.00579841
44.447 80.9245 -3.74723 -0.531214 -0.847222 -0.00518473
43.5527 81.4831 -3.73233 -0.528426 -0.848959 -0.00592777
42.6263 82.0522 -3.71704 -0.520804 -0.853641 -0.00773843
41.7308 82.594 -3.70129 -0.511222 -0.859433 -0.00521495
40.8599 83.1079 -3.68578 -0.503271 -0.86412 -0.00384692
39.9411 83.6384 -3.67134 -0.498328 -0.866974 -0.00502766
38.9325 84.2074 -3.65558 -0.48343 -0.87536 -0.00642055
37.8865 84.7805 -3.64119 -0.478588 -0.878015 -0.00662138
36.9548 85.2815 -3.63026 -0.463328 -0.886179 -0.00363888
36.5738 85.4814 -3.62611 -0.461 -0.887335 -0.0108056
36.5134 85.5187 -4.52995 -0.461753 -0.887008 1.24272e-05
37.4182 85.0385 -4.54247 -0.472566 -0.881282 -0.00473169
38.4017 84.5057 -4.55801 -0.479881 -0.877311 -0.00626267
39.3242 83.9949 -4.5736 -0.49175 -0.870717 -0.00574008
40.2188 83.4854 -4.59232 -0.500387 -0.865773 -0.00708904
41.1047 82.9703 -4.60892 -0.506026 -0.862499 -0.00571285
41.9718 82.456 -4.62891 -0.514794 -0.85727 -0.00868567
42.9055 81.8899 -4.64834 -0.522177 -0.85279 -0.0090203
43.8014 81.3354 -4.66688 -0.530643 -0.847571 -0.00647957
44.673 80.7883 -4.6838 -0.533502 -0.845779 -0.00576506
45.7157 80.1232 -4.70269 -0.542372 -0.840122 -0.0053176
46.6375 79.5219 -4.7171 -0.552242 -0.833677 -0.00337241
47.0941 79.2184 -4.72327 -0.555184 -0.831721 -0.00332583
44.7023 80.7769 -5.61878 -0.535846 -0.844292 -0.00635714
44.7014 80.7775 -5.61876 -0.535291 -0.844645 -0.00615623
43.8046 81.3418 -5.59734 -0.529792 -0.848098 -0.00711664
42.8505 81.9318 -5.57448 -0.522582 -0.852536 -0.00947956
41.8995 82.5069 -5.54961 -0.512556 -0.858634 -0.00585653
40.9558 83.0634 -5.52553 -0.506494 -0.862222 -0.0060397
40.0171 83.607 -5.50326 -0.493957 -0.869468 -0.00565679
38.9972 84.1803 -5.47908 -0.486524 -0.873662 -0.0029891
37.9842 84.7384 -5.45819 -0.477804 -0.878457 -0.00405654
37.0982 85.2168 -5.44094 -0.472965 -0.881045 -0.00792116
36.5643 85.5022 -5.43104 -0.467928 -0.883728 -0.00823327
36.5361 85.4703 3.63641 -0.450196 -0.892825 -0.013648
37.4604 84.9818 3.64012 -0.47381 -0.880612 0.00519404
38.4048 84.4658 3.64652 -0.484257 -0.874912 -0.00481987
39.3092 83.9586 3.65374 -0.491314 -0.870982 -0.000260211
40.2571 83.4116 3.66182 -0.503423 -0.864029 -0.00433022
41.2502 82.83 3.67236 -0.507837 -0.861441 -0.00452269
42.2223 82.2483 3.68239 -0.518049 -0.855337 -0.00484353
43.123 81.6981 3.69014 -0.524183 -0.851567 -0.00807963
44.0135 81.1453 3.69651 -0.529787 -0.848089 -0.00847777
44.9312 80.5624 3.70277 -0.539464 -0.84195 -0.00995789
45.9643 79.8968 3.70849 -0.543745 -0.839215 -0.00773637
46.9421 79.2561 3.71098 -0.551021 -0.834463 -0.00694974
47.232 79.063 3.71107 -0.554722 -0.832021 -0.00505022
47.2305 79.056 4.65277 -0.556705 -0.83066 -0.0091626
46.2476 79.7025 4.64797 -0.545009 -0.838372 -0.00985579
45.373 80.2675 4.64139 -0.540661 -0.841181 -0.010005
44.5212 80.8128 4.63344 -0.537658 -0.843106 -0.00978373
43.5966 81.3962 4.62435 -0.530108 -0.847905 -0.0065727
42.5757 82.026 4.61206 -0.520237 -0.853999 -0.00621915
41.6568 82.5831 4.59931 -0.512775 -0.858518 -0.00283938
40.7894 83.0954 4.58662 -0.50586 -0.862597 -0.00559711
39.9025 83.6125 4.57492 -0.501131 -0.865358 -0.00488566
39.0322 84.1113 4.56282 -0.488632 -0.872479 -0.00432212
38.0241 84.6722 4.55191 -0.483341 -0.87543 -0.00204253
37.1425 85.149 4.54341 -0.463964 -0.885819 0.00787745
36.5534 85.448 4.5389 -0.445202 -0.895412 -0.0056835
36.5459 85.4458 5.43851 -0.440645 -0.89764 0.00861433
37.5743 84.9176 5.45164 -0.478987 -0.877809 -0.00479067
38.4947 84.4067 5.46559 -0.487019 -0.87338 -0.00434919
39.4046 83.8955 5.47922 -0.496307 -0.868103 -0.00877978
40.3306 83.359 5.4977 -0.50501 -0.863102 -0.00441251
41.2042 82.8445 5.51431 -0.510149 -0.860049 -0.00795584
42.151 82.2773 5.53266 -0.516358 -0.856351 -0.0060223
43.0536 81.7255 5.5473 -0.528394 -0.848963 -0.00783371
43.9625 81.1569 5.56084 -0.533781 -0.845579 -0.00863408
44.8169 80.6144 5.57216 -0.538865 -0.842349 -0.00854924
45.7867 79.9906 5.58245 -0.541998 -0.840344 -0.00782531
46.6526 79.4276 5.59236 -0.547716 -0.836576 -0.0121045
46.9255 79.2482 5.59398 -0.551953 -0.833825 -0.00912635
47.0453 79.1691 5.59469 -0.551486 -0.834139 -0.00867519
