7.02283 81.924 4.2664 0.716008 -0.698044 -0.00818208
7.05238 81.9476 5.4361 0.721611 -0.692266 0.00640495
7.45952 82.3775 6.04641 0.71491 -0.69909 0.0133211
8.23456 83.1487 6.03376 0.697813 -0.716273 -0.00306602
8.99437 83.8581 6.01864 0.684372 -0.729132 0.00066532
9.80229 84.6128 6.04876 0.67924 -0.733914 0.00211069
10.6193 85.363 6.03021 0.673645 -0.739047 -0.00350549
11.4212 86.0864 6.04801 0.666831 -0.74515 -0.00934932
12.2583 86.8237 6.01625 0.655704 -0.754997 -0.00562075
13.0387 87.452 5.98135 0.620411 -0.784075 0.0177697
13.6321 87.91 5.41938 0.625172 -0.780363 0.0134907
13.6154 87.917 4.37119 0.628891 -0.777283 -0.01753
13.6176 87.9291 3.25871 0.614858 -0.788467 0.0157879
13.6555 87.9398 2.24959 0.613292 -0.78984 0.00505747
13.6513 87.9342 1.0878 0.63597 -0.771591 0.000630413
13.6409 87.9152 0.00299296 0.640671 -0.767758 0.00941632
13.6597 87.9157 -1.01495 0.618065 -0.78603 0.0123464
13.637 87.8968 -2.03849 0.621535 -0.783187 -0.0109213
13.6452 87.9126 -3.05526 0.618579 -0.785628 0.00330397
13.664 87.9252 -4.19076 0.623644 -0.781701 -0.00327979
13.6288 87.9052 -5.25332 0.627452 -0.778603 -0.00900565
13.2427 87.5828 -5.99217 0.646579 -0.762814 0.00711318
12.4001 86.8657 -6.03109 0.646936 -0.762509 0.00684539
11.5938 86.1853 -6.0486 0.647308 -0.762165 -0.00983307
10.823 85.5252 -6.03545 0.65514 -0.755419 -0.0115544
10.0318 84.8296 -6.0129 0.671424 -0.741064 0.00172243
9.20102 84.0643 -6.01402 0.687542 -0.726089 -0.00899881
8.33753 83.2366 -6.00097 0.694242 -0.719718 -0.00578216
7.57802 82.4747 -6.02613 0.722497 -0.691374 0.000323217
7.05942 81.9268 -5.47766 0.724598 -0.68917 -0.00151682
7.05947 81.9358 -4.33268 0.726902 -0.686698 0.00774098
7.05377 81.938 -3.3115 0.727834 -0.685738 0.00463554
7.04908 81.9383 -2.25153 0.720491 -0.693458 0.00201935
7.04822 81.937 -1.17332 0.717483 -0.696575 -0.000438932
7.06518 81.9525 -0.0377671 0.718848 -0.695166 -0.000628645
7.04604 81.9314 0.994844 0.723018 -0.690829 -0.000561252
7.0429 81.9302 2.067 0.718618 -0.6954 0.0028505
7.03699 81.9383 3.1145 0.71695 -0.697024 0.0118065
7.02372 81.9266 4.12231 0.716008 -0.698045 -0.00818131
6.34498 81.2152 4.05339 0.727536 -0.686057 -0.00338126
6.35559 81.2198 5.08725 0.72402 -0.689778 -0.000985425
6.3421 81.2141 6.0956 0.725695 -0.687925 0.0112514
6.54932 81.4472 6.98658 0.727436 -0.686112 0.0093308
7.34592 82.2741 7.04096 0.712324 -0.701825 0.00593874
8.06493 82.9895 7.04046 0.696383 -0.717637 0.001556
8.82208 83.7065 7.03411 0.679784 -0.733396 0.00488317
9.62074 84.4466 7.05489 0.678065 -0.735 0.000806841
10.4534 85.2046 7.02274 0.668963 -0.743241 -0.00905795
11.3022 85.9673 7.04383 0.667561 -0.744454 -0.0122427
12.0496 86.6375 7.01581 0.662997 -0.748612 -0.00161944
12.8781 87.3465 6.99658 0.624237 -0.781088 0.0151407
13.6815 87.9876 7.0153 0.623221 -0.781473 0.029927
14.3877 88.5452 6.68875 0.629262 -0.776467 0.0332146
14.3951 88.5276 5.49164 0.636252 -0.77148 -0.00178455
14.396 88.5404 4.46499 0.632104 -0.774626 -0.0187768
14.3859 88.5385 3.39994 0.608461 -0.793535 0.00885351
14.4257 88.5432 2.39906 0.62177 -0.78312 0.00811823
14.4249 88.5384 1.35644 0.600243 -0.799767 0.00635967
14.4238 88.5268 0.356184 0.60026 -0.799705 0.0126678
14.4493 88.5256 -0.736585 0.594499 -0.803817 0.0211737
14.4362 88.4968 -1.94399 0.593815 -0.804594 -0.00366016
14.4348 88.5158 -3.02811 0.57456 -0.818417 -0.00857634
14.4452 88.5328 -4.17551 0.590157 -0.807203 -0.0117334
14.4131 88.528 -5.27672 0.619284 -0.785089 -0.00981366
14.4 88.5212 -6.39348 0.619944 -0.784634 0.00434347
13.9096 88.1229 -7.02907 0.629701 -0.776745 0.0106244
13.0239 87.3799 -7.00376 0.64639 -0.762876 0.0141451
12.1849 86.6768 -7.04639 0.635389 -0.772166 0.00604674
11.3886 86.0194 -7.03255 0.644682 -0.764444 -0.00192165
10.5947 85.3276 -7.02798 0.66872 -0.743495 0.00536603
9.82503 84.637 -7.00921 0.669818 -0.742448 0.0101718
9.06755 83.9416 -7.02416 0.678228 -0.734812 -0.00762895
8.31145 83.2125 -7.03154 0.701545 -0.712614 0.00396911
7.59581 82.4966 -7.02959 0.710033 -0.70416 -0.00195366
6.8477 81.7223 -7.02469 0.72609 -0.687514 -0.0108691
6.37471 81.2132 -6.41765 0.728072 -0.685463 -0.00722159
6.36249 81.1932 -5.40393 0.723119 -0.690724 6.87686e-05
6.37566 81.2111 -4.33382 0.72792 -0.685646 0.00466925
6.378 81.22 -3.294 0.727859 -0.685699 0.00616591
6.36879 81.2233 -2.18399 0.726839 -0.686737 0.00987655
6.36634 81.2291 -1.16247 0.723189 -0.690642 0.00209603
6.37595 81.2309 -0.0802351 0.724292 -0.689484 -0.00348552
6.35719 81.2074 0.942091 0.72522 -0.688516 -0.00145147
6.35222 81.2075 1.94957 0.724937 -0.688777 0.00691503
6.33429 81.2027 2.99145 0.726011 -0.687593 0.0111366
6.34473 81.2151 4.0213 0.726407 -0.687248 -0.00491241
7.48263 82.3927 3.7927 0.710874 -0.703319 -0.00122846
8.28455 83.1903 3.7753 0.702909 -0.711241 0.00738701
9.0586 83.9262 3.75756 0.681488 -0.731826 0.002155
9.84335 84.6552 3.73483 0.679416 -0.733745 0.00349607
10.6155 85.3594 3.71358 0.66713 -0.744908 0.00701686
11.4161 86.0619 3.69454 0.660082 -0.75107 0.013586
12.2179 86.7678 3.6747 0.662065 -0.749376 0.0102787
12.9963 87.434 3.6557 0.639756 -0.768578 0.000631002
13.2143 87.6136 3.64937 0.636071 -0.771627 -0.00236264
13.1896 87.5838 2.73727 0.623293 -0.781806 0.0168782
12.4115 86.9269 2.75419 0.652299 -0.757913 0.0086097
11.6198 86.2395 2.77217 0.655482 -0.755206 -0.00281568
10.831 85.5506 2.78557 0.661218 -0.75015 -0.00815757
10.0046 84.7999 2.80421 0.679093 -0.734044 0.00346803
9.19653 84.0493 2.81981 0.681899 -0.731438 0.00346422
8.42306 83.3147 2.8354 0.696815 -0.71724 0.00388429
7.68916 82.5934 2.84751 0.703591 -0.710536 0.00994854
7.46988 82.3753 2.8509 0.705191 -0.708919 0.0118155
7.47805 82.3765 1.90821 0.711974 -0.702205 -1.83563e-05
8.20604 83.1016 1.90051 0.697458 -0.716624 -0.00141663
9.02416 83.8847 1.89053 0.68348 -0.729961 0.00344011
9.84966 84.6534 1.87951 0.681001 -0.732282 0.000985149
10.6344 85.3803 1.86801 0.667458 -0.744648 0.000331282
11.4456 86.0923 1.85569 0.653172 -0.757197 -0.00432181
12.299 86.8201 1.84301 0.644191 -0.764842 0.00582654
13.0906 87.4831 1.83169 0.638588 -0.769229 0.0221979
13.1966 87.5711 1.83022 0.636309 -0.771079 0.0233952
13.1838 87.5387 0.91881 0.638386 -0.769545 0.0162402
12.4015 86.894 0.928068 0.635075 -0.772397 0.00908384
11.6037 86.2275 0.936758 0.651141 -0.758957 -0.000376468
10.7248 85.4573 0.944622 0.667196 -0.744876 0.00288429
9.95722 84.7565 0.951026 0.678779 -0.734339 -0.00212258
9.17132 84.0257 0.957267 0.685309 -0.72822 -0.00685273
8.40634 83.2974 0.964317 0.690085 -0.723726 -0.00155006
7.62757 82.534 0.967925 0.707423 -0.706758 0.00678997
7.39318 82.2931 0.968574 0.717003 -0.697067 -0.00204263
7.42059 82.3186 0.032202 0.715972 -0.698123 0.00295725
8.13196 83.0271 0.0294829 0.697934 -0.716161 0.0013196
8.92656 83.7924 0.0278463 0.69153 -0.722344 0.00230147
9.66694 84.495 0.0258356 0.6819 -0.731423 0.00569035
10.573 85.312 0.0233074 0.665011 -0.746796 0.00746168
11.3661 86.0159 0.0217433 0.656723 -0.754101 0.00679028
12.2311 86.7483 0.0193176 0.633644 -0.77356 0.00997149
13.0065 87.3863 0.0133343 0.640191 -0.768212 0.00234321
13.1962 87.5451 0.0118781 0.642267 -0.766478 0.00192739
13.2486 87.5901 -0.897103 0.63656 -0.771201 0.00644326
12.4468 86.9204 -0.894627 0.638478 -0.76964 -0.000896899
11.5042 86.1321 -0.896292 0.64697 -0.762515 0.000666631
10.7409 85.4613 -0.898564 0.666582 -0.745429 -0.00200051
9.84556 84.6546 -0.901759 0.677802 -0.735228 0.00493342
9.07816 83.9344 -0.903228 0.689484 -0.7243 -0.00107531
8.35442 83.2426 -0.904503 0.694125 -0.719841 -0.0044024
7.53677 82.4361 -0.908518 0.71027 -0.703928 -0.00176387
7.48198 82.3831 -1.84672 0.715805 -0.698271 -0.00640274
8.26125 83.1583 -1.84245 0.696128 -0.717904 -0.00450961
8.99636 83.8591 -1.83681 0.689435 -0.724346 -0.00140488
9.7948 84.6076 -1.8291 0.678031 -0.735029 0.00245938
10.5357 85.2806 -1.82136 0.67058 -0.741837 0.000201216
11.31 85.9725 -1.81462 0.657345 -0.75353 -0.00944242
12.0992 86.636 -1.80865 0.637411 -0.770518 -0.00309724
12.9839 87.3727 -1.80356 0.63523 -0.772323 0.00067389
13.224 87.5683 -1.80285 0.627933 -0.778261 0.00312274
13.227 87.5767 -2.70745 0.643028 -0.765829 -0.00453866
12.411 86.8955 -2.71758 0.635766 -0.771881 -0.00105144
11.4676 86.1066 -2.73019 0.651311 -0.758809 -0.0016103
10.7144 85.4379 -2.74017 0.671308 -0.741156 0.00583174
9.94002 84.7371 -2.75372 0.672991 -0.739624 0.00632627
9.08574 83.9448 -2.76802 0.688097 -0.725605 0.00449731
8.27414 83.1727 -2.78023 0.690634 -0.723203 -0.000902117
7.42735 82.3309 -2.78637 0.71922 -0.694749 -0.00690039
7.39939 82.3013 -3.73291 0.726827 -0.68681 0.00384656
8.23975 83.139 -3.71936 0.689033 -0.724726 0.00254534
9.04374 83.9 -3.70112 0.685964 -0.72763 0.00280075
9.8478 84.6459 -3.68203 0.674546 -0.738223 0.00370629
10.6305 85.3563 -3.66229 0.673522 -0.739167 -0.000541355
11.3787 86.0319 -3.64738 0.654751 -0.755831 0.00457143
12.2147 86.7326 -3.63088 0.63973 -0.7686 -0.000517826
13.0783 87.4474 -3.61332 0.636763 -0.771058 0.0011248
13.2224 87.5655 -3.61107 0.634885 -0.772607 -5.04081e-05
13.2164 87.5665 -4.51717 0.62619 -0.779617 -0.0090946
12.4333 86.9135 -4.53388 0.643326 -0.765588 0.0025833
11.6407 86.2401 -4.55511 0.644793 -0.764082 0.0205107
10.7693 85.4822 -4.57937 0.667836 -0.744284 0.00605889
9.90408 84.7012 -4.60589 0.669965 -0.742354 -0.00759935
9.16463 84.0161 -4.6321 0.685742 -0.727819 -0.0061153
8.32574 83.217 -4.66089 0.690902 -0.722943 -0.00292704
7.61326 82.5099 -4.68279 0.716814 -0.697256 0.00343419
7.55534 82.4503 -4.6845 0.716821 -0.697249 0.00342852
10.3024 85.0708 -5.51486 0.665564 -0.74634 -0.000976375
11.1687 85.8175 -5.47974 0.650435 -0.759547 -0.00471673
11.9854 86.5154 -5.4539 0.646987 -0.762501 -0.00063927
12.8587 87.2658 -5.42671 0.647045 -0.762373 0.0109695
13.0558 87.4328 -5.42199 0.642971 -0.765842 0.00854809
13.1906 87.5759 4.56277 0.624675 -0.780578 -0.0218717
12.4035 86.9385 4.58283 0.633014 -0.774106 0.00733924
11.6285 86.2736 4.60626 0.664423 -0.747236 0.0134694
10.858 85.5842 4.63123 0.669467 -0.74284 -0.0012213
9.983 84.7842 4.65699 0.680154 -0.733067 -0.00190927
9.22364 84.0768 4.68596 0.683569 -0.729846 -0.00768489
8.37839 83.2823 4.71449 0.689639 -0.724153 0.000376231
7.60595 82.5172 4.73643 0.713237 -0.700914 0.0036414
7.41459 82.3202 4.74091 0.714005 -0.700128 -0.0042863
10.9871 85.7007 5.54848 0.674279 -0.738476 -0.000958228
11.7911 86.4187 5.51864 0.655243 -0.7554 -0.00529598
12.6461 87.1345 5.48261 0.618363 -0.785833 0.00964361
12.8432 87.2894 5.47625 0.619764 -0.784716 0.0106696
12.8469 87.2924 5.47611 0.618516 -0.785658 0.0133798
