-35.2414 87.338 0.905901 -0.225124 -0.974328 0.00183861
-35.1998 87.3227 -0.199609 -0.219594 -0.975573 0.0035606
-35.1984 87.323 -1.26726 -0.224852 -0.974392 0.000912558
-35.225 87.3329 -2.34347 -0.232057 -0.972688 -0.00528693
-35.1981 87.3214 -3.41563 -0.225484 -0.974246 -0.00138033
-35.1923 87.318 -4.53786 -0.226281 -0.974049 0.00508179
-35.1916 87.3129 -5.56578 -0.233096 -0.972446 0.00381277
-34.5027 87.1435 -6.10934 -0.235938 -0.971766 0.00198335
-33.4108 86.8768 -6.13103 -0.239375 -0.970924 0.000706556
-32.4428 86.6258 -6.16834 -0.260059 -0.965588 -0.00162574
-31.3567 86.3225 -6.14949 -0.276092 -0.961126 -0.00322571
-30.3586 86.0126 -6.10578 -0.315475 -0.948931 0.00164313
-29.3058 85.6553 -6.12898 -0.333273 -0.942828 0.00219896
-28.3233 85.286 -6.1591 -0.377764 -0.9259 -0.00141515
-27.371 84.8853 -6.18369 -0.39678 -0.917892 -0.00621247
-26.3986 84.4305 -6.15288 -0.441852 -0.897051 -0.00811228
-25.4787 83.9665 -6.14854 -0.454677 -0.890648 -0.00312248
-24.4454 83.3973 -6.16446 -0.498146 -0.867079 -0.00497065
-23.5378 82.8446 -6.1714 -0.529408 -0.848365 0.00183592
-22.549 82.2052 -6.14319 -0.552003 -0.833839 0.00204179
-21.7811 81.6869 -5.92102 -0.573124 -0.8194 0.00277084
-21.7644 81.6624 -4.76262 -0.575359 -0.817681 -0.0186335
-21.8081 81.6722 -3.69672 -0.57695 -0.816743 -0.00710533
-21.8028 81.6711 -2.62412 -0.580316 -0.814383 0.00371142
-21.7674 81.6499 -1.60908 -0.58054 -0.814203 0.00684306
-21.8161 81.6943 -0.51738 -0.583468 -0.812118 0.00361351
-21.7988 81.6804 0.539645 -0.57826 -0.815847 0.00276307
-21.7883 81.6815 1.53995 -0.582482 -0.812746 0.0100347
-21.7803 81.6867 2.6063 -0.576626 -0.816968 0.00163423
-21.7765 81.6857 3.65746 -0.573089 -0.819493 -0.000100429
-21.7911 81.685 4.69759 -0.580293 -0.814306 -0.01288
-21.7993 81.6855 5.82541 -0.577453 -0.816419 0.0027352
-22.5864 82.2435 6.13182 -0.574859 -0.818225 0.00673576
-23.4303 82.8033 6.14226 -0.535459 -0.844499 0.0102255
-24.4335 83.407 6.14351 -0.504294 -0.863524 0.00388261
-25.347 83.9117 6.15199 -0.468714 -0.883317 0.00758011
-26.2594 84.3717 6.16012 -0.428776 -0.903411 0.000538529
-27.1826 84.7907 6.15504 -0.390923 -0.920423 0.00122015
-28.1311 85.181 6.12348 -0.368406 -0.929645 -0.000387655
-29.228 85.5951 6.12397 -0.343792 -0.939018 0.00423507
-30.2002 85.9368 6.1355 -0.32194 -0.94672 -0.0087341
-31.1712 86.2466 6.12799 -0.292495 -0.956242 -0.00504511
-32.2016 86.5488 6.14756 -0.266105 -0.963895 -0.009721
-33.2714 86.8291 6.13909 -0.248925 -0.96852 -0.00220889
-34.2719 87.0839 6.12647 -0.243678 -0.969845 -0.00450794
-35.1336 87.2943 5.68075 -0.227439 -0.973783 -0.00424533
-35.1586 87.3088 4.57139 -0.230025 -0.973133 -0.00955563
-35.1958 87.3217 3.53809 -0.234692 -0.972056 -0.00518768
-35.2413 87.3358 2.51415 -0.225152 -0.97432 -0.00255698
-35.2328 87.3369 1.46848 -0.230241 -0.973125 -0.00418795
-35.2391 87.3377 1.0558 -0.225188 -0.974314 0.00151026
-36.1685 87.546 1.12217 -0.198703 -0.980058 -0.0019898
-36.1584 87.5423 2.29418 -0.203194 -0.979138 -0.000285412
-36.1341 87.5341 3.3084 -0.201594 -0.979465 -0.00103024
-36.1123 87.5286 4.34529 -0.213407 -0.976945 -0.00369686
-36.1083 87.5214 5.42368 -0.22405 -0.974563 -0.00534407
-36.0734 87.5141 6.53157 -0.224232 -0.974522 0.00515054
-35.4779 87.3752 7.08366 -0.234314 -0.972157 0.00265868
-34.4697 87.1291 7.07978 -0.240104 -0.970729 -0.00601565
-33.4515 86.8728 7.08094 -0.246697 -0.969083 -0.00429992
-32.3962 86.5975 7.1 -0.259876 -0.965642 0.000315748
-31.4275 86.3196 7.08304 -0.285715 -0.958288 -0.00648391
-30.4676 86.0244 7.08172 -0.316019 -0.948748 -0.00312691
-29.4681 85.6833 7.08572 -0.333764 -0.942649 -0.00376953
-28.4831 85.318 7.05643 -0.366458 -0.930434 -0.0010537
-27.5491 84.9416 7.09369 -0.382284 -0.92399 -0.0100541
-26.5874 84.5197 7.1048 -0.428496 -0.903517 -0.00695309
-25.6678 84.0726 7.08543 -0.446078 -0.894979 -0.00521435
-24.7091 83.5648 7.09884 -0.485179 -0.874414 -0.00129454
-23.7671 83.0275 7.08188 -0.503765 -0.863808 0.00751698
-22.891 82.4653 7.10686 -0.569645 -0.821868 0.00615345
-21.9683 81.8185 7.07146 -0.576876 -0.816778 0.00942264
-21.0451 81.156 6.93277 -0.591637 -0.806166 0.00528266
-21.0104 81.122 5.91082 -0.588683 -0.808359 0.00269928
-21.0163 81.1274 4.8804 -0.586283 -0.81009 -0.00468694
-21.0024 81.1256 3.85819 -0.594302 -0.804239 -0.00221248
-21.0041 81.1223 2.69301 -0.601106 -0.799075 0.0122999
-21.0159 81.1155 1.59308 -0.595575 -0.80324 0.00951505
-21.0179 81.1149 0.502105 -0.590567 -0.806988 -0.000885352
-21.0457 81.1343 -0.56059 -0.58931 -0.807901 0.00320076
-21.019 81.1097 -1.62846 -0.58671 -0.809791 0.00305924
-21.0426 81.125 -2.70874 -0.587548 -0.809187 -0.00180638
-21.009 81.108 -3.91388 -0.590521 -0.806978 -0.00823086
-20.9958 81.1095 -4.92742 -0.598742 -0.800933 -0.00381527
-20.99 81.1079 -5.95445 -0.594393 -0.804175 -8.6678e-05
-21.0838 81.1711 -6.98851 -0.593025 -0.805102 0.0114838
-22.0129 81.8396 -7.08436 -0.569954 -0.82156 0.00778354
-22.9534 82.4654 -7.1121 -0.544317 -0.838864 0.00485264
-23.8149 83.0153 -7.13003 -0.519889 -0.854221 -0.000458171
-24.7364 83.5578 -7.10366 -0.490863 -0.871197 0.00836488
-25.6451 84.0534 -7.08638 -0.454305 -0.890813 -0.00553827
-26.558 84.5119 -7.10021 -0.44111 -0.897423 0.00737341
-27.5883 84.9859 -7.10732 -0.397075 -0.917761 -0.00581312
-28.6005 85.396 -7.09463 -0.360326 -0.932765 0.0072555
-29.6136 85.761 -7.08917 -0.32507 -0.945686 -0.000764193
-30.7455 86.1376 -7.09095 -0.304016 -0.952667 -0.000460757
-31.7401 86.4308 -7.1126 -0.271141 -0.962529 0.00346684
-32.7591 86.7097 -7.1075 -0.254117 -0.967165 -0.00408783
-33.7329 86.9545 -7.08157 -0.235469 -0.971872 0.00444548
-34.7483 87.2007 -7.0984 -0.236219 -0.971698 0.00167766
-35.7272 87.4322 -7.08364 -0.220761 -0.975293 0.00826729
-36.1095 87.5227 -6.27989 -0.221434 -0.975149 0.00714321
-36.1399 87.5328 -5.17752 -0.2114 -0.977344 0.010399
-36.1397 87.5323 -3.9899 -0.214007 -0.976829 -0.00266797
-36.1457 87.5358 -2.9488 -0.215052 -0.976575 0.00739616
-36.1422 87.538 -1.81159 -0.212849 -0.977081 -0.00274587
-36.1235 87.5311 -0.651633 -0.220758 -0.975321 0.00330971
-36.1539 87.5426 0.393746 -0.210044 -0.977644 0.00443087
-36.1727 87.5471 1.01239 -0.202248 -0.979314 0.00254757
-34.7445 87.2212 0.906839 -0.234636 -0.972083 5.70927e-05
-33.7277 86.9719 0.906607 -0.244348 -0.969687 -0.00133923
-32.6315 86.6873 0.910655 -0.262494 -0.964932 -0.00160724
-31.6377 86.406 0.914087 -0.27495 -0.961457 0.00161503
-30.6685 86.1158 0.918115 -0.302058 -0.95329 0.000102877
-29.6947 85.7959 0.9251 -0.31686 -0.948443 -0.0074858
-28.714 85.4385 0.932824 -0.36626 -0.930465 -0.00936775
-27.7585 85.0375 0.939612 -0.400749 -0.916172 0.00548364
-26.7142 84.5722 0.948685 -0.413616 -0.910441 0.00443624
-25.8141 84.1301 0.956575 -0.453614 -0.891192 0.00333283
-24.8454 83.6133 0.964967 -0.491043 -0.871082 0.00960217
-23.9239 83.0672 0.973895 -0.52672 -0.849988 0.00924863
-23.0724 82.5364 0.980142 -0.531625 -0.846852 0.0146778
-22.298 82.03 0.982379 -0.555548 -0.831476 0.00385168
-22.3079 82.035 -4.51542e-05 -0.551173 -0.83439 -0.00135121
-23.1503 82.5805 -0.00035136 -0.536315 -0.844007 -0.00431966
-24.0133 83.1184 0.000233834 -0.523007 -0.852318 -0.00420128
-24.9622 83.6743 -0.00138086 -0.478874 -0.877882 -0.00177723
-25.9289 84.1841 -0.00151462 -0.451725 -0.892157 -5.92062e-05
-26.8893 84.6517 -0.00152353 -0.413318 -0.910564 -0.00647963
-27.8614 85.0815 -0.00136186 -0.397392 -0.917649 -7.08058e-05
-28.9257 85.518 -0.00119406 -0.355729 -0.934525 0.0109843
-29.867 85.8554 -0.00207923 -0.312741 -0.949831 -0.00380511
-30.871 86.1728 -0.00111001 -0.2901 -0.956984 0.00482839
-31.8807 86.473 -0.00155777 -0.279168 -0.960229 0.00505501
-32.8597 86.7448 -0.00112296 -0.259093 -0.965844 0.00390536
-33.8894 87.0122 0.000240421 -0.241493 -0.970399 0.00276138
-34.7364 87.2161 0.000825254 -0.231841 -0.972737 0.00577258
-34.6527 87.1963 -0.909892 -0.232389 -0.972623 0.00034614
-33.6301 86.9439 -0.911233 -0.249467 -0.968382 0.00162504
-32.5885 86.6675 -0.913214 -0.263004 -0.964761 0.0080516
-31.5995 86.3891 -0.917536 -0.279501 -0.960144 -0.00151088
-30.5466 86.0764 -0.925655 -0.305912 -0.952048 -0.00481326
-29.5102 85.7264 -0.93143 -0.347323 -0.937744 0.00187775
-28.5033 85.3451 -0.938715 -0.36551 -0.930807 -0.000692177
-27.5593 84.9588 -0.945248 -0.397079 -0.917761 -0.00659087
-26.5891 84.511 -0.9523 -0.434142 -0.900844 -0.00128225
-25.6364 84.0322 -0.960016 -0.462068 -0.886789 -0.009901
-24.6623 83.5024 -0.968194 -0.494437 -0.869213 -0.00050257
-23.7285 82.949 -0.973434 -0.522156 -0.852784 -0.0105955
-22.7984 82.364 -0.978149 -0.538784 -0.842443 -0.00134031
-22.2604 82.0024 -0.98166 -0.572288 -0.820037 -0.0050151
-22.2159 81.9677 -1.96234 -0.578745 -0.815501 0.00347299
-23.0889 82.5565 -1.95533 -0.539409 -0.841978 -0.010514
-24.0788 83.1689 -1.94285 -0.511553 -0.859234 -0.00552333
-25.0891 83.7444 -1.92776 -0.472541 -0.881308 0.00139199
-26.0616 84.2531 -1.91112 -0.456943 -0.889406 0.0126455
-27.0456 84.7277 -1.8964 -0.41943 -0.907777 -0.00427296
-27.969 85.1332 -1.88123 -0.386264 -0.922386 0.00207114
-28.977 85.5315 -1.86706 -0.352937 -0.935639 -0.00385053
-30.0078 85.9041 -1.85358 -0.327856 -0.944713 -0.0052314
-31.0605 86.2362 -1.8419 -0.281947 -0.959422 -0.00392944
-32.0277 86.5093 -1.83011 -0.267709 -0.9635 -0.000598122
-33.0474 86.7892 -1.82254 -0.257852 -0.966184 0.000374577
-34.1409 87.0694 -1.81638 -0.242153 -0.970236 0.00189537
-34.6968 87.2043 -1.81514 -0.232722 -0.972543 -0.000948546
-34.6734 87.1975 -2.72009 -0.237623 -0.971356 0.00153903
-33.5454 86.9166 -2.72962 -0.246588 -0.96912 -0.00063653
-32.568 86.661 -2.73928 -0.260587 -0.965442 -0.00413882
-31.4563 86.3545 -2.75385 -0.271925 -0.962307 -0.00461584
-30.4222 86.0422 -2.77035 -0.304073 -0.952619 0.00756772
-29.3084 85.6591 -2.79266 -0.343934 -0.938991 -0.00223456
-28.272 85.2535 -2.81283 -0.378402 -0.925625 0.00550225
-27.295 84.8397 -2.83875 -0.394802 -0.918733 -0.00775621
-26.2939 84.3645 -2.8628 -0.448929 -0.893556 -0.0045207
-25.3235 83.8638 -2.88635 -0.461854 -0.886953 -0.00216704
-24.4357 83.377 -2.90803 -0.494152 -0.869369 0.00344536
-23.4961 82.8148 -2.92903 -0.53015 -0.847879 -0.00654873
-22.6087 82.2371 -2.94613 -0.573193 -0.819268 0.0157812
-22.2076 81.9569 -2.95028 -0.578726 -0.815493 0.00690214
-22.2251 81.966 -3.94147 -0.571198 -0.820799 -0.00461958
-23.0998 82.5644 -3.91988 -0.548981 -0.83583 0.00287765
-24.0812 83.1668 -3.8929 -0.507658 -0.861554 0.00270283
-25.0514 83.7251 -3.86122 -0.488108 -0.872783 0.000575248
-25.939 84.1922 -3.82941 -0.451599 -0.892128 -0.0128513
-26.8832 84.6575 -3.79818 -0.422245 -0.906479 0.00234566
-27.8097 85.0642 -3.7652 -0.385665 -0.922633 -0.00326544
-28.8808 85.4989 -3.73309 -0.364253 -0.931299 0.0017233
-29.9203 85.872 -3.70322 -0.31576 -0.948829 0.00427773
-30.9111 86.1919 -3.68035 -0.293279 -0.956026 -0.00116175
-31.9255 86.4883 -3.65984 -0.262105 -0.965038 0.00181383
-32.9706 86.7662 -3.64171 -0.250842 -0.968026 0.00174596
-33.9646 87.0199 -3.63039 -0.243955 -0.969786 0.00138788
-34.5456 87.1647 -3.62565 -0.239177 -0.970972 0.00287878
-34.66 87.1895 -4.52398 -0.236247 -0.971685 0.00388345
-33.5273 86.9078 -4.53698 -0.248278 -0.968688 0.000783162
-32.4927 86.6389 -4.55679 -0.259076 -0.965853 0.00277595
-31.4696 86.3575 -4.57911 -0.275408 -0.961325 -0.00225193
-30.5136 86.0634 -4.60447 -0.308205 -0.95132 7.04459e-05
-29.4671 85.7165 -4.64154 -0.32055 -0.947216 0.00539478
-28.5227 85.3677 -4.67482 -0.375643 -0.926756 0.00392656
-27.455 84.9132 -4.72195 -0.397721 -0.917506 0.000634741
-26.5429 84.4971 -4.7607 -0.434498 -0.900654 -0.00575764
-25.5184 83.9793 -4.80954 -0.465208 -0.885183 -0.00577932
-24.4769 83.4044 -4.85728 -0.500496 -0.865658 -0.0117996
-23.4419 82.7838 -4.89959 -0.533812 -0.845595 -0.0038025
-22.4938 82.1686 -4.93483 -0.55959 -0.828693 -0.0112449
-22.1588 81.939 -4.94341 -0.567715 -0.823042 -0.0173699
-27.039 84.7314 -5.68674 -0.417033 -0.908882 -0.00421955
-28.1154 85.1993 -5.62713 -0.390579 -0.920564 -0.0031296
-29.1596 85.6061 -5.57543 -0.330996 -0.943616 0.00550043
-30.2269 85.9692 -5.53134 -0.31295 -0.94977 -0.000407288
-31.2525 86.2924 -5.49242 -0.280687 -0.959781 0.00603411
-32.23 86.5672 -5.46655 -0.265759 -0.964039 0.00115872
-33.2111 86.8274 -5.44365 -0.252514 -0.967587 0.00339495
-34.2498 87.0852 -5.42411 -0.236482 -0.971612 0.00674791
-34.4952 87.1449 -5.42094 -0.237053 -0.971477 0.00623605
-34.7556 87.2209 1.81086 -0.234491 -0.972108 -0.00443522
-33.7719 86.9805 1.81545 -0.241469 -0.970388 -0.00639051
-32.8 86.7333 1.82174 -0.260007 -0.965606 -0.000756583
-31.7407 86.432 1.82882 -0.282538 -0.959178 -0.0122004
-30.7094 86.1239 1.84 -0.294966 -0.955482 -0.0070502
-29.6813 85.7873 1.85344 -0.323427 -0.946207 -0.00938402
-28.6077 85.3993 1.86903 -0.348013 -0.937488 0.0017835
-27.6745 85.0146 1.88302 -0.3967 -0.917805 0.0162131
-26.6861 84.5657 1.89822 -0.431766 -0.901896 0.0126962
-25.7409 84.0943 1.91635 -0.456335 -0.889804 0.00269991
-24.7374 83.5682 1.93161 -0.483355 -0.875411 -0.0048517
-23.8439 83.0346 1.94411 -0.521332 -0.853179 0.0172871
-22.8973 82.4393 1.95685 -0.544014 -0.839042 0.00752604
-22.2555 82.0136 1.96388 -0.563425 -0.826084 0.0117069
-22.2068 81.9827 2.95588 -0.558811 -0.829294 0.000924439
-23.0964 82.5743 2.93846 -0.539321 -0.842091 0.00406193
-24.0024 83.1378 2.92041 -0.519132 -0.854693 -0.0013871
-24.9195 83.6693 2.89468 -0.479102 -0.877749 0.00418941
-25.907 84.1868 2.86886 -0.457157 -0.889328 0.0102117
-26.948 84.6967 2.84169 -0.428112 -0.903726 -0.000260145
-27.9825 85.1481 2.81628 -0.37697 -0.92622 -0.00315342
-28.9163 85.5095 2.79723 -0.338892 -0.940759 -0.011145
-29.9639 85.8761 2.77615 -0.320453 -0.947202 -0.0108884
-31.0461 86.2197 2.75596 -0.292652 -0.956218 -0.00107399
-32.0443 86.5161 2.74189 -0.27615 -0.961114 -0.00103476
-33.0447 86.7921 2.7296 -0.254676 -0.967003 -0.00676079
-34.0787 87.0499 2.72092 -0.238678 -0.971083 -0.00546171
-34.6894 87.2003 2.71693 -0.240153 -0.97072 -0.00547786
-34.5833 87.17 3.61982 -0.241966 -0.97028 -0.00312899
-33.5395 86.9097 3.63061 -0.245582 -0.969347 -0.00745296
-32.3686 86.6026 3.64839 -0.262781 -0.964825 -0.00765855
-31.3685 86.316 3.66702 -0.285588 -0.958349 -0.00260538
-30.3956 86.0133 3.68889 -0.308411 -0.951224 -0.00741222
-29.3789 85.668 3.71402 -0.336834 -0.941553 -0.00445059
-28.4395 85.3247 3.74165 -0.357408 -0.933947 -0.00148758
-27.3914 84.886 3.7756 -0.400492 -0.916256 -0.00898644
-26.4649 84.4669 3.80711 -0.418347 -0.908287 -0.000364146
-25.4627 83.9611 3.84311 -0.464109 -0.885778 2.84654e-05
-24.4863 83.4238 3.8781 -0.500719 -0.865604 0.00321938
-23.5957 82.8875 3.91044 -0.525737 -0.850641 -0.0033496
-22.6996 82.3163 3.93565 -0.548252 -0.836312 -0.00126415
-22.2702 82.0253 3.94839 -0.565398 -0.824799 -0.00567735
-22.208 81.9754 4.94271 -0.571985 -0.820258 0.00307189
-23.0372 82.5384 4.91578 -0.545451 -0.838129 0.00480751
-23.9089 83.0802 4.87988 -0.517283 -0.855763 0.00940379
-24.8243 83.6179 4.8378 -0.483279 -0.875318 0.016119
-25.7693 84.1243 4.7912 -0.458624 -0.888629 -0.00143925
-26.6892 84.5686 4.74698 -0.409299 -0.912399 -0.00117698
-27.6181 84.9791 4.70853 -0.391082 -0.920343 -0.00491765
-28.5921 85.3699 4.66936 -0.351756 -0.935976 -0.0147031
-29.5667 85.727 4.63147 -0.334678 -0.942112 -0.0203776
-30.6173 86.0807 4.59737 -0.312336 -0.949965 -0.00350368
-31.5977 86.3811 4.57156 -0.281303 -0.959618 0.00146794
-32.7129 86.6893 4.55039 -0.256909 -0.966427 -0.0039388
-33.709 86.9475 4.53385 -0.246491 -0.969138 -0.00371787
-34.6524 87.1848 4.51989 -0.241251 -0.970455 -0.00381714
-34.5731 87.1611 5.42034 -0.240166 -0.970722 -0.00444606
-33.5996 86.9161 5.43599 -0.247042 -0.968994 -0.0044675
-32.5998 86.6565 5.45353 -0.259352 -0.965756 -0.00727848
-31.6188 86.3841 5.47926 -0.286005 -0.958214 -0.00527344
-30.65 86.0868 5.50861 -0.301885 -0.953337 -0.00365555
-29.651 85.7477 5.54943 -0.338144 -0.941079 -0.00528133
-28.7028 85.3992 5.59288 -0.353287 -0.935505 -0.0042269
-27.6712 84.9957 5.64278 -0.380731 -0.924657 -0.00723754
-26.7513 84.6015 5.6952 -0.39965 -0.916665 0.00213391
-26.7147 84.5855 5.69708 -0.40995 -0.912107 0.00117457
-26.6986 84.5781 5.69782 -0.418631 -0.908147 -0.00415009
