37.2916 86.4586 3.55748 -0.47869 -0.877982 0.0018794
37.3032 86.4581 2.42956 -0.483049 -0.875568 -0.00601836
37.3024 86.4625 1.39263 -0.486615 -0.87359 -0.0068467
37.3295 86.4523 0.311295 -0.477954 -0.878339 -0.00574123
37.308 86.4628 -0.899737 -0.477564 -0.878577 0.00544655
37.3103 86.4614 -2.01565 -0.482684 -0.875734 -0.0103222
37.3391 86.46 -3.19901 -0.481106 -0.876638 -0.00656011
37.3424 86.4623 -4.2367 -0.482277 -0.876001 -0.00556847
37.34 86.4689 -5.30962 -0.480385 -0.877041 -0.00533255
37.7195 86.2672 -6.05294 -0.479118 -0.877718 -0.00762165
38.6079 85.7737 -6.09785 -0.488914 -0.872302 -0.00719046
39.6785 85.1684 -6.06298 -0.495537 -0.868552 -0.00706184
40.5963 84.6347 -6.06054 -0.508288 -0.861167 -0.00458132
41.4809 84.1084 -6.04743 -0.510977 -0.859566 -0.00697981
42.385 83.5719 -6.08361 -0.510472 -0.859871 -0.00631614
43.3837 82.9695 -6.08657 -0.521488 -0.853226 -0.00695361
44.3085 82.396 -6.06139 -0.529213 -0.848467 -0.00606695
45.286 81.78 -6.07265 -0.535865 -0.844289 -0.00488108
46.1452 81.233 -5.9273 -0.536945 -0.843609 -0.0036246
46.1862 81.2016 -4.79011 -0.537157 -0.843471 -0.00428554
46.2101 81.1812 -3.75226 -0.538167 -0.842831 -0.00349159
46.209 81.1779 -2.67768 -0.539387 -0.842052 -0.00322551
46.2398 81.1532 -1.6545 -0.537549 -0.843218 -0.00489246
46.2605 81.1337 -0.601008 -0.540302 -0.841452 -0.00566686
46.2721 81.1158 0.529643 -0.539903 -0.841703 -0.0064094
46.2559 81.1157 1.64348 -0.541163 -0.840872 -0.00866203
46.2403 81.1142 2.77143 -0.543442 -0.839383 -0.0103126
46.2721 81.0786 3.92262 -0.542075 -0.840287 -0.00849757
46.2934 81.0532 5.0378 -0.542441 -0.840045 -0.00903538
46.2061 81.0996 6.02146 -0.541998 -0.840343 -0.00781563
45.3129 81.6721 6.06761 -0.537971 -0.842919 -0.00863103
44.2832 82.3258 6.08377 -0.533239 -0.845909 -0.00966974
43.3982 82.8756 6.09448 -0.524955 -0.851115 -0.00509642
42.5005 83.4238 6.08219 -0.519335 -0.854558 -0.00469432
41.6443 83.9406 6.11126 -0.515454 -0.856888 -0.00709989
40.756 84.4683 6.0815 -0.505465 -0.862828 -0.00573148
39.856 84.9951 6.09341 -0.503262 -0.864117 -0.00509613
38.9347 85.5287 6.10493 -0.498661 -0.866775 -0.00627842
37.9225 86.104 6.06056 -0.490751 -0.871288 -0.00455117
37.3145 86.444 5.62912 -0.477327 -0.878698 -0.0070339
37.3156 86.449 4.60004 -0.483563 -0.875308 -0.00135598
37.2919 86.4585 3.61173 -0.479013 -0.877806 0.00149719
36.4384 86.9187 3.65818 -0.462744 -0.886468 -0.00658129
36.4616 86.9143 2.46354 -0.471483 -0.881852 -0.00580947
36.4654 86.9153 1.42876 -0.466909 -0.884302 0.000745242
36.4831 86.9031 0.428139 -0.463836 -0.885915 -0.000717374
36.473 86.9122 -0.583326 -0.4634 -0.886143 -0.00157459
36.4647 86.9203 -1.59452 -0.475709 -0.879593 -0.00402312
36.4914 86.9152 -2.79611 -0.464366 -0.885631 -0.00456748
36.493 86.9183 -3.81661 -0.458584 -0.888648 -0.00118766
36.4946 86.9246 -4.8285 -0.471013 -0.882078 -0.00921249
36.5114 86.922 -5.87176 -0.476685 -0.879048 -0.00664146
36.6077 86.8813 -6.91784 -0.474215 -0.880324 -0.0122511
37.4455 86.4274 -7.03126 -0.482164 -0.87602 -0.0098698
38.3251 85.9391 -7.04875 -0.487355 -0.873186 -0.00569997
39.2361 85.4268 -7.03958 -0.49434 -0.869255 -0.00426192
40.1477 84.9033 -7.01939 -0.501343 -0.865241 -0.00349797
41.0274 84.3871 -7.04753 -0.511206 -0.859421 -0.00786777
41.9253 83.8516 -7.04128 -0.512067 -0.858922 -0.00637822
42.868 83.2905 -7.0546 -0.512264 -0.858814 -0.00496277
43.7839 82.7307 -7.0479 -0.527247 -0.849685 -0.00634562
44.6782 82.1706 -7.04619 -0.532391 -0.846483 -0.00509824
45.6066 81.5816 -7.04882 -0.537343 -0.843352 -0.00455378
46.4974 81.0138 -7.03919 -0.537626 -0.843175 -0.00389055
47.0151 80.6783 -6.2641 -0.540656 -0.841234 -0.00398593
46.9978 80.682 -5.0618 -0.544861 -0.838513 -0.00483906
47.0202 80.66 -4.0186 -0.544861 -0.838522 -0.00255048
47.0213 80.6549 -2.97736 -0.548 -0.836472 -0.00299191
47.0313 80.6445 -1.95303 -0.547981 -0.836488 -0.00215952
47.0513 80.6255 -0.911832 -0.548481 -0.83612 -0.00835957
47.0497 80.6143 0.225635 -0.547588 -0.836688 -0.010042
47.0734 80.5884 1.25691 -0.548838 -0.835882 -0.00883677
47.0666 80.5823 2.30808 -0.547506 -0.836737 -0.010378
47.0739 80.5658 3.33901 -0.546649 -0.837302 -0.00987491
47.0896 80.5446 4.37464 -0.545761 -0.837905 -0.00769213
47.1115 80.5186 5.43156 -0.547259 -0.836915 -0.00904
47.0986 80.5172 6.5383 -0.545117 -0.838331 -0.00698735
46.5309 80.8803 7.04836 -0.543087 -0.83963 -0.00880184
45.5482 81.5118 7.05692 -0.537679 -0.843102 -0.00901102
44.5612 82.1388 7.05101 -0.533902 -0.845498 -0.00906637
43.6701 82.6979 7.05051 -0.529405 -0.848291 -0.0115067
42.7048 83.2952 7.03349 -0.521247 -0.853398 -0.0034853
41.7405 83.8749 7.067 -0.512579 -0.858594 -0.00885948
40.8055 84.4318 7.05097 -0.510201 -0.860026 -0.00675097
39.9188 84.9512 7.0574 -0.501435 -0.865167 -0.00678929
39.0066 85.4786 7.07058 -0.499829 -0.866079 -0.0088106
38.0644 86.0182 7.00183 -0.487957 -0.872856 -0.00276134
37.1166 86.5323 7.0541 -0.469275 -0.882822 -0.020168
36.4568 86.8873 6.58402 -0.455365 -0.89022 -0.0122801
36.4344 86.9049 5.51645 -0.443291 -0.896317 -0.0104632
36.4445 86.9134 4.37929 -0.460875 -0.887282 -0.0125397
36.442 86.9152 3.86874 -0.462744 -0.886468 -0.00658129
37.7757 86.1924 3.60604 -0.484532 -0.874772 0.00166628
38.7585 85.6371 3.60717 -0.494891 -0.868955 -0.000678084
39.6522 85.1233 3.60961 -0.499779 -0.86615 -0.00210934
40.6034 84.57 3.61308 -0.504936 -0.86315 -0.00335817
41.5582 84.0059 3.61679 -0.51099 -0.859576 -0.00424783
42.4217 83.489 3.6199 -0.515479 -0.856889 -0.00488851
43.4267 82.8771 3.62369 -0.523296 -0.852123 -0.00690453
44.3001 82.3374 3.62523 -0.526894 -0.849904 -0.00672252
45.1921 81.7738 3.6255 -0.53757 -0.843184 -0.00774845
45.8069 81.3806 3.62397 -0.540159 -0.841519 -0.00868271
45.7771 81.4115 2.70729 -0.539728 -0.841779 -0.0101151
44.8554 81.9953 2.71003 -0.531795 -0.846847 -0.00668725
43.9173 82.5811 2.71033 -0.525754 -0.850614 -0.00618745
43.0229 83.1301 2.70921 -0.520276 -0.85398 -0.00555014
42.0712 83.7053 2.70821 -0.51409 -0.857722 -0.00502378
41.1927 84.2275 2.70687 -0.506649 -0.862149 -0.00234315
40.3039 84.7484 2.70528 -0.503534 -0.863969 -0.00331957
39.4376 85.2493 2.70451 -0.496331 -0.868133 -0.00113543
38.4995 85.7847 2.70375 -0.493921 -0.869503 0.00236498
37.7476 86.2085 2.70394 -0.488767 -0.872413 -0.00139642
37.7539 86.2061 1.80055 -0.490736 -0.871292 -0.00537161
38.7471 85.6443 1.79953 -0.492568 -0.870273 -0.00159397
39.6536 85.1284 1.79878 -0.498816 -0.866704 -0.00248282
40.6876 84.5267 1.79861 -0.504164 -0.863596 -0.00458307
41.6295 83.9742 1.7982 -0.508319 -0.861158 -0.00422662
42.5405 83.4273 1.79773 -0.517398 -0.855734 -0.0042705
43.3991 82.906 1.7971 -0.520242 -0.854006 -0.00475768
44.2499 82.3802 1.79572 -0.528625 -0.848836 -0.00572351
45.2879 81.7297 1.79372 -0.53147 -0.847062 -0.00504078
45.8298 81.388 1.79194 -0.536081 -0.844135 -0.00734375
45.8023 81.4128 0.876662 -0.534206 -0.845317 -0.00792856
44.8956 81.9828 0.87998 -0.530917 -0.847387 -0.00787687
43.8997 82.6041 0.883283 -0.52672 -0.850021 -0.0054371
42.9645 83.1758 0.885966 -0.518756 -0.854908 -0.00504622
42.0635 83.7203 0.888176 -0.515298 -0.856998 -0.00472229
41.1387 84.269 0.890176 -0.506102 -0.862441 -0.00752662
40.233 84.799 0.892252 -0.50349 -0.863955 -0.00887774
39.3068 85.3341 0.894 -0.495042 -0.868833 -0.00793877
38.3665 85.8672 0.895813 -0.492263 -0.870392 -0.00974172
37.8924 86.1352 0.896844 -0.49057 -0.871314 -0.0123269
37.753 86.2232 -0.00565464 -0.489473 -0.872019 0.000377825
38.6437 85.7199 -0.00856435 -0.491469 -0.870852 -0.00862448
39.6586 85.1425 -0.012136 -0.49926 -0.866434 -0.00566619
40.5835 84.6033 -0.0155652 -0.505362 -0.86287 -0.0080908
41.5822 84.0156 -0.0195584 -0.508628 -0.860959 -0.00685976
42.5522 83.4324 -0.0236317 -0.516901 -0.856011 -0.00765051
43.421 82.904 -0.027403 -0.522106 -0.852853 -0.00686725
44.2813 82.3738 -0.0314856 -0.526607 -0.850091 -0.00545542
45.2117 81.7941 -0.0361346 -0.532121 -0.846618 -0.00925956
45.7822 81.4341 -0.0393668 -0.537834 -0.843027 -0.00633026
45.8191 81.4169 -0.954699 -0.535684 -0.844408 -0.00419242
44.9355 81.9733 -0.949255 -0.530236 -0.847835 -0.0050311
44.0782 82.5041 -0.94382 -0.525325 -0.850893 -0.00399868
43.1859 83.0541 -0.938246 -0.521878 -0.853011 -0.00404573
42.2782 83.6056 -0.932533 -0.51627 -0.856402 -0.0063456
41.3188 84.1797 -0.926796 -0.510517 -0.859834 -0.00764465
40.3748 84.7335 -0.92134 -0.502748 -0.864409 -0.00640627
39.4866 85.2473 -0.916613 -0.499522 -0.866301 -0.00107485
38.5552 85.7741 -0.911435 -0.487363 -0.873199 -0.000631302
37.7281 86.2339 -0.908057 -0.480397 -0.877026 0.00661615
37.9168 86.1278 -1.81261 -0.478092 -0.878307 -0.00205382
38.8766 85.5962 -1.81809 -0.488662 -0.872461 -0.00452877
39.8817 85.0235 -1.82417 -0.497626 -0.867384 -0.00372169
40.7743 84.5069 -1.83089 -0.504119 -0.863578 -0.00984728
41.6619 83.9812 -1.83768 -0.51224 -0.858826 -0.00539518
42.6605 83.3805 -1.84539 -0.519374 -0.854535 -0.004548
43.5693 82.8231 -1.85301 -0.524838 -0.851187 -0.00504736
44.5103 82.2416 -1.86027 -0.526973 -0.849866 -0.00517564
45.3638 81.7096 -1.86702 -0.534152 -0.845372 -0.00518644
45.7959 81.4365 -1.87017 -0.534545 -0.845129 -0.00425785
45.7685 81.4584 -2.78439 -0.53601 -0.844205 -0.00339119
44.894 82.0094 -2.77718 -0.528957 -0.848641 -0.00350355
44.0155 82.5537 -2.76976 -0.525428 -0.850824 -0.00492448
43.0922 83.1225 -2.76067 -0.524034 -0.851681 -0.00527956
42.1843 83.6737 -2.75155 -0.516029 -0.856551 -0.005867
41.3072 84.1993 -2.74279 -0.511333 -0.859354 -0.0069813
40.4087 84.7261 -2.73446 -0.500471 -0.865718 -0.00775684
39.4639 85.2694 -2.72661 -0.495567 -0.868532 -0.0080989
38.5763 85.7705 -2.72004 -0.488319 -0.872621 -0.00873472
37.9302 86.1306 -2.7157 -0.484044 -0.875023 -0.00606129
37.8641 86.1716 -3.6154 -0.484224 -0.874942 -0.00197342
38.8549 85.6212 -3.62415 -0.490453 -0.871456 -0.00455822
39.8607 85.0491 -3.63443 -0.496514 -0.867998 -0.00730278
40.8139 84.4966 -3.64479 -0.506014 -0.86251 -0.00512134
41.6846 83.9785 -3.65523 -0.513573 -0.858039 -0.00350967
42.5704 83.4464 -3.66639 -0.516295 -0.856405 -0.00301383
43.5076 82.8731 -3.67787 -0.523929 -0.851735 -0.00680807
44.4876 82.2668 -3.68843 -0.529479 -0.848312 -0.00427102
45.355 81.7236 -3.6972 -0.533604 -0.845728 -0.00321834
45.7712 81.4605 -3.70074 -0.534797 -0.844973 -0.00348552
45.7455 81.4811 -4.61736 -0.536319 -0.844001 -0.00492892
44.8442 82.0496 -4.608 -0.531441 -0.847072 -0.00633735
43.9934 82.5804 -4.59786 -0.526338 -0.850242 -0.00758873
43.0526 83.1598 -4.58396 -0.521425 -0.853245 -0.00941077
42.1875 83.6808 -4.57182 -0.513302 -0.858197 -0.00435402
41.2553 84.2372 -4.55779 -0.513427 -0.858134 0.000228094
40.226 84.844 -4.54306 -0.503505 -0.863986 -0.00339424
39.2207 85.4174 -4.52975 -0.491847 -0.870675 -0.0032174
38.2695 85.9518 -4.5187 -0.486134 -0.873877 -0.00363217
37.8427 86.1886 -4.51401 -0.481926 -0.876199 -0.00478073
37.9304 86.1451 -5.41335 -0.484424 -0.874812 -0.00612996
38.859 85.6269 -5.42605 -0.491398 -0.870911 -0.00656434
39.8441 85.0686 -5.44146 -0.496371 -0.868084 -0.00674297
40.719 84.5579 -5.45644 -0.510212 -0.860025 -0.0064051
41.6226 84.0194 -5.47192 -0.510937 -0.859588 -0.00716002
42.601 83.4394 -5.48894 -0.513476 -0.858097 -0.00348104
43.4911 82.898 -5.5048 -0.523852 -0.851785 -0.00648605
44.3515 82.3653 -5.51864 -0.529681 -0.848178 -0.00566071
45.2039 81.8293 -5.53079 -0.535951 -0.844234 -0.00502272
45.6309 81.5585 -5.53551 -0.535553 -0.844495 -0.00344627
45.8324 81.3553 4.54377 -0.54127 -0.840805 -0.00852529
44.95 81.9193 4.5433 -0.536362 -0.843948 -0.00820732
44.04 82.4924 4.54008 -0.528061 -0.849197 -0.00389727
43.1046 83.0678 4.53535 -0.521361 -0.853319 -0.00546054
42.1557 83.6438 4.52987 -0.516102 -0.856514 -0.00477939
41.2513 84.1842 4.52443 -0.51046 -0.859898 -0.0026634
40.3192 84.7323 4.51866 -0.503956 -0.86372 -0.00395188
39.4322 85.2474 4.51323 -0.500743 -0.865593 -0.00242023
38.4308 85.8234 4.50878 -0.494315 -0.869279 -0.00256986
37.8345 86.1608 4.50646 -0.488846 -0.87237 -0.000581023
37.7738 86.1912 5.40547 -0.489445 -0.872028 -0.00332331
38.6893 85.674 5.41139 -0.493553 -0.869701 -0.00508341
39.5665 85.1673 5.41818 -0.504315 -0.863512 -0.00351717
40.4355 84.6598 5.42487 -0.504735 -0.863262 -0.00460443
41.3734 84.1076 5.43333 -0.5118 -0.859085 -0.00583109
42.274 83.5653 5.44327 -0.51839 -0.855117 -0.00685347
43.1446 83.0356 5.44988 -0.520534 -0.853819 -0.00605856
44.1184 82.4358 5.45749 -0.529102 -0.848547 -0.00440164
44.9678 81.8988 5.46248 -0.535525 -0.844476 -0.00858683
45.6081 81.4897 5.46407 -0.539956 -0.841647 -0.00887309
45.7212 81.4171 5.46452 -0.540501 -0.841296 -0.0089181
