-35.4766 88.5884 -0.489194 -0.198231 -0.980155 0.00102007
-35.4542 88.5839 -1.66809 -0.203093 -0.979159 -0.0009171
-35.4322 88.5738 -2.72296 -0.201307 -0.979507 0.00642766
-35.4254 88.5656 -3.87356 -0.199884 -0.979818 0.00174228
-35.4432 88.5669 -5.00992 -0.192796 -0.981234 0.00302997
-35.3147 88.536 -6.02279 -0.193648 -0.981007 0.0094375
-34.3103 88.32 -6.10371 -0.224843 -0.97437 0.00702497
-33.3259 88.0897 -6.13471 -0.231076 -0.972934 0.00124419
-32.334 87.845 -6.10022 -0.255379 -0.966839 0.00191149
-31.3413 87.5795 -6.10576 -0.263823 -0.96457 -0.00109842
-30.3037 87.2733 -6.09555 -0.300624 -0.95373 0.00156489
-29.3456 86.9577 -6.10524 -0.326971 -0.945029 0.00237653
-28.3757 86.6033 -6.105 -0.358402 -0.933545 0.00642154
-27.415 86.2085 -6.14035 -0.400989 -0.91599 -0.0120189
-26.3827 85.7415 -6.12323 -0.420797 -0.907125 -0.00732435
-25.4295 85.2756 -6.12001 -0.460969 -0.887373 0.00874666
-24.5279 84.7854 -6.10127 -0.49084 -0.871237 0.00207662
-23.6269 84.2496 -6.09639 -0.530561 -0.847638 0.00374858
-22.7467 83.6865 -6.09696 -0.544046 -0.839045 -0.00395801
-21.7607 83.0401 -6.12604 -0.56161 -0.827389 0.00469315
-20.9223 82.4468 -6.06685 -0.596773 -0.802395 -0.0049276
-20.6642 82.2455 -5.14585 -0.602905 -0.797803 -0.00391436
-20.6626 82.2465 -4.1077 -0.593849 -0.804573 0.00052078
-20.6436 82.231 -3.00657 -0.593889 -0.804533 0.00467581
-20.7063 82.269 -1.85929 -0.595138 -0.803615 -0.00368506
-20.6661 82.2406 -0.8266 -0.596983 -0.802243 0.0042092
-20.6745 82.2574 0.179856 -0.596403 -0.80268 0.00289101
-20.6562 82.2497 1.23138 -0.594472 -0.804106 -0.00400416
-20.6598 82.2496 2.27506 -0.600546 -0.799566 -0.00485859
-20.6837 82.264 3.4214 -0.603984 -0.796991 0.00298397
-20.6563 82.2531 4.43418 -0.599359 -0.800449 0.00703284
-20.6705 82.2672 5.66863 -0.584056 -0.811713 -0.000778928
-21.2527 82.6859 6.12186 -0.577556 -0.816351 -0.000500172
-22.1849 83.3355 6.11284 -0.567667 -0.823258 -0.000142696
-23.2124 84.0105 6.13504 -0.534742 -0.844981 0.0045688
-24.0845 84.5395 6.13247 -0.508498 -0.861025 0.00126091
-25.0706 85.0833 6.11622 -0.465097 -0.885248 0.00416242
-26.0072 85.5619 6.12339 -0.445223 -0.895416 0.00137001
-26.9629 86.0016 6.10719 -0.400688 -0.916214 -0.000345646
-27.8846 86.3937 6.09426 -0.376744 -0.926212 -0.00717067
-28.8881 86.7741 6.10131 -0.337274 -0.941366 -0.00871997
-29.926 87.1315 6.12871 -0.317798 -0.948151 -0.00365308
-30.9789 87.4663 6.12745 -0.286857 -0.957962 -0.00106953
-32.003 87.757 6.08832 -0.255395 -0.966823 -0.00522664
-33.0961 88.037 6.09228 -0.244773 -0.96958 6.4786e-05
-34.2099 88.3086 6.09546 -0.229229 -0.97337 -0.00213591
-35.2935 88.5469 6.02185 -0.201987 -0.979388 0.0003598
-35.385 88.5664 5.02638 -0.201139 -0.979548 0.00540138
-35.4172 88.5694 3.98597 -0.195564 -0.980691 -0.000313777
-35.4221 88.5704 2.85421 -0.196991 -0.980403 0.00216937
-35.4305 88.5701 1.80902 -0.192716 -0.981255 -2.53834e-05
-35.4295 88.5721 0.737459 -0.199774 -0.97982 -0.0065547
-35.4716 88.5876 -0.282164 -0.197848 -0.980231 -0.000513075
-35.4754 88.5882 -0.434041 -0.198231 -0.980155 0.00102007
-36.3936 88.7666 -0.421049 -0.175839 -0.98439 -0.00561164
-36.3896 88.7685 -1.51122 -0.162333 -0.986733 -0.00246936
-36.3526 88.7611 -2.52593 -0.194575 -0.980883 0.0030823
-36.3477 88.7541 -3.60734 -0.193537 -0.980991 0.0141126
-36.3658 88.744 -4.63009 -0.177647 -0.983949 0.0165086
-36.3908 88.7348 -5.80874 -0.17164 -0.985154 -0.00339057
-36.3458 88.7339 -6.81372 -0.179046 -0.983796 -0.00934368
-35.4492 88.5557 -7.05524 -0.208776 -0.977896 0.0113041
-34.4682 88.349 -7.06856 -0.20849 -0.977999 0.00708599
-33.3439 88.0937 -7.06378 -0.229971 -0.973194 0.00275994
-32.2797 87.8296 -7.04117 -0.248474 -0.968628 0.00351483
-31.2617 87.5547 -7.04451 -0.271451 -0.96236 0.013311
-30.2876 87.263 -7.03732 -0.302495 -0.953111 0.00870115
-29.2743 86.9306 -7.06769 -0.320984 -0.947081 0.0024599
-28.1978 86.5272 -7.06555 -0.367977 -0.929816 0.00588491
-27.2009 86.1201 -7.08883 -0.393658 -0.919149 -0.00975898
-26.0698 85.5949 -7.06062 -0.442081 -0.896919 0.00999066
-25.0523 85.0756 -7.06966 -0.469645 -0.882844 0.00450027
-24.0423 84.5044 -7.03752 -0.499273 -0.866427 -0.00562716
-23.0869 83.9134 -7.05064 -0.539208 -0.842153 -0.00581725
-22.2448 83.3673 -7.05452 -0.553133 -0.833093 -0.000951711
-21.3353 82.753 -7.05783 -0.574063 -0.818757 0.000283206
-20.4891 82.1342 -7.03611 -0.605024 -0.796167 -0.0080336
-19.9223 81.6927 -6.64166 -0.617357 -0.786623 -0.00972072
-19.915 81.6757 -5.498 -0.612016 -0.790825 -0.00553812
-19.9018 81.6644 -4.41116 -0.611067 -0.791574 0.00267527
-19.897 81.6606 -3.40734 -0.61554 -0.788096 -0.00383487
-19.92 81.6719 -2.27672 -0.62028 -0.784347 -0.00730771
-19.9216 81.6705 -1.24087 -0.620339 -0.784288 0.00845634
-19.9265 81.6831 -0.194302 -0.616142 -0.787597 0.00774964
-19.9053 81.6715 0.976238 -0.617038 -0.786933 -0.000456142
-19.9073 81.6733 2.07886 -0.61517 -0.788393 -0.00182318
-19.9249 81.684 3.15278 -0.608154 -0.79381 -0.00213527
-19.8976 81.6698 4.24333 -0.615307 -0.788246 0.00802225
-19.8979 81.676 5.25815 -0.618118 -0.786085 0.00125435
-19.9047 81.6777 6.32466 -0.616242 -0.787546 -0.00407001
-20.343 82.0061 7.05938 -0.607084 -0.794597 -0.00809056
-21.1635 82.6198 7.06493 -0.58926 -0.807938 -0.00317837
-22.0303 83.2301 7.04693 -0.567307 -0.823505 0.0015283
-22.9492 83.8553 7.07389 -0.549472 -0.835417 0.00535719
-23.9277 84.4515 7.06013 -0.503674 -0.863888 -0.00323304
-24.8608 84.9782 7.05706 -0.474742 -0.880059 0.00361515
-25.8251 85.4687 7.05675 -0.439743 -0.898061 -0.0106282
-26.7294 85.8988 7.05637 -0.413882 -0.91033 -0.000733198
-27.6748 86.3039 7.05168 -0.375105 -0.926921 -0.0101507
-28.6856 86.6991 7.06462 -0.347893 -0.937528 -0.00336027
-29.6659 87.0393 7.05655 -0.321183 -0.947009 -0.00390064
-30.627 87.3559 7.07743 -0.304515 -0.952504 -0.00268713
-31.6533 87.6572 7.06204 -0.271717 -0.962335 -0.00864572
-32.7418 87.9453 7.05425 -0.244349 -0.969681 -0.00351332
-33.839 88.216 7.06603 -0.234783 -0.972035 -0.00506592
-34.8895 88.4559 7.04423 -0.208258 -0.978034 -0.00771557
-35.995 88.6736 7.0623 -0.184922 -0.982695 -0.0107186
-36.3154 88.744 6.18664 -0.185899 -0.982514 -0.0102479
-36.3216 88.7535 5.1329 -0.192383 -0.981316 0.00244172
-36.3433 88.7541 4.09759 -0.196575 -0.980487 0.0019463
-36.3462 88.7539 3.08104 -0.183448 -0.983028 -0.000324786
-36.3438 88.7493 1.8961 -0.189213 -0.981918 0.0059866
-36.3546 88.7499 0.848404 -0.18989 -0.981802 -0.00256364
-36.3852 88.7635 -0.250192 -0.180058 -0.983628 -0.00713477
-34.9712 88.481 -0.00709262 -0.206791 -0.978381 -0.00293754
-33.9588 88.2573 -0.00665081 -0.226692 -0.973966 0.00121389
-32.9538 88.015 -0.00571041 -0.240159 -0.970733 0.000214402
-31.9331 87.7511 -0.00583896 -0.256202 -0.966621 0.00209718
-30.9661 87.4783 -0.0039227 -0.281452 -0.959563 0.004886
-29.9767 87.1783 -0.00498856 -0.314578 -0.949227 -0.00308106
-28.9616 86.8255 -0.00693408 -0.344327 -0.938844 -0.00338505
-28.0075 86.4571 -0.00776498 -0.374179 -0.927357 -6.16e-05
-27.0015 86.0258 -0.00797417 -0.414741 -0.909922 0.00564901
-26.0954 85.597 -0.00803239 -0.438709 -0.898534 0.0131232
-25.0586 85.0559 -0.00901152 -0.473987 -0.880531 -0.000942448
-24.1772 84.5638 -0.0101336 -0.503368 -0.864071 -0.0012267
-23.2309 83.997 -0.012173 -0.519484 -0.85448 0.000693752
-22.2802 83.3839 -0.0126524 -0.55101 -0.834428 0.0108669
-21.3051 82.7107 -0.0135214 -0.578857 -0.815412 0.00535986
-21.0876 82.5562 -0.0142657 -0.581326 -0.813637 0.00739822
-21.1026 82.557 -1.01685 -0.583585 -0.812052 0.000158976
-22.0195 83.1991 -1.01171 -0.561212 -0.827672 -0.000911163
-23.0206 83.8571 -1.00299 -0.538879 -0.842383 0.000703059
-24.0277 84.4801 -0.991096 -0.504544 -0.863386 0.000396714
-24.9168 84.9802 -0.981687 -0.47631 -0.879244 -0.00767876
-25.8309 85.4569 -0.971859 -0.442175 -0.896926 0.00239844
-26.7394 85.896 -0.962702 -0.427955 -0.903735 0.0108622
-27.7781 86.361 -0.953181 -0.387309 -0.921949 0.00163118
-28.7888 86.7578 -0.944254 -0.353696 -0.935359 -0.0016057
-29.8721 87.1442 -0.936836 -0.321764 -0.946818 -0.00176164
-30.8355 87.4398 -0.931495 -0.282718 -0.959195 -0.00389851
-31.8569 87.7285 -0.925039 -0.262596 -0.964905 -0.00150331
-32.8633 87.9934 -0.920125 -0.247952 -0.968771 -0.00137736
-33.8353 88.2316 -0.916278 -0.226903 -0.973899 -0.00596995
-34.9083 88.4669 -0.914606 -0.210928 -0.977498 0.00250152
-34.9718 88.4806 -0.914337 -0.210938 -0.977496 0.00248808
-34.8838 88.4621 -1.82223 -0.211129 -0.977454 0.00287929
-33.7606 88.2137 -1.82851 -0.231161 -0.972914 -0.00200232
-32.7068 87.9516 -1.83581 -0.250491 -0.968119 0.000303124
-31.6045 87.6607 -1.84481 -0.260857 -0.965377 -0.000392068
-30.5477 87.3599 -1.85566 -0.292576 -0.956217 -0.0069414
-29.4707 87.0088 -1.87032 -0.326238 -0.945287 0.00105768
-28.4408 86.6252 -1.8892 -0.36094 -0.932586 0.0023207
-27.4514 86.2185 -1.9058 -0.397213 -0.917715 0.00448727
-26.5404 85.7962 -1.92054 -0.429395 -0.903117 0.000293179
-25.6171 85.3473 -1.93918 -0.451358 -0.892343 0.000152495
-24.6079 84.814 -1.96055 -0.479908 -0.877299 -0.00592066
-23.6863 84.2796 -1.97786 -0.521667 -0.853107 -0.00850026
-22.686 83.6499 -1.99718 -0.547645 -0.836659 -0.00933949
-21.851 83.0913 -2.01049 -0.568519 -0.822661 -0.00392074
-21.1274 82.5783 -2.01678 -0.586599 -0.809859 -0.00548308
-21.0632 82.5352 -3.03061 -0.578703 -0.815536 -0.00198836
-21.9782 83.1773 -3.01115 -0.567643 -0.823275 -0.000727753
-22.947 83.8242 -2.98279 -0.540625 -0.84126 -0.00238382
-23.9569 84.4472 -2.95549 -0.516263 -0.85643 0.000472739
-24.9484 84.9991 -2.92313 -0.470136 -0.882594 -0.000599098
-25.9166 85.4958 -2.89393 -0.439886 -0.898051 -0.00200096
-26.8397 85.9379 -2.86872 -0.41832 -0.908298 -0.00186152
-27.8883 86.3997 -2.84337 -0.382495 -0.923957 -8.66954e-05
-28.8991 86.801 -2.82005 -0.350335 -0.936618 -0.00360843
-29.9999 87.184 -2.79164 -0.310476 -0.950575 0.00342588
-30.9819 87.4832 -2.77129 -0.275125 -0.961391 -0.00576642
-31.9796 87.7596 -2.75665 -0.257928 -0.966157 0.00361995
-33.1383 88.0577 -2.74178 -0.24083 -0.970547 0.00627672
-34.1717 88.3047 -2.73194 -0.224522 -0.974444 0.00694839
-34.9613 88.4755 -2.72809 -0.20628 -0.978448 0.00942717
-34.9357 88.4633 -3.63023 -0.204402 -0.978847 0.00883002
-33.8766 88.2307 -3.63992 -0.226492 -0.973982 0.00781209
-32.8009 87.9695 -3.65494 -0.24638 -0.969173 -0.000963775
-31.7772 87.7018 -3.67482 -0.26193 -0.965071 0.00547023
-30.7535 87.4148 -3.69925 -0.280763 -0.959752 0.00689548
-29.7802 87.1092 -3.72803 -0.313994 -0.949421 0.00286372
-28.6646 86.7123 -3.76275 -0.364193 -0.931323 0.000898394
-27.602 86.2802 -3.79664 -0.391282 -0.920261 -0.00425452
-26.5711 85.8118 -3.83004 -0.42249 -0.906366 -0.00174058
-25.6665 85.3757 -3.86757 -0.44935 -0.893351 -0.00291196
-24.7331 84.8888 -3.90497 -0.475494 -0.879664 -0.00978798
-23.7451 84.327 -3.9467 -0.505017 -0.863106 -0.00258542
-22.7701 83.714 -3.9833 -0.543065 -0.839672 -0.00562976
-21.8803 83.1116 -4.01553 -0.566502 -0.82401 -0.00912693
-21.2113 82.6444 -4.03839 -0.575901 -0.817496 -0.00621417
-21.0914 82.5646 -5.05682 -0.595269 -0.803501 -0.00637614
-21.9533 83.1709 -5.02324 -0.562897 -0.826524 0.00216496
-22.7922 83.7241 -4.98521 -0.542277 -0.840147 0.00944977
-23.7976 84.3594 -4.93064 -0.520749 -0.853708 0.00185357
-24.8038 84.9339 -4.87796 -0.475932 -0.87947 -0.00458223
-25.7666 85.4399 -4.82709 -0.444424 -0.895686 -0.0153088
-26.7692 85.91 -4.77651 -0.417912 -0.908447 -0.00853139
-27.8345 86.3791 -4.72814 -0.388201 -0.921536 -0.00844187
-28.8789 86.7942 -4.68834 -0.349119 -0.937043 -0.00815825
-29.8269 87.1218 -4.65341 -0.314495 -0.949253 0.0033699
-30.8655 87.4468 -4.61386 -0.28293 -0.959138 0.00215997
-31.8608 87.7232 -4.5847 -0.259529 -0.965733 0.00190855
-32.83 87.9756 -4.56202 -0.237664 -0.971343 0.00283482
-33.8128 88.2102 -4.54463 -0.228573 -0.97352 0.00373437
-34.7984 88.435 -4.53258 -0.219615 -0.975586 0.0010678
-34.8189 88.4396 -4.5324 -0.211415 -0.977393 -0.00240441
-34.941 88.4623 -5.42733 -0.209711 -0.977737 0.0071346
-33.8666 88.2184 -5.44288 -0.227566 -0.973757 0.00320927
-32.7872 87.9605 -5.46485 -0.239296 -0.970945 0.0018462
-31.7679 87.6955 -5.49392 -0.26113 -0.965302 0.0018726
-30.75 87.4117 -5.53702 -0.282914 -0.959129 0.00555709
-29.7783 87.1051 -5.57579 -0.316453 -0.948608 -0.000452106
-28.6936 86.7254 -5.62423 -0.354147 -0.935159 -0.00756358
-34.9084 88.4645 0.901191 -0.204224 -0.978924 -0.000532004
-33.8783 88.2365 0.903188 -0.226163 -0.974078 -0.00465505
-32.8745 87.9974 0.906296 -0.240512 -0.97064 0.00342759
-31.8584 87.7324 0.912167 -0.2569 -0.966438 0.000682576
-30.8846 87.4573 0.918507 -0.279836 -0.960047 0.0013555
-29.8352 87.1259 0.922929 -0.323133 -0.946315 -0.00858402
-28.7766 86.7543 0.929431 -0.345046 -0.938565 -0.0062118
-27.804 86.376 0.937591 -0.380099 -0.924939 -0.00365172
-26.8258 85.9475 0.945614 -0.420275 -0.907397 0.000182959
-25.8593 85.4845 0.95489 -0.445332 -0.895334 0.00752992
-24.8392 84.9431 0.963719 -0.476506 -0.879129 0.00861988
-23.9102 84.4132 0.971883 -0.506487 -0.862178 0.0109403
-22.9079 83.8013 0.982274 -0.53675 -0.843712 0.00707852
-21.966 83.1751 0.987535 -0.563589 -0.826044 0.00420175
-21.1283 82.5931 0.991241 -0.576746 -0.816924 0.000565613
-21.2426 82.6782 1.99275 -0.585393 -0.810732 -0.00528101
-22.2237 83.3598 1.98054 -0.565741 -0.824508 0.0111117
-23.1871 83.99 1.96776 -0.529274 -0.848341 0.0136465
-24.0451 84.5073 1.95228 -0.512816 -0.858483 0.00517138
-25.0778 85.0798 1.93331 -0.473337 -0.880881 0.000899617
-26.0213 85.5634 1.91464 -0.440456 -0.897771 0.00253261
-27.0735 86.0572 1.8962 -0.4211 -0.907002 -0.00473116
-28.066 86.4833 1.87886 -0.365784 -0.930668 -0.00762651
-29.1345 86.8765 1.86176 -0.333401 -0.942771 0.00505366
-30.1981 87.2428 1.84724 -0.311717 -0.950175 -0.000254009
-31.171 87.5404 1.83713 -0.27463 -0.96155 0.000452785
-32.2493 87.8386 1.8287 -0.251124 -0.967952 0.00253231
-33.2218 88.0783 1.81873 -0.231498 -0.972832 -0.00247947
-34.2326 88.3151 1.81386 -0.224206 -0.974539 -0.00225479
-34.9457 88.4705 1.81089 -0.204998 -0.978756 0.00364165
-34.9171 88.4673 2.71668 -0.203186 -0.979094 0.00946567
-33.875 88.2341 2.72356 -0.226457 -0.974021 0.00111207
-32.7688 87.9667 2.73698 -0.23977 -0.97082 -0.00428788
-31.6336 87.6675 2.7516 -0.267176 -0.963637 -0.00456373
-30.551 87.3512 2.76891 -0.294573 -0.955626 -0.00231392
-29.4547 86.9912 2.79103 -0.32475 -0.945725 -0.01187
-28.4979 86.6478 2.8081 -0.341726 -0.939782 -0.00580178
-27.4575 86.2297 2.83759 -0.389604 -0.920976 -0.00356568
-26.3234 85.713 2.86886 -0.431114 -0.902244 0.0098053
-25.2937 85.1932 2.89833 -0.464094 -0.885697 0.012552
-24.2643 84.6314 2.93056 -0.485306 -0.874344 -0.000100977
-23.2839 84.0556 2.95685 -0.529791 -0.848099 0.00704443
-22.4101 83.4871 2.97926 -0.554997 -0.831851 -0.00164031
-21.5775 82.9144 2.99565 -0.572076 -0.820198 0.00209206
-21.2591 82.6889 3.00337 -0.589346 -0.807837 0.0083679
-21.0574 82.546 4.02317 -0.594225 -0.804296 0.00223413
-21.9164 83.1503 4.00079 -0.564221 -0.825624 -0.000550541
-22.8044 83.748 3.96695 -0.547392 -0.836876 0.00111801
-23.6729 84.2906 3.93535 -0.500063 -0.86598 0.0039914
-24.6221 84.8236 3.897 -0.484088 -0.875015 0.00265266
-25.6054 85.3577 3.85849 -0.464681 -0.885469 -0.00415513
-26.6648 85.8737 3.81395 -0.409973 -0.91208 -0.00568118
-27.6368 86.3005 3.77793 -0.377368 -0.926034 -0.00741255
-28.5929 86.6749 3.74018 -0.346585 -0.937938 -0.0123162
-29.5377 87.009 3.71456 -0.327257 -0.94486 -0.011977
-30.5495 87.348 3.69094 -0.297977 -0.954564 -0.00427575
-31.5628 87.643 3.66854 -0.26709 -0.963669 -0.00209821
-32.6047 87.9195 3.65258 -0.248559 -0.968609 -0.0038955
-33.6978 88.1919 3.63256 -0.234299 -0.97216 -0.00308682
-34.7166 88.4246 3.62135 -0.208583 -0.978 0.00315769
-34.8904 88.4617 3.61982 -0.205069 -0.978746 0.00181229
-34.9068 88.4661 4.52227 -0.203464 -0.979076 0.00357991
-33.8845 88.2347 4.53557 -0.228529 -0.973528 -0.00412269
-32.8181 87.9708 4.55599 -0.242533 -0.970132 -0.00463417
-31.8147 87.7094 4.57565 -0.262861 -0.964833 -0.00120379
-30.7658 87.411 4.60232 -0.280618 -0.959814 -0.00311451
-29.7314 87.0714 4.63284 -0.320205 -0.947347 -0.00153873
-28.7312 86.7213 4.66824 -0.337387 -0.941366 0.00039203
-27.701 86.3213 4.71885 -0.386545 -0.922265 -0.0032519
-26.7514 85.911 4.76372 -0.414688 -0.909937 -0.00693486
-25.7727 85.4442 4.81647 -0.453885 -0.890958 -0.0135135
-24.8853 84.9784 4.86454 -0.473994 -0.880484 0.00881872
-23.9731 84.4643 4.91081 -0.504305 -0.863523 0.00197615
-23.0954 83.9284 4.9585 -0.535105 -0.844778 -0.00365932
-22.1592 83.3184 5.00289 -0.56359 -0.826047 -0.00357911
-21.2757 82.7032 5.03806 -0.5745 -0.818504 -0.000363089
-21.0764 82.5618 5.04541 -0.584922 -0.811076 -0.00471999
-28.3038 86.5611 5.61993 -0.354852 -0.934913 0.00414383
-29.368 86.9441 5.56624 -0.325144 -0.945653 -0.00464886
-30.3587 87.2767 5.53193 -0.305252 -0.952261 -0.00440914
-31.416 87.5955 5.49514 -0.279617 -0.960104 -0.00376973
-32.5282 87.8932 5.46527 -0.248874 -0.968535 -0.000751915
-33.7198 88.1918 5.43901 -0.238629 -0.97111 -0.00124133
-34.7931 88.4428 5.42418 -0.219117 -0.975698 0.000851706
-34.8233 88.4495 5.42381 -0.208219 -0.978067 -0.00544058
-34.8688 88.4592 5.42332 -0.208219 -0.978067 -0.00544057
