38.6529 87.0841 2.53 -0.503554 -0.863964 0.000374669
38.6771 87.0766 1.38297 -0.500768 -0.865544 -0.00804942
38.681 87.0825 0.358452 -0.499086 -0.86653 -0.00627691
38.6672 87.0976 -0.6659 -0.499846 -0.866075 -0.00823399
38.6993 87.087 -1.7439 -0.501687 -0.865037 -0.0046473
38.6908 87.0962 -2.84769 -0.502488 -0.864578 -0.00300011
38.6956 87.0968 -4.05051 -0.499481 -0.866325 -1.38067e-05
38.6942 87.1007 -5.21814 -0.500916 -0.865478 -0.00561456
39.0995 86.8722 -5.95117 -0.500015 -0.865961 -0.00972027
39.9822 86.3662 -5.95376 -0.500549 -0.865697 -0.00437241
40.8757 85.8401 -5.94485 -0.513239 -0.858236 -0.00412473
41.7477 85.3147 -5.96538 -0.514265 -0.857616 -0.00501042
42.6343 84.783 -5.99004 -0.514935 -0.85721 -0.0056767
43.5392 84.237 -5.96565 -0.519602 -0.854352 -0.0098506
44.409 83.7023 -5.92698 -0.526447 -0.850166 -0.00846083
44.7768 83.4663 -5.16027 -0.527946 -0.849255 -0.00624017
44.8392 83.4186 -4.01474 -0.52927 -0.848437 -0.00523486
44.8274 83.4181 -2.96854 -0.525992 -0.85046 -0.00714374
44.833 83.4069 -1.91456 -0.525821 -0.85058 -0.00518056
44.8531 83.3893 -0.877268 -0.525658 -0.850687 -0.00391445
44.8495 83.3867 0.138725 -0.525719 -0.85065 -0.00376106
44.8538 83.3795 1.15241 -0.525179 -0.850971 -0.00586412
44.8696 83.3627 2.29964 -0.528115 -0.849141 -0.00735855
44.8495 83.3686 3.40897 -0.525729 -0.850629 -0.00595388
44.8474 83.3624 4.41142 -0.529897 -0.848045 -0.00517738
44.8829 83.3311 5.59187 -0.534432 -0.84519 -0.00607313
44.2095 83.7475 5.95477 -0.524707 -0.851251 -0.00687982
43.2466 84.3321 5.94233 -0.516771 -0.856109 -0.00513598
42.3499 84.8725 5.96819 -0.515791 -0.856696 -0.00567519
41.3533 85.472 5.93899 -0.514278 -0.857598 -0.00657732
40.3763 86.0566 5.97251 -0.512415 -0.858735 -0.00198816
39.3997 86.6366 5.97674 -0.511215 -0.859448 -0.00295643
38.6668 87.072 5.5774 -0.50438 -0.863457 -0.00655583
38.6702 87.0734 4.53957 -0.501771 -0.864992 -0.00390611
38.6638 87.0785 3.47156 -0.505122 -0.863048 -1.39118e-06
38.6558 87.0824 2.71409 -0.503554 -0.863964 0.000374668
37.7605 87.6019 2.77585 -0.498119 -0.867107 -0.00178868
37.7496 87.6048 3.95687 -0.494734 -0.869042 -0.00168547
37.7462 87.6019 5.01376 -0.494069 -0.869419 -0.00246731
37.7485 87.5985 6.02664 -0.492936 -0.870064 -0.00135628
37.9557 87.4794 6.95091 -0.488739 -0.872375 -0.00981602
38.837 86.9633 7.01071 -0.51154 -0.859239 -0.00594398
39.7587 86.4203 7.00419 -0.50603 -0.8625 -0.00519135
40.6311 85.899 7.02 -0.518336 -0.855169 -0.0035229
41.4957 85.3778 6.96447 -0.51614 -0.856473 -0.00730618
42.3785 84.8484 7.02116 -0.513595 -0.858014 -0.00566796
43.2355 84.3325 6.99047 -0.518131 -0.855281 -0.00560749
44.0915 83.8096 6.99099 -0.525137 -0.850958 -0.0099579
45.053 83.2092 6.98876 -0.534614 -0.84506 -0.00767155
45.7843 82.7463 6.65173 -0.539343 -0.84205 -0.00782077
45.7795 82.7596 5.63316 -0.539166 -0.842149 -0.0092755
45.7558 82.788 4.47416 -0.538151 -0.842802 -0.00886914
45.7311 82.8137 3.39083 -0.535985 -0.844204 -0.00625066
45.7425 82.8166 2.34525 -0.533324 -0.845878 -0.00751401
45.7512 82.8194 1.33291 -0.531478 -0.847045 -0.00685015
45.733 82.8378 0.273558 -0.529573 -0.848251 -0.0046577
45.7318 82.8443 -0.730969 -0.528314 -0.849036 -0.00471287
45.7303 82.85 -1.73474 -0.527555 -0.849512 -0.00401473
45.7127 82.8668 -2.80775 -0.528417 -0.848975 -0.00404143
45.7182 82.8679 -3.90454 -0.530905 -0.847424 -0.00346404
45.6671 82.9062 -4.9664 -0.533137 -0.845996 -0.0072864
45.701 82.8949 -6.09358 -0.534951 -0.844858 -0.00651251
45.4625 83.0522 -6.98304 -0.535964 -0.84422 -0.00588519
44.5232 83.6415 -7.00443 -0.528096 -0.849148 -0.00778397
43.6604 84.1726 -7.0201 -0.518819 -0.85485 -0.00748372
42.6699 84.7696 -7.01841 -0.515422 -0.856911 -0.00666148
41.7925 85.2948 -7.00472 -0.514794 -0.857289 -0.00648196
40.847 85.8637 -7.00542 -0.51397 -0.857779 -0.0070356
39.9191 86.4084 -7.01923 -0.501278 -0.865275 -0.00445476
38.8806 87.0088 -7.01795 -0.4988 -0.866677 -0.00833171
37.9564 87.5366 -6.96003 -0.493473 -0.869747 -0.00479731
37.7939 87.6197 -5.90287 -0.490664 -0.871328 -0.00599769
37.7784 87.6212 -4.84762 -0.487093 -0.873336 -0.00384769
37.7845 87.6163 -3.80555 -0.48751 -0.873118 0.000253207
37.7766 87.6199 -2.61226 -0.490576 -0.871395 -0.00223632
37.7823 87.6109 -1.53774 -0.494016 -0.869432 -0.00607989
37.7518 87.6212 -0.426718 -0.497676 -0.86735 -0.00474784
37.7819 87.5998 0.582707 -0.500018 -0.866008 -0.00331458
37.7709 87.6011 1.59087 -0.503743 -0.863835 -0.00550489
37.7607 87.6022 2.60093 -0.498119 -0.867107 -0.00178868
39.1139 86.8161 2.69398 -0.50223 -0.864729 -0.00280068
40.0446 86.2718 2.69232 -0.50954 -0.860435 -0.00461886
40.9138 85.7535 2.69115 -0.513198 -0.858258 -0.00450282
41.7857 85.2338 2.68986 -0.513303 -0.858186 -0.00609367
42.6794 84.6952 2.68825 -0.517974 -0.855389 -0.00346991
43.599 84.1378 2.68621 -0.519281 -0.854593 -0.00435858
44.3317 83.6912 2.68401 -0.522599 -0.852559 -0.00581011
44.3113 83.6992 3.58915 -0.523098 -0.852265 -0.00346931
43.4142 84.2456 3.59109 -0.518879 -0.854837 -0.00421859
42.5579 84.7643 3.59225 -0.517262 -0.855808 -0.00567352
41.5704 85.358 3.59297 -0.51206 -0.858933 -0.00544651
40.6421 85.911 3.59377 -0.511044 -0.859529 -0.00664291
39.6579 86.4941 3.59403 -0.508479 -0.861055 -0.0058304
39.2253 86.749 3.59435 -0.505545 -0.862798 -0.00209816
39.2396 86.7376 4.49467 -0.510097 -0.860101 -0.00518071
40.1524 86.1952 4.49515 -0.511793 -0.859098 -0.00431051
41.1267 85.6174 4.49545 -0.510446 -0.859901 -0.00403785
42.0944 85.0366 4.49625 -0.515734 -0.856719 -0.00721996
43.0851 84.4389 4.49614 -0.51675 -0.856113 -0.00640061
44.0002 83.8854 4.49548 -0.517844 -0.855458 -0.0053821
44.296 83.7043 4.49502 -0.523789 -0.851831 -0.00534362
44.2201 83.7449 5.40196 -0.520468 -0.853863 -0.00553508
43.9693 83.8976 5.40194 -0.519885 -0.854214 -0.00619173
43.506 84.1789 5.40163 -0.517625 -0.855587 -0.00598611
42.5558 84.752 5.40063 -0.516158 -0.856475 -0.00552735
41.6622 85.2906 5.39914 -0.515773 -0.856702 -0.00623886
40.78 85.8187 5.39753 -0.513014 -0.858359 -0.00608875
39.8638 86.3631 5.39536 -0.510255 -0.860017 -0.00329998
39.2215 86.7451 5.39444 -0.512053 -0.858947 -0.00342428
39.2125 86.7631 1.79296 -0.501143 -0.865331 -0.00762917
40.1484 86.2155 1.7906 -0.512164 -0.858877 -0.00424751
41.1485 85.6185 1.7885 -0.510639 -0.859776 -0.0057492
42.0911 85.056 1.78624 -0.516403 -0.856333 -0.00464451
42.9658 84.5267 1.7841 -0.518379 -0.855126 -0.00653641
43.8733 83.9769 1.78129 -0.519812 -0.854258 -0.00626735
44.4227 83.6408 1.77926 -0.523424 -0.852063 -0.00400909
44.2941 83.7259 0.875746 -0.524507 -0.851392 -0.004984
43.4337 84.2505 0.878947 -0.518783 -0.854879 -0.00683543
42.5355 84.7954 0.882074 -0.51736 -0.855743 -0.00651453
41.4983 85.4177 0.885148 -0.511037 -0.859535 -0.00643486
40.4783 86.0249 0.888164 -0.513274 -0.858193 -0.00733417
39.4333 86.6431 0.890835 -0.503416 -0.864025 -0.00574986
39.1482 86.8084 0.891486 -0.500512 -0.865711 -0.00564553
39.2012 86.7849 -0.00985559 -0.502318 -0.864665 -0.00559113
40.1512 86.2285 -0.0121973 -0.50913 -0.860653 -0.00790487
41.0895 85.6708 -0.0155765 -0.511867 -0.858982 -0.0119089
41.9873 85.1336 -0.0190571 -0.517307 -0.855766 -0.00761618
42.8532 84.6092 -0.0223734 -0.518763 -0.854896 -0.00611147
43.8784 83.9854 -0.026171 -0.522472 -0.852641 -0.00511744
44.3463 83.6981 -0.0280149 -0.524802 -0.851216 -0.00364393
44.3621 83.6926 -0.931903 -0.525184 -0.850976 -0.00458882
43.328 84.3273 -0.927485 -0.520669 -0.853743 -0.00512675
42.4128 84.8838 -0.923321 -0.518318 -0.855161 -0.00684086
41.5338 85.4157 -0.919359 -0.514008 -0.857754 -0.00736122
40.6604 85.9356 -0.915588 -0.507747 -0.861457 -0.00923689
39.6219 86.5451 -0.911976 -0.504916 -0.863164 -0.00282004
39.2238 86.7775 -0.910946 -0.502154 -0.864762 -0.00537834
39.1625 86.8173 -1.81134 -0.50518 -0.863002 -0.00448387
40.1171 86.2585 -1.81509 -0.504334 -0.863501 -0.00357544
41.0732 85.6988 -1.81929 -0.509406 -0.860518 -0.00371033
41.9671 85.161 -1.82367 -0.517897 -0.855408 -0.00776707
42.8459 84.6275 -1.82817 -0.520487 -0.853841 -0.00699493
43.7464 84.0764 -1.83301 -0.523365 -0.852095 -0.00489909
44.3975 83.6755 -1.83632 -0.525286 -0.850913 -0.00466567
44.2625 83.7654 -2.73987 -0.525146 -0.850988 -0.00636399
43.3387 84.3338 -2.73431 -0.523051 -0.85226 -0.00839548
42.4072 84.9027 -2.72854 -0.519288 -0.854558 -0.00840097
41.4147 85.5022 -2.7227 -0.513611 -0.857978 -0.00875231
40.5124 86.0352 -2.71763 -0.500679 -0.865595 -0.00814581
39.6154 86.5564 -2.71307 -0.503704 -0.863854 -0.00617919
39.2393 86.776 -2.7115 -0.505071 -0.863069 -0.00394224
39.182 86.8134 -3.61063 -0.502752 -0.864423 -0.00362711
40.0679 86.3004 -3.61582 -0.499474 -0.866307 -0.00624345
40.9674 85.7749 -3.62134 -0.509865 -0.860216 -0.00814492
41.8967 85.2193 -3.62772 -0.516046 -0.856545 -0.005121
42.8611 84.6339 -3.6346 -0.521454 -0.853251 -0.00702293
43.7299 84.1013 -3.64074 -0.524192 -0.851565 -0.00771482
44.3853 83.6972 -3.64477 -0.525326 -0.850873 -0.00690098
44.2799 83.7696 -4.5499 -0.526041 -0.850439 -0.00586745
43.4055 84.3081 -4.54266 -0.522113 -0.852848 -0.0068897
42.5437 84.8321 -4.53523 -0.517224 -0.855848 -0.00212991
41.6571 85.3662 -4.52785 -0.514518 -0.857479 -0.000768295
40.7585 85.9035 -4.5202 -0.509902 -0.860218 -0.004901
39.7992 86.4608 -4.51268 -0.497281 -0.867576 -0.00480149
39.1979 86.8069 -4.50871 -0.499364 -0.866391 -0.00174377
39.3549 86.7216 -5.40754 -0.497093 -0.867676 -0.00606893
40.2776 86.1916 -5.4156 -0.502743 -0.864399 -0.00799019
40.9592 85.7874 -5.42185 -0.515389 -0.85695 -0.00336041
41.9392 85.1977 -5.43237 -0.51502 -0.857177 -0.00166576
42.8592 84.6447 -5.44133 -0.516326 -0.856378 -0.00486038
43.278 84.3912 -5.44559 -0.518751 -0.854894 -0.00729238
43.3531 84.3454 -5.44636 -0.520385 -0.853911 -0.00600632
