4.8485 82.9031 4.94445 0.723335 -0.69047 0.0061076
4.9353 83.0028 5.9617 0.722583 -0.691251 0.00672167
5.64154 83.7389 6.02247 0.719165 -0.694816 0.00557919
6.34509 84.4608 6.02116 0.713632 -0.700487 0.00681885
7.05225 85.167 6.05564 0.699907 -0.714221 0.00348411
7.91586 86.0072 6.01634 0.698823 -0.715286 0.00338153
8.67257 86.7485 6.00065 0.700239 -0.713895 0.00448648
9.39148 87.4584 5.99803 0.706968 -0.70723 0.00357861
10.1276 88.1862 6.00721 0.699516 -0.714595 -0.00565348
10.9148 88.9657 6.00294 0.706426 -0.707785 -0.00144156
11.172 89.2276 5.13643 0.708887 -0.705317 -0.00263683
11.2008 89.2587 3.99245 0.707265 -0.706945 -0.00216592
11.1877 89.2435 2.98395 0.706802 -0.707409 0.000771672
11.1857 89.2332 1.979 0.700237 -0.713899 0.00389989
11.2243 89.2657 0.89316 0.697675 -0.716414 0.000453951
11.2101 89.2524 -0.128522 0.690566 -0.723262 -0.00273936
11.214 89.2593 -1.13808 0.691179 -0.722671 -0.000800801
11.2136 89.2466 -2.17373 0.698344 -0.715616 0.0142721
11.2336 89.2432 -3.37418 0.698171 -0.715902 -0.000629614
11.225 89.2321 -4.45408 0.695775 -0.718167 0.00975416
11.2188 89.1987 -5.62406 0.685902 -0.727683 0.00392544
10.5459 88.5541 -6.00636 0.690484 -0.723347 0.00121367
9.74235 87.7826 -6.00148 0.694426 -0.719516 0.00828716
9.01809 87.0838 -6.01477 0.694603 -0.719377 0.00365922
8.20617 86.2891 -5.99937 0.702424 -0.711758 0.000909688
7.45913 85.5514 -6.01492 0.702838 -0.711349 -0.000884387
6.71092 84.8068 -5.99881 0.709825 -0.70436 -0.00428865
5.966 84.0504 -6.01096 0.714605 -0.699503 -0.00540097
5.20304 83.2592 -5.98591 0.724721 -0.688984 -0.00869457
4.88887 82.9163 -5.26007 0.72687 -0.686594 -0.0157695
4.87418 82.8799 -4.2587 0.72861 -0.684795 -0.0135071
4.88383 82.8933 -3.24098 0.725927 -0.687593 0.0156732
4.87945 82.9068 -2.17829 0.716918 -0.697155 0.00200045
4.87037 82.8924 -1.09344 0.719516 -0.694451 -0.00589003
4.87619 82.896 0.0133032 0.725442 -0.688279 0.000429758
4.87393 82.8969 1.03994 0.727417 -0.686194 0.00134464
4.86467 82.8904 2.08856 0.726386 -0.687276 0.00384766
4.86619 82.9027 3.22601 0.724221 -0.689515 0.00856381
4.85756 82.907 4.3507 0.723916 -0.689852 0.00700776
4.84889 82.9028 4.87128 0.723576 -0.690214 0.00651883
4.14805 82.1688 4.77349 0.722246 -0.691593 0.00778202
4.1471 82.1789 5.78702 0.720968 -0.692899 0.00984938
4.18127 82.2218 6.91235 0.721924 -0.69197 0.00144611
4.91781 82.9939 7.01843 0.723596 -0.690194 0.00623475
5.6598 83.7704 7.03459 0.71793 -0.696044 0.00996285
6.44012 84.5621 7.03072 0.708649 -0.705559 0.000493694
7.21102 85.3243 7.04527 0.700644 -0.713511 0.000250065
7.97626 86.0699 7.00464 0.698486 -0.715615 0.00343043
8.77914 86.8545 7.01133 0.700896 -0.713262 0.00092685
9.55819 87.6221 7.00636 0.701064 -0.713095 -0.00210999
10.3283 88.3793 7.04027 0.702567 -0.711612 0.00271978
11.1377 89.1904 7.0196 0.707959 -0.706252 0.00114266
11.8538 89.906 6.79921 0.702303 -0.71187 0.0034309
11.8869 89.9378 5.80119 0.700715 -0.713439 0.00188408
11.8993 89.9431 4.76972 0.693903 -0.720042 0.00615477
11.9137 89.9561 3.62804 0.686998 -0.72664 -0.00200182
11.9094 89.9383 2.45981 0.686488 -0.727039 0.0121578
11.9605 89.9707 1.37095 0.685694 -0.727854 0.0072633
11.9428 89.9468 0.227415 0.684587 -0.72892 0.00403601
11.9489 89.9476 -0.995004 0.681086 -0.732195 0.00191196
11.9493 89.9379 -2.1769 0.67425 -0.738481 0.00572265
11.9594 89.9408 -3.19933 0.687531 -0.726142 0.00438068
11.9555 89.9293 -4.27327 0.681762 -0.731375 0.0168803
11.9518 89.9048 -5.40081 0.696626 -0.717401 0.00609598
11.959 89.9172 -6.46727 0.702634 -0.711352 -0.0168573
11.4284 89.4187 -7.03358 0.70304 -0.710837 -0.0204649
10.6619 88.6636 -7.01998 0.700992 -0.713169 0.000233357
9.85019 87.8725 -7.00182 0.694665 -0.71922 0.0127527
9.05173 87.1082 -7.03784 0.690727 -0.7231 0.00463166
8.23206 86.3124 -7.00325 0.699432 -0.714694 0.00269463
7.41165 85.5071 -7.02206 0.701458 -0.712707 -0.00222078
6.60641 84.7082 -7.01381 0.70889 -0.705305 -0.00395244
5.80271 83.8884 -7.03075 0.715611 -0.698492 -0.00331066
5.08753 83.1442 -7.00562 0.726494 -0.687171 0.00177009
4.31981 82.313 -7.0089 0.736604 -0.676314 0.00373423
4.1915 82.1813 -5.90686 0.733011 -0.680183 -0.00149131
4.20213 82.1777 -4.85081 0.726696 -0.686901 -0.00851754
4.18605 82.1566 -3.65655 0.718777 -0.695233 0.00312094
4.19134 82.1786 -2.64237 0.728798 -0.684549 0.0156826
4.18229 82.1832 -1.5906 0.724167 -0.689622 -0.00184856
4.17287 82.1641 -0.588603 0.71993 -0.694013 -0.00675273
4.19042 82.1748 0.43508 0.724141 -0.689649 -0.00176551
4.16578 82.1513 1.60727 0.725061 -0.688669 0.00448592
4.1585 82.1538 2.64818 0.723098 -0.690696 0.00823491
4.15799 82.1653 3.65688 0.722802 -0.691005 0.00829375
4.15456 82.173 4.54526 0.722252 -0.691587 0.00777522
5.31667 83.3892 4.54217 0.721758 -0.692135 0.00384242
6.12072 84.2165 4.52795 0.713471 -0.700657 0.00619224
6.87022 84.9745 4.51574 0.708168 -0.706011 0.00685642
7.65507 85.747 4.50423 0.695807 -0.718226 0.00209583
8.42716 86.4958 4.49442 0.69976 -0.714373 0.0026814
9.18681 87.2467 4.48665 0.704902 -0.709304 0.00132761
9.90227 87.9608 4.4798 0.704997 -0.709164 0.00809747
10.709 88.7622 4.47254 0.704878 -0.70931 0.0051342
10.782 88.8348 4.47189 0.708935 -0.70527 0.00242187
10.769 88.8245 3.56899 0.707228 -0.706981 -0.00247083
9.94356 88.0024 3.57691 0.704944 -0.709214 -0.00831179
9.21919 87.2789 3.58386 0.708162 -0.706046 -0.00236016
8.47366 86.5396 3.59026 0.69783 -0.716256 -0.00325112
7.75258 85.842 3.59873 0.695505 -0.71851 -0.00402375
6.94527 85.0447 3.6079 0.709257 -0.704931 0.00513745
6.23326 84.3241 3.61713 0.712717 -0.701442 0.00376587
5.46623 83.5371 3.62715 0.722565 -0.691273 0.00634525
5.2342 83.2941 3.63043 0.723619 -0.690155 0.00784046
5.25334 83.3041 2.71771 0.724829 -0.688906 0.00566935
6.10238 84.1862 2.70907 0.716083 -0.698012 0.00187091
6.81019 84.9044 2.70219 0.708998 -0.705202 0.00339205
7.6601 85.7532 2.69413 0.70313 -0.71106 -0.00151492
8.4663 86.5422 2.68607 0.69748 -0.716555 -0.0083908
9.22901 87.2967 2.68028 0.705695 -0.708483 -0.00680419
9.9385 88.0057 2.67455 0.704483 -0.709719 -0.00157417
10.6623 88.7206 2.66745 0.703979 -0.710221 -0.000728705
10.7964 88.8533 2.66616 0.702997 -0.711193 0.000993936
10.827 88.88 1.76346 0.700846 -0.71331 0.0016852
9.99902 88.0678 1.77137 0.702025 -0.71215 0.00198006
9.26489 87.3387 1.77674 0.705131 -0.709067 -0.00390998
8.49101 86.5745 1.78167 0.7021 -0.712057 -0.00544705
7.75653 85.8475 1.78708 0.703984 -0.710215 -0.000452437
7.00655 85.0979 1.79293 0.708105 -0.706106 0.000885094
6.24925 84.3347 1.79861 0.712203 -0.701963 0.00387066
5.52615 83.5867 1.8036 0.724261 -0.689522 0.00221994
5.27407 83.3211 1.80548 0.7253 -0.688431 0.00166145
5.35665 83.4054 0.893933 0.72468 -0.689078 0.00315115
6.1499 84.2303 0.889513 0.7163 -0.697725 0.00973852
6.92636 85.0162 0.885516 0.708881 -0.705328 0.00106738
7.69151 85.7843 0.881415 0.707719 -0.706489 -0.00265814
8.40934 86.4995 0.877944 0.701816 -0.712351 -0.0030891
9.19577 87.273 0.873593 0.701127 -0.71303 -0.00286434
9.91331 87.9811 0.86926 0.702164 -0.712015 0.000337081
10.6877 88.7415 0.863384 0.70021 -0.713937 -0.000290277
10.7867 88.8387 0.862651 0.700508 -0.713643 -0.00170746
10.8324 88.8869 -0.0370556 0.698421 -0.715678 -0.00361033
10.0792 88.1469 -0.033291 0.700123 -0.714011 -0.0038875
9.29599 87.3752 -0.0300428 0.702174 -0.712002 -0.00225223
8.53826 86.6305 -0.0270624 0.701029 -0.713124 -0.00363532
7.78882 85.8859 -0.02454 0.708601 -0.705605 -0.00263918
6.99107 85.0817 -0.0226187 0.712287 -0.701889 0.00041107
6.24919 84.3227 -0.021065 0.716837 -0.697234 0.00304788
5.51551 83.5653 -0.019235 0.721064 -0.692863 0.00286187
5.33182 83.3742 -0.0182206 0.724185 -0.68959 0.00458189
5.27358 83.3112 -0.928041 0.721284 -0.69263 -0.00355621
6.0897 84.1581 -0.929224 0.719039 -0.694957 -0.00415186
6.88296 84.9723 -0.929856 0.713916 -0.700229 -0.00207499
7.5917 85.69 -0.929833 0.710771 -0.703423 8.07813e-05
8.30316 86.4043 -0.930405 0.709209 -0.704984 -0.00445697
9.0272 87.1239 -0.931669 0.702956 -0.711125 -0.0124143
9.79808 87.881 -0.93262 0.699667 -0.714432 -0.00727337
10.5861 88.6487 -0.935289 0.700353 -0.713788 -0.00361572
10.8496 88.9062 -0.936835 0.69648 -0.717572 -0.0025774
10.7948 88.845 -1.83525 0.696012 -0.717936 0.0116215
10.0673 88.1457 -1.83427 0.695732 -0.718286 0.00471752
9.33622 87.433 -1.83318 0.705929 -0.708275 0.00310986
8.57754 86.6757 -1.83341 0.70547 -0.708693 0.00809502
7.85722 85.9572 -1.83454 0.708595 -0.705613 0.00158518
7.10461 85.198 -1.83599 0.712129 -0.702048 -0.00084488
6.3653 84.4449 -1.83727 0.714303 -0.699831 -0.00272638
5.66959 83.7265 -1.83885 0.721093 -0.692831 -0.00337397
5.3201 83.3628 -1.8393 0.719616 -0.694371 -0.00128482
5.24688 83.2845 -2.7506 0.722331 -0.691514 0.00671491
5.95083 84.0216 -2.74934 0.716891 -0.697182 -0.00234424
6.74161 84.8303 -2.7447 0.713009 -0.701145 -0.00379271
7.45172 85.5487 -2.74119 0.709084 -0.705124 -0.000801105
8.17591 86.271 -2.73814 0.705484 -0.708714 0.00416159
8.92004 87.0034 -2.73494 0.700943 -0.713152 0.0097128
9.63822 87.7137 -2.73338 0.704273 -0.709804 0.0133601
10.3747 88.4267 -2.733 0.68903 -0.72462 0.0127968
10.816 88.8458 -2.73304 0.692039 -0.721807 0.00873719
10.7674 88.7899 -3.62965 0.694396 -0.71959 -0.00198939
10.0297 88.0851 -3.63129 0.693856 -0.720089 0.00601977
9.21858 87.2857 -3.6344 0.70487 -0.709298 0.00739748
8.38824 86.4755 -3.63957 0.701833 -0.712333 0.00352382
7.58758 85.6835 -3.64553 0.704324 -0.709878 0.000933304
6.77532 84.8712 -3.65305 0.710581 -0.703613 -0.001756
6.05754 84.1336 -3.66002 0.724435 -0.68934 -0.00210304
5.29798 83.3284 -3.66572 0.728295 -0.685264 -0.000722364
5.22298 83.2487 -3.66612 0.727042 -0.686591 0.00181924
5.3481 83.3893 -4.57915 0.726887 -0.686648 -0.0122504
6.09889 84.1768 -4.57012 0.71975 -0.694232 -0.00147681
6.83208 84.9269 -4.55945 0.711161 -0.703029 -0.000254909
7.58692 85.6808 -4.54991 0.703482 -0.710709 0.00219845
8.36297 86.4474 -4.54199 0.701174 -0.712988 0.00191825
9.10899 87.1789 -4.53473 0.699571 -0.714563 0.000476373
9.88618 87.937 -4.52978 0.6984 -0.715686 0.00560452
10.6646 88.6885 -4.52599 0.695041 -0.718939 0.00668923
10.8563 88.8739 -4.52496 0.694663 -0.719315 0.0053611
10.7389 88.7452 -5.42229 0.690733 -0.722994 0.0129599
9.91757 87.9578 -5.42798 0.693522 -0.720395 0.0076454
9.17908 87.2451 -5.43241 0.696441 -0.717606 0.00340459
8.44858 86.5293 -5.44089 0.702201 -0.711974 0.00244533
7.70751 85.7973 -5.45095 0.703199 -0.710991 0.00157756
6.93146 85.0248 -5.46594 0.708772 -0.705431 -0.00289772
6.20179 84.2884 -5.48058 0.713908 -0.700214 -0.00594923
5.73273 83.8058 -5.48892 0.721834 -0.692028 -0.00725267
5.28216 83.3605 5.45407 0.720978 -0.692925 0.00670152
6.06867 84.1724 5.43782 0.715301 -0.69876 0.00887274
6.77397 84.8879 5.42363 0.709171 -0.704984 0.00858807
7.49061 85.5915 5.41162 0.696169 -0.717866 0.00409306
8.30662 86.3856 5.39876 0.698975 -0.715123 0.00578846
9.10873 87.175 5.3895 0.703293 -0.710895 0.00259714
9.89877 87.9624 5.38231 0.70411 -0.710089 0.00163486
10.5565 88.6109 5.37623 0.69886 -0.715259 0.000549166
10.6248 88.6776 5.37558 0.703462 -0.710733 -0.000852346
