41.2086 88.3301 4.95783 -0.533268 -0.845926 -0.00582067
41.5611 88.1008 5.75013 -0.537515 -0.84324 -0.00472855
42.2235 87.6875 5.38948 -0.531985 -0.846709 -0.00865578
42.2233 87.6982 4.36738 -0.52889 -0.848636 -0.00958879
42.2082 87.7195 3.32011 -0.530126 -0.847885 -0.00755225
42.2096 87.7233 2.27234 -0.525246 -0.85094 -0.00420664
42.1778 87.7482 1.17151 -0.526228 -0.850326 -0.00540814
42.1636 87.767 0.0228265 -0.523209 -0.852153 -0.00930269
42.1293 87.7994 -1.104 -0.526886 -0.849903 -0.00751048
42.1197 87.8156 -2.19956 -0.524383 -0.851466 -0.00538226
42.104 87.8306 -3.19893 -0.52245 -0.852662 -0.00377571
42.1276 87.8225 -4.24563 -0.52064 -0.853753 -0.00625567
42.1534 87.8143 -5.26084 -0.520903 -0.853593 -0.00631585
41.527 88.2024 -5.74448 -0.523123 -0.852216 -0.00836731
41.2651 88.3554 -4.86446 -0.522941 -0.852339 -0.00716458
41.261 88.3503 -3.83823 -0.522711 -0.852492 -0.00557904
41.2373 88.3614 -2.79179 -0.524303 -0.851532 0.000705525
41.2696 88.3395 -1.70772 -0.52641 -0.850207 -0.0063642
41.2989 88.3109 -0.640464 -0.527101 -0.849755 -0.00902108
41.2956 88.3024 0.511717 -0.531512 -0.847024 -0.00668114
41.2631 88.3149 1.56051 -0.530766 -0.847504 -0.00493007
41.2791 88.2967 2.70862 -0.532748 -0.846257 -0.00536328
41.2454 88.3124 3.91253 -0.530382 -0.847741 -0.00550324
41.2125 88.3284 4.83813 -0.533149 -0.846006 -0.00506194
40.233 88.9482 4.73352 -0.529668 -0.84819 -0.0048176
40.2034 88.9618 5.83993 -0.529692 -0.848182 -0.00387267
40.3172 88.8863 6.86404 -0.534257 -0.845319 -0.00209454
41.1942 88.3285 6.92093 -0.538348 -0.842712 -0.00423242
42.0973 87.7579 6.94943 -0.53187 -0.846819 -0.00351674
42.9973 87.195 6.92693 -0.527863 -0.849272 -0.0098993
43.2644 87.0375 6.0898 -0.525131 -0.850978 -0.00864343
43.2519 87.0553 5.00274 -0.523462 -0.852014 -0.00769943
43.2243 87.0846 3.78495 -0.523845 -0.851768 -0.00884419
43.2524 87.0748 2.66372 -0.525484 -0.850793 -0.00428747
43.2179 87.1031 1.58107 -0.525534 -0.850753 -0.00580449
43.2148 87.115 0.563242 -0.523022 -0.852247 -0.0110378
43.1895 87.1433 -0.463458 -0.521969 -0.85291 -0.00964156
43.1759 87.1624 -1.54204 -0.521816 -0.853021 -0.00795506
43.1667 87.1771 -2.56301 -0.523906 -0.851739 -0.00794565
43.1569 87.1908 -3.57198 -0.521263 -0.853368 -0.00691279
43.1445 87.2052 -4.57585 -0.520308 -0.85396 -0.00564933
43.1635 87.1995 -5.59945 -0.520609 -0.853783 -0.00468437
43.1488 87.2162 -6.74839 -0.522692 -0.8525 -0.00615935
42.2915 87.7442 -6.94021 -0.523464 -0.852023 -0.00643513
41.4301 88.2731 -6.96123 -0.522723 -0.85247 -0.00740722
40.5327 88.8235 -6.91896 -0.523236 -0.852162 -0.00655941
40.3048 88.9568 -6.07045 -0.524419 -0.851422 -0.00806052
40.2569 88.9752 -4.90936 -0.523856 -0.851771 -0.00780698
40.2501 88.9706 -3.81176 -0.522188 -0.852822 -0.00373594
40.2336 88.9781 -2.64835 -0.521492 -0.853253 -0.00195157
40.2482 88.9625 -1.45292 -0.516077 -0.856518 -0.00643639
40.2554 88.9519 -0.435212 -0.518684 -0.854963 -0.00231909
40.2467 88.9551 0.671403 -0.523317 -0.852132 -0.00243508
40.2374 88.9586 1.76693 -0.525987 -0.850485 -0.00376126
40.2633 88.9364 2.78487 -0.529546 -0.848265 -0.00528763
40.2377 88.9481 3.898 -0.533673 -0.845685 -0.0031384
40.2331 88.9484 4.6664 -0.52952 -0.848292 -0.00294757
40.2337 88.9479 4.69696 -0.528883 -0.848685 -0.00399727
