2.34614 83.7137 0.580742 0.696414 -0.717614 -0.00619203
2.3504 83.7272 -0.519232 0.692313 -0.721578 -0.00527057
2.35784 83.7369 -1.59411 0.685666 -0.727907 0.00355124
2.36482 83.7298 -2.74106 0.690816 -0.722773 0.0188237
2.38427 83.7244 -3.76496 0.686317 -0.727193 0.00963344
2.37415 83.7231 -4.85615 0.691998 -0.721358 -0.0279456
2.49634 83.8463 -5.89116 0.682431 -0.730916 0.0057495
3.20576 84.5338 -5.97284 0.701548 -0.712598 -0.00396004
4.01544 85.3526 -6.00393 0.715751 -0.698328 -0.00603304
4.77313 86.1282 -6.0203 0.71107 -0.703107 -0.00447679
5.52943 86.8928 -5.98245 0.711456 -0.702727 -0.00216322
6.23852 87.6108 -5.97681 0.709864 -0.704339 0.000320813
6.9434 88.3241 -6.01555 0.712515 -0.701634 0.00565439
7.7343 89.1453 -5.98159 0.72218 -0.69165 0.00788063
8.43179 89.8894 -6.02588 0.736273 -0.676442 0.0180685
8.85012 90.3628 -5.27584 0.737563 -0.675232 0.00783696
8.82898 90.349 -4.21691 0.737558 -0.675268 0.00456005
8.81323 90.3454 -3.17211 0.742073 -0.670218 0.0116471
8.8138 90.3503 -2.08333 0.741251 -0.671225 -0.00218695
8.81897 90.3505 -0.969163 0.7362 -0.676763 0.000316719
8.81361 90.3534 0.196091 0.737312 -0.675493 0.00860492
8.82085 90.3679 1.40705 0.737578 -0.67526 0.0017762
8.81554 90.3477 2.46241 0.738495 -0.674169 -0.0110156
8.85558 90.3792 3.52696 0.741189 -0.671279 -0.00492518
8.85742 90.378 4.58624 0.74489 -0.667173 -0.00443629
8.83053 90.3395 5.66176 0.74523 -0.666789 -0.00497955
8.30445 89.7562 6.02525 0.742362 -0.669997 -0.00162346
7.53579 88.9285 5.99006 0.72623 -0.687432 -0.00530611
6.79409 88.1522 5.97876 0.717838 -0.696192 -0.00455257
6.0401 87.3854 5.99042 0.709024 -0.705177 -0.00332476
5.3001 86.6477 5.97979 0.70334 -0.710854 -0.000396139
4.51282 85.8671 5.98919 0.706787 -0.707412 0.00432644
3.6591 85.0161 6.00301 0.704671 -0.709533 0.00112268
2.88601 84.2516 6.00902 0.700883 -0.713275 -0.00120918
2.34992 83.7341 5.54212 0.683744 -0.729705 0.00493943
2.37095 83.7542 4.5261 0.689612 -0.724179 -2.73108e-05
2.38157 83.7621 3.48139 0.691666 -0.722178 0.00671814
2.36858 83.7349 2.45267 0.701838 -0.712299 0.00724418
2.35248 83.7179 1.38482 0.694783 -0.719214 0.00275377
2.34748 83.7131 0.810742 0.696425 -0.717603 -0.00619096
1.60245 83.0183 0.888199 0.671442 -0.741034 7.75026e-05
1.60336 83.0183 -0.281401 0.678126 -0.734892 -0.00332255
1.61449 83.0332 -1.29554 0.681414 -0.731849 -0.00849003
1.60093 83.0146 -2.30493 0.68147 -0.731791 0.00891154
1.60783 83.0111 -3.37827 0.666879 -0.745138 0.00647914
1.60269 83.01 -4.45874 0.654198 -0.756304 -0.00401535
1.60398 83.0323 -5.58239 0.666274 -0.745692 -0.00473508
1.61257 83.0308 -6.70124 0.652643 -0.757445 0.00738612
2.2404 83.5969 -7.02247 0.689121 -0.724646 -0.000175755
3.0818 84.4167 -7.04709 0.70832 -0.70587 -0.00493867
3.81397 85.1579 -7.05104 0.712868 -0.701209 -0.0110845
4.58047 85.9378 -7.05818 0.710469 -0.703699 -0.00648489
5.37138 86.7347 -7.02458 0.709461 -0.704743 -0.001368
6.08026 87.4514 -7.01644 0.711525 -0.702661 -0.000114051
6.82833 88.2071 -7.04077 0.709482 -0.704724 -9.56216e-06
7.61353 89.004 -7.03108 0.718528 -0.695433 0.00948833
8.33107 89.7579 -7.05597 0.731768 -0.681505 0.00815347
9.04647 90.5368 -7.02508 0.741651 -0.670634 0.0141998
9.54905 91.1008 -6.48828 0.738666 -0.674041 0.00494993
9.55034 91.116 -5.38443 0.731961 -0.681204 0.0139073
9.53172 91.1131 -4.32761 0.735017 -0.677974 0.010082
9.51803 91.1101 -3.15276 0.73055 -0.68285 0.00364328
9.52964 91.124 -2.12193 0.724921 -0.688825 -0.00315826
9.53142 91.1244 -1.08507 0.732937 -0.680294 -0.00188841
9.52833 91.1244 -0.0758373 0.73406 -0.67908 0.00255138
9.53141 91.1311 0.935659 0.726107 -0.687581 -0.00109187
9.5278 91.1239 2.0126 0.730409 -0.682998 -0.00386242
9.53221 91.1304 3.12494 0.740771 -0.671756 0.000218823
9.54582 91.1458 4.29266 0.743895 -0.668294 -0.00195423
9.54242 91.1354 5.29884 0.741657 -0.670743 -0.00693453
9.51965 91.1034 6.30451 0.743127 -0.66914 -0.00379154
9.20726 90.7521 7.05121 0.741205 -0.671239 -0.00729402
8.53176 90.0036 7.0534 0.740611 -0.671931 -0.00201658
7.80481 89.218 7.04579 0.725949 -0.687737 0.00394799
7.07705 88.4487 7.02824 0.728443 -0.685077 0.0063744
6.28665 87.6302 7.04097 0.712039 -0.70214 -8.81556e-05
5.55232 86.8983 7.02533 0.702035 -0.712142 0.000916298
4.74343 86.1012 7.04739 0.702136 -0.712041 0.00141591
3.95357 85.311 7.0309 0.708091 -0.706112 0.00351354
3.21158 84.5819 7.05153 0.692689 -0.721161 0.0104882
2.47923 83.8691 7.04393 0.700163 -0.713795 0.0162639
1.70708 83.1438 6.99882 0.663892 -0.747567 0.00296536
1.56363 83.0218 5.99308 0.66006 -0.751204 -0.00345192
1.58303 83.0281 4.89662 0.669294 -0.742751 0.0191185
1.61536 83.0382 3.85486 0.682815 -0.730513 0.0106542
1.61675 83.0301 2.78239 0.681538 -0.731625 0.0145735
1.60342 83.0186 1.69845 0.671794 -0.740733 -0.00270983
1.60251 83.0177 0.982254 0.668129 -0.744035 -0.00250549
2.78577 84.1393 0.905911 0.699843 -0.714296 -0.00124934
3.60023 84.9415 0.906496 0.704946 -0.709251 0.00381602
4.38584 85.7242 0.908217 0.707088 -0.707117 -0.00358672
5.10815 86.4511 0.909998 0.710681 -0.703506 -0.00345893
5.97779 87.334 0.912502 0.713904 -0.700236 -0.0031597
6.69418 88.071 0.914906 0.722067 -0.691823 0.000661459
7.45136 88.8715 0.916127 0.72914 -0.684362 -0.00195232
8.29181 89.7854 0.916149 0.740969 -0.671522 0.00479996
8.44639 89.9555 0.916367 0.739782 -0.672832 0.00441955
8.42058 89.9205 -0.0116769 0.738592 -0.674127 0.00591095
7.64017 89.073 -0.00947749 0.729887 -0.683559 0.00351206
6.89472 88.2829 -0.00897061 0.725979 -0.687708 -0.00355784
6.08016 87.4404 -0.00849922 0.713759 -0.700387 -0.00254293
5.34999 86.699 -0.00795275 0.709794 -0.704403 -0.00284245
4.63404 85.9793 -0.00754253 0.710138 -0.704057 -0.00283789
3.86457 85.2025 -0.0073825 0.708369 -0.705839 -0.00189908
3.08925 84.4368 -0.00721669 0.696991 -0.717071 0.00345346
2.8881 84.2413 -0.00717459 0.694371 -0.7196 -0.00492976
2.79707 84.1554 -0.919401 0.690014 -0.723794 -0.00163041
3.57012 84.9049 -0.920721 0.701938 -0.712209 0.00639134
4.28151 85.6257 -0.922649 0.714512 -0.69962 0.00223538
5.04927 86.399 -0.925484 0.709322 -0.704884 -0.000855362
5.79423 87.1517 -0.92844 0.712073 -0.702103 -0.00179506
6.54233 87.9172 -0.932063 0.717019 -0.697054 -0.000166004
7.27906 88.6941 -0.935364 0.728951 -0.684556 -0.0036548
7.97247 89.4348 -0.93814 0.732174 -0.681103 -0.004479
8.45675 89.9568 -0.940242 0.734673 -0.67842 -0.00155535
8.36981 89.8642 -1.87003 0.734511 -0.678594 -0.00178975
7.66486 89.1058 -1.86385 0.730591 -0.682813 0.00188157
6.89925 88.2887 -1.85767 0.726254 -0.687427 0.000131111
6.18324 87.5471 -1.85156 0.714007 -0.700139 -0.000770839
5.46432 86.8186 -1.84577 0.711172 -0.703017 0.000979307
4.72225 86.0703 -1.84067 0.710497 -0.7037 -1.77342e-05
3.97922 85.3168 -1.83632 0.713001 -0.701162 0.00133507
3.23723 84.575 -1.83246 0.698412 -0.715687 0.00350137
2.82304 84.1766 -1.83117 0.689217 -0.724543 0.00417095
2.77542 84.1256 -2.741 0.694069 -0.71983 0.0106536
3.57058 84.9016 -2.74632 0.702687 -0.711499 0.000440367
4.33259 85.6732 -2.75316 0.712246 -0.701925 0.00258844
5.04861 86.3963 -2.76026 0.710366 -0.703823 0.00355126
5.84078 87.1983 -2.76887 0.712267 -0.701905 0.00224048
6.56431 87.9369 -2.77702 0.719718 -0.694251 -0.004714
7.31347 88.7255 -2.78651 0.729044 -0.684465 0.0015892
8.01636 89.4787 -2.79466 0.733128 -0.680082 0.00345176
8.45291 89.9532 -2.79852 0.741151 -0.671312 0.00592869
8.46728 89.9585 -3.73063 0.735769 -0.677207 0.00590948
7.77552 89.2136 -3.71864 0.727379 -0.686196 0.00735855
7.07382 88.4726 -3.7073 0.723895 -0.689902 -0.00336753
6.31046 87.6783 -3.69526 0.717613 -0.696431 -0.00385227
5.52949 86.8821 -3.68334 0.714175 -0.699965 -0.00165795
4.81508 86.1577 -3.6737 0.711293 -0.702896 0.000153874
3.99247 85.3244 -3.66275 0.711134 -0.703044 0.00427311
3.21196 84.5423 -3.65325 0.702899 -0.71126 0.00648395
2.87477 84.2101 -3.64989 0.702278 -0.711808 0.0115794
2.79163 84.123 -4.55579 0.698455 -0.715647 0.00330227
3.52647 84.8503 -4.56741 0.708698 -0.705501 0.0039729
4.24652 85.5817 -4.57861 0.714483 -0.699647 -0.00263759
4.98778 86.3356 -4.59208 0.712697 -0.701454 -0.00506452
5.78584 87.1472 -4.60634 0.713528 -0.700615 -0.00413456
6.56461 87.945 -4.62204 0.718711 -0.695307 -0.00117415
7.32376 88.7315 -4.63747 0.722339 -0.691522 0.00485115
8.09856 89.5522 -4.65426 0.733686 -0.679432 0.00875526
8.47133 89.9559 -4.66289 0.736069 -0.676877 0.00632173
4.50895 85.8553 -5.49712 0.715415 -0.698687 -0.00424494
4.09856 85.4346 -5.4895 0.717527 -0.696527 -0.00238115
2.73288 84.0897 1.81827 0.702171 -0.712002 0.00305328
3.45434 84.7993 1.82015 0.701305 -0.712861 -0.000175512
4.17596 85.514 1.82278 0.707551 -0.706662 0.00105575
4.90653 86.2464 1.82634 0.711029 -0.703162 0.00111944
5.67295 87.0217 1.83135 0.712267 -0.701908 -0.000873136
6.48396 87.8499 1.83628 0.718612 -0.695407 -0.00214469
7.21117 88.6098 1.84027 0.727391 -0.686207 -0.00467001
8.0055 89.463 1.84588 0.73701 -0.675863 -0.0050736
8.42484 89.9278 1.84763 0.745886 -0.665986 -0.0107761
8.43776 89.9298 2.77615 0.736455 -0.676385 -0.0117096
7.62027 89.0434 2.7701 0.73102 -0.682354 -0.00178074
6.83775 88.2126 2.7633 0.722963 -0.690859 -0.0060901
6.10428 87.4572 2.75584 0.712534 -0.701623 -0.00459331
5.3897 86.7348 2.7484 0.708354 -0.705856 -0.00145043
4.67987 86.025 2.7409 0.705923 -0.708288 0.0011132
3.88832 85.2299 2.73447 0.707005 -0.707203 0.00289986
3.09583 84.4478 2.72982 0.697055 -0.717017 0.00106146
2.78443 84.1445 2.72894 0.697172 -0.716885 0.00516837
2.79525 84.1603 3.63901 0.692681 -0.721236 0.00324639
3.51218 84.8582 3.64193 0.706146 -0.708062 0.0025781
4.27843 85.6246 3.65097 0.708704 -0.705502 0.00221228
5.06724 86.4121 3.66177 0.705324 -0.708885 -9.61482e-05
5.85055 87.1952 3.67295 0.711818 -0.702364 -0.000508484
6.602 87.9653 3.68561 0.718458 -0.695567 -0.00216926
7.41403 88.8208 3.69727 0.728862 -0.684652 -0.00350502
8.10731 89.5634 3.7059 0.731341 -0.682001 -0.0039235
8.39787 89.8755 3.70919 0.734808 -0.678273 0.00177167
8.45363 89.9323 4.64594 0.738109 -0.674615 -0.00944317
7.68992 89.1089 4.63312 0.731949 -0.681316 -0.00762995
6.94288 88.3164 4.61778 0.720969 -0.692962 -0.0028652
6.10289 87.4527 4.5989 0.714349 -0.69979 -8.51948e-05
5.39384 86.7388 4.58313 0.706125 -0.708083 0.00240516
4.67737 86.0255 4.56929 0.705465 -0.708741 0.00236204
3.79853 85.1483 4.55407 0.707585 -0.706611 0.00490981
3.07935 84.4371 4.54665 0.696276 -0.717772 0.00160029
2.79156 84.1571 4.54443 0.693799 -0.720167 -0.00173377
2.91485 84.2773 5.44917 0.698478 -0.715615 0.0048475
3.71665 85.072 5.46006 0.704512 -0.709687 0.00278365
3.7899 85.1447 5.46169 0.704266 -0.709931 0.002578
3.91816 85.2719 5.46452 0.704273 -0.709924 0.0025726
