-37.8776 93.478 4.59415 -0.0631042 -0.998003 0.000578811
-37.8412 93.4793 3.54615 -0.0664508 -0.997761 -0.00678712
-37.8096 93.4825 2.54396 -0.0700252 -0.997531 -0.00274728
-37.8244 93.4842 1.54378 -0.059588 -0.998221 0.00191724
-37.8717 93.4847 0.47644 -0.0551225 -0.99847 0.00205945
-37.8318 93.4786 -0.551203 -0.0648189 -0.997894 2.87694e-05
-37.8646 93.4821 -1.55552 -0.0610242 -0.998131 -0.00268162
-37.8758 93.484 -2.55612 -0.0686141 -0.997609 0.00821023
-37.8482 93.4752 -3.75964 -0.0728933 -0.997302 0.00866447
-37.8459 93.4748 -4.80288 -0.069388 -0.997548 0.000462329
-37.8136 93.4653 -5.88033 -0.0642195 -0.997868 0.0116328
-36.7852 93.3855 -6.09876 -0.0897977 -0.995943 -0.00578854
-35.7161 93.2789 -6.14546 -0.111312 -0.993748 0.00858608
-34.7144 93.1558 -6.10022 -0.134804 -0.990836 0.00849224
-33.6506 92.9984 -6.12579 -0.158768 -0.987283 0.00793075
-32.4861 92.7972 -6.12455 -0.175236 -0.984495 0.00781104
-31.3931 92.583 -6.12285 -0.206624 -0.978376 -0.00121133
-30.355 92.3434 -6.07745 -0.238445 -0.971154 0.0020263
-29.3594 92.0781 -6.07709 -0.283572 -0.958931 -0.00191005
-28.3457 91.7746 -6.11617 -0.298264 -0.954477 -0.00357952
-27.3038 91.4246 -6.11138 -0.343531 -0.939087 -0.0101354
-26.3687 91.054 -6.11007 -0.38393 -0.923291 0.00116883
-25.4244 90.6359 -6.11303 -0.440432 -0.897778 0.00387276
-24.4356 90.1377 -6.1144 -0.473321 -0.880846 0.00699229
-23.5447 89.6502 -6.15572 -0.485769 -0.874087 0.000631438
-22.6022 89.0971 -6.10984 -0.518374 -0.855121 -0.00756008
-21.664 88.5134 -6.10322 -0.537853 -0.843035 0.00256875
-20.7808 87.9387 -6.10238 -0.556403 -0.830901 -0.0043821
-19.9182 87.3484 -6.12662 -0.571918 -0.820282 -0.00689496
-19.0714 86.7548 -6.11622 -0.576001 -0.817443 -0.00274998
-18.1372 86.0932 -6.13707 -0.580046 -0.814575 -0.00379505
-17.3069 85.4933 -6.10562 -0.587359 -0.809318 -0.00372445
-16.4547 84.8735 -6.08824 -0.589204 -0.807937 -0.0086999
-15.6484 84.2833 -6.11958 -0.590232 -0.807118 -0.0133364
-15.2299 83.9697 -5.32741 -0.580094 -0.814454 -0.0124624
-15.2521 83.9766 -4.21288 -0.570978 -0.820958 -0.00354375
-15.2552 83.977 -3.21282 -0.569801 -0.82173 -0.00668019
-15.2414 83.9615 -2.19952 -0.566134 -0.824273 -0.0081453
-15.2292 83.9453 -1.16551 -0.581965 -0.813172 0.000423043
-15.2053 83.9281 -0.135931 -0.581995 -0.813192 -0.000127879
-15.2166 83.935 0.918283 -0.583825 -0.811878 -0.00137295
-15.2181 83.9453 1.99322 -0.583652 -0.812 0.00255842
-15.242 83.9725 3.0423 -0.579072 -0.815181 0.0124948
-15.2114 83.9604 4.22454 -0.582152 -0.81302 0.00984362
-15.2175 83.9801 5.38983 -0.584679 -0.811141 0.0141675
-15.576 84.2528 6.09202 -0.584742 -0.811122 0.012537
-16.4661 84.8956 6.12419 -0.583242 -0.812224 0.0109987
-17.3273 85.5176 6.10313 -0.589856 -0.807485 0.00520514
-18.1418 86.1146 6.10296 -0.587611 -0.809141 0.00213398
-19.0301 86.752 6.1047 -0.58018 -0.814484 0.00249912
-19.9393 87.3842 6.0963 -0.563996 -0.825772 0.00186837
-20.8674 88.0124 6.13118 -0.553474 -0.832851 0.00365471
-21.792 88.6082 6.13373 -0.532704 -0.846295 0.00228226
-22.661 89.1425 6.11553 -0.518485 -0.855081 0.00321303
-23.6477 89.7058 6.08181 -0.483524 -0.875296 -0.00788816
-24.6756 90.2495 6.12581 -0.458095 -0.888881 -0.00628441
-25.5978 90.6997 6.13714 -0.412854 -0.910791 -0.00343228
-26.5528 91.1071 6.1099 -0.375581 -0.926784 0.00315608
-27.5769 91.5022 6.09614 -0.343251 -0.939238 -0.00338095
-28.5353 91.8269 6.12073 -0.305448 -0.95212 -0.00752909
-29.6533 92.1616 6.13764 -0.272832 -0.962023 0.00864438
-30.635 92.4137 6.11075 -0.226907 -0.973909 -0.0039024
-31.6564 92.6357 6.0846 -0.204732 -0.978817 -0.00128397
-32.6583 92.8367 6.10532 -0.187461 -0.982271 0.00146281
-33.724 93.025 6.08206 -0.157157 -0.987514 -0.00682671
-34.858 93.1856 6.11393 -0.118338 -0.992939 -0.00825914
-36.0694 93.3201 6.12064 -0.100043 -0.994969 -0.00222216
-37.1006 93.4136 6.12292 -0.0804789 -0.996752 -0.00285704
-37.8305 93.4725 5.52106 -0.0741745 -0.997245 -0.00010312
-37.8769 93.4781 4.6365 -0.0652665 -0.997864 0.00179242
-38.8141 93.5349 4.56858 -0.051339 -0.998678 0.00258285
-38.7875 93.5365 3.49305 -0.0574938 -0.998307 -0.00875244
-38.7824 93.5432 2.31383 -0.0497766 -0.998752 -0.0025416
-38.7955 93.5359 1.17136 -0.0456938 -0.998908 0.00975244
-38.8204 93.5294 0.117382 -0.0427723 -0.999075 0.00237415
-38.7957 93.5307 -0.966274 -0.0491458 -0.998782 -0.00433382
-38.8217 93.5374 -2.04413 -0.0543404 -0.998509 -0.00516426
-38.7915 93.5394 -3.22246 -0.0534263 -0.998546 0.0062886
-38.7993 93.5339 -4.26957 -0.0545108 -0.998496 0.00580365
-38.7772 93.526 -5.27967 -0.0534201 -0.998531 0.00903444
-38.7726 93.515 -6.45208 -0.0496895 -0.998735 0.00730248
-38.1795 93.4834 -7.06392 -0.0565882 -0.998393 -0.00287518
-37.0104 93.4071 -7.0523 -0.0776992 -0.996977 -0.000275032
-36.0058 93.31 -7.0953 -0.111837 -0.993725 0.00167719
-34.8455 93.1684 -7.03722 -0.129715 -0.991541 0.00413146
-33.8284 93.0209 -7.06355 -0.154578 -0.987977 0.00255222
-32.8101 92.8503 -7.05291 -0.177878 -0.984041 0.00467747
-31.7999 92.6643 -7.07109 -0.190019 -0.981736 0.00935506
-30.8201 92.457 -7.03169 -0.231843 -0.972751 -0.00186987
-29.8076 92.2031 -7.0443 -0.254185 -0.967155 0.000705574
-28.8427 91.9288 -7.04573 -0.288664 -0.957418 0.000990724
-27.7423 91.5797 -7.06814 -0.308653 -0.951166 0.00409008
-26.6717 91.1792 -7.04993 -0.376487 -0.92637 -0.00200691
-25.6986 90.7697 -7.07466 -0.408292 -0.91268 0.00246258
-24.7189 90.2853 -7.05178 -0.466219 -0.884665 0.00297741
-23.6835 89.7295 -7.079 -0.482224 -0.876045 0.00243573
-22.7514 89.1909 -7.05 -0.517634 -0.855594 0.00189284
-21.8816 88.6527 -7.05107 -0.531404 -0.847118 0.000494223
-20.9269 88.0364 -7.0324 -0.54933 -0.835595 0.00291453
-20.0866 87.4702 -7.07221 -0.567219 -0.823534 -0.0057854
-19.1705 86.8297 -7.05639 -0.574707 -0.818338 -0.0058512
-18.2691 86.1903 -7.07087 -0.583582 -0.812049 -0.00235936
-17.3854 85.5532 -7.0488 -0.583663 -0.811995 -0.00124133
-16.4819 84.9028 -7.03584 -0.588064 -0.80878 -0.00739536
-15.645 84.291 -7.05182 -0.58873 -0.808312 -0.00533996
-14.826 83.7047 -7.065 -0.573004 -0.819519 -0.00735963
-14.4551 83.4373 -6.1419 -0.564452 -0.825345 -0.0133505
-14.464 83.4344 -5.09939 -0.565587 -0.824688 0.000366801
-14.4596 83.4346 -3.96518 -0.558854 -0.829243 0.00602882
-14.4617 83.4354 -2.94215 -0.560206 -0.828349 -0.00281426
-14.4614 83.4342 -1.9233 -0.553926 -0.832558 -0.000428104
-14.4374 83.4114 -0.905148 -0.546256 -0.837578 -0.00559503
-14.4541 83.4168 0.136196 -0.544099 -0.839016 -0.00225866
-14.443 83.4099 1.16005 -0.54767 -0.83657 0.00800225
-14.4464 83.4201 2.18166 -0.538876 -0.842385 0.000599965
-14.4736 83.4472 3.27499 -0.557499 -0.830039 0.0151679
-14.4332 83.4285 4.49333 -0.553934 -0.83256 0.000697821
-14.4171 83.4292 5.63662 -0.55219 -0.833715 0.00215124
-14.397 83.438 6.73832 -0.561924 -0.827139 0.00903819
-15.1124 83.9356 7.05271 -0.58109 -0.813674 0.0164041
-15.9543 84.542 7.07423 -0.585744 -0.810428 0.0104883
-16.8364 85.1711 7.04815 -0.578932 -0.815347 0.00674737
-17.7884 85.8605 7.04638 -0.59194 -0.805975 0.0033573
-18.6612 86.491 7.06516 -0.580693 -0.81412 -0.00123083
-19.6186 87.163 7.05116 -0.570164 -0.82153 -0.00147894
-20.4762 87.7517 7.05535 -0.559753 -0.828657 0.00132437
-21.3658 88.3356 7.07471 -0.538133 -0.842842 -0.00547814
-22.2778 88.9089 7.05281 -0.525712 -0.850643 -0.00540137
-23.2498 89.4803 7.0318 -0.491892 -0.870655 -0.00132988
-24.2462 90.0218 7.03978 -0.467512 -0.883984 -0.00191173
-25.2802 90.5448 7.06783 -0.421875 -0.906467 -0.0113818
-26.263 90.9809 7.0663 -0.39602 -0.918154 -0.0125099
-27.3209 91.4065 7.02721 -0.346462 -0.938049 0.00372584
-28.2899 91.7427 7.04802 -0.322567 -0.946537 -0.00214847
-29.3022 92.061 7.05797 -0.284112 -0.958781 -0.00397151
-30.3316 92.3364 7.07373 -0.242 -0.97026 -0.00506522
-31.306 92.5604 7.04939 -0.208268 -0.978072 0.000409019
-32.353 92.7764 7.03982 -0.190802 -0.981601 -0.00542456
-33.3445 92.9574 7.03708 -0.159994 -0.986992 0.00107563
-34.4434 93.12 7.04385 -0.138951 -0.990146 -0.0174248
-35.5655 93.2639 7.07494 -0.110418 -0.993817 0.00597349
-36.6855 93.3739 7.06229 -0.0908506 -0.995857 -0.00388673
-37.7319 93.4622 7.08446 -0.0734182 -0.997287 -0.00143596
-38.7374 93.5269 6.90401 -0.0542995 -0.998443 -0.0127622
-38.7741 93.5323 5.77752 -0.0528431 -0.998583 -0.00626278
-38.8162 93.5355 4.73339 -0.0513195 -0.998679 0.00259003
-37.3618 93.4417 4.51299 -0.0749705 -0.997173 -0.00495831
-36.1752 93.3372 4.52275 -0.102905 -0.994652 -0.00885554
-34.9876 93.2062 4.53837 -0.117644 -0.993032 -0.00692609
-33.968 93.0627 4.55634 -0.155896 -0.987773 -0.000448895
-32.9573 92.8955 4.57441 -0.175727 -0.984439 0.000223274
-31.8528 92.6811 4.60272 -0.201111 -0.979519 -0.00978507
-30.7145 92.4345 4.63734 -0.224819 -0.974351 0.00978315
-29.5844 92.1441 4.68001 -0.275051 -0.961424 0.00321262
-28.6007 91.851 4.71716 -0.295917 -0.955211 -0.0024469
-27.5889 91.5116 4.76453 -0.338368 -0.940992 -0.00645857
-26.5677 91.1192 4.81382 -0.377436 -0.926034 0.00188567
-25.4717 90.6464 4.87061 -0.425952 -0.904708 0.00823278
-24.5086 90.1655 4.93047 -0.458026 -0.888914 -0.00662056
-23.5304 89.6475 4.98739 -0.48399 -0.875063 -0.00431304
-22.654 89.1385 5.03591 -0.515965 -0.856603 -0.00340854
-21.7517 88.5839 5.09205 -0.53133 -0.847164 -0.00140362
-20.8991 88.0298 5.13588 -0.554983 -0.83185 0.00438254
-20.0294 87.4427 5.17934 -0.563059 -0.826402 0.00490664
-19.1329 86.8206 5.21493 -0.58137 -0.813625 0.00490237
-18.1883 86.1443 5.25125 -0.586186 -0.810162 0.00474972
-17.2608 85.4645 5.27797 -0.591758 -0.806108 0.00342032
-16.3701 84.8141 5.29675 -0.589069 -0.807986 0.0124772
-15.6177 84.2677 5.30914 -0.586089 -0.810111 0.0148327
-15.6618 84.2857 4.2388 -0.588248 -0.808657 0.0061644
-16.508 84.9056 4.22647 -0.592547 -0.80553 0.0031364
-17.3986 85.5602 4.21027 -0.593352 -0.804931 0.00439863
-18.2215 86.1592 4.19197 -0.587353 -0.809305 0.00642807
-19.1023 86.7917 4.16545 -0.580552 -0.814208 0.00506726
-19.9524 87.3864 4.13622 -0.566113 -0.824294 0.00738502
-20.9547 88.0638 4.09536 -0.554779 -0.831995 0.00222414
-21.7925 88.6089 4.06379 -0.53788 -0.843018 -0.00246383
-22.6435 89.1355 4.02334 -0.518714 -0.854942 -0.00334746
-23.5416 89.6579 3.98418 -0.486964 -0.873406 -0.00528246
-24.466 90.1513 3.9432 -0.463583 -0.886045 -0.00375956
-25.5328 90.6686 3.89511 -0.409532 -0.912281 -0.00523284
-26.4748 91.0766 3.85521 -0.391796 -0.920052 -2.91223e-05
-27.4256 91.459 3.81843 -0.345963 -0.938248 -0.000732061
-28.4379 91.8006 3.78061 -0.301879 -0.953346 0.000171396
-29.4304 92.1019 3.74883 -0.286002 -0.958188 -0.00890086
-30.584 92.4001 3.71476 -0.238295 -0.971182 0.00452667
-31.5849 92.6266 3.6912 -0.214336 -0.976738 0.00651209
-32.8107 92.8688 3.66526 -0.174597 -0.984629 -0.00464445
-33.8035 93.0363 3.64939 -0.157009 -0.987597 -0.000917273
-34.884 93.1951 3.63436 -0.130075 -0.991504 -2.84902e-05
-35.9798 93.3202 3.62303 -0.10708 -0.994248 -0.00234462
-37.04 93.4239 3.61439 -0.0844309 -0.996366 -0.0112602
-37.2627 93.4404 3.61312 -0.0701327 -0.997533 -0.00310741
-37.3039 93.4452 2.7131 -0.0790628 -0.996869 0.00145078
-36.1924 93.3446 2.71793 -0.100602 -0.994893 -0.00821029
-35.0445 93.2179 2.72584 -0.123367 -0.992312 -0.00984336
-33.9111 93.0565 2.73678 -0.154436 -0.987999 -0.00279197
-32.876 92.8853 2.74715 -0.172431 -0.984968 -0.0102522
-31.8069 92.6713 2.76441 -0.207923 -0.978145 -0.000468242
-30.7233 92.4289 2.78259 -0.221562 -0.975135 -0.00462722
-29.6198 92.1513 2.80696 -0.26588 -0.963979 0.0072264
-28.6453 91.8679 2.82994 -0.295659 -0.955281 -0.00486043
-27.6323 91.5318 2.85721 -0.335432 -0.942064 9.01464e-05
-26.6577 91.1557 2.88565 -0.380449 -0.924789 -0.00479378
-25.7367 90.7584 2.91286 -0.405812 -0.913941 -0.00535125
-24.7657 90.3063 2.94444 -0.453119 -0.891417 0.00763702
-23.8016 89.8034 2.97647 -0.476836 -0.878991 -0.00153085
-22.785 89.2211 3.00951 -0.514229 -0.857646 0.00345221
-21.7798 88.5979 3.04122 -0.536225 -0.844062 0.00468779
-20.8578 87.9946 3.06961 -0.556359 -0.830915 0.00677463
-19.8792 87.3282 3.09707 -0.56886 -0.822409 0.00652157
-18.9376 86.6664 3.12156 -0.58092 -0.813945 0.00512904
-18.1031 86.066 3.13888 -0.586267 -0.810103 0.00481667
-17.1626 85.3787 3.157 -0.591891 -0.805975 0.00832302
-16.3077 84.7529 3.16676 -0.592545 -0.805475 0.00998689
-15.6594 84.276 3.1728 -0.589113 -0.807978 0.0108351
-15.733 84.3186 2.11191 -0.592225 -0.805749 0.00619393
-16.5917 84.948 2.10327 -0.591486 -0.806268 0.00872685
-17.4332 85.5659 2.09435 -0.592411 -0.805575 0.00994027
-18.3341 86.2254 2.08367 -0.587358 -0.809304 0.00612169
-19.2263 86.864 2.06787 -0.578677 -0.815539 0.00547546
-20.1869 87.5342 2.0533 -0.568923 -0.822385 0.0029652
-21.0713 88.1346 2.03655 -0.549809 -0.83529 -0.000819523
-21.992 88.7293 2.01659 -0.531827 -0.846853 -0.000557863
-22.8519 89.2593 2.00001 -0.522324 -0.852746 0.00112434
-23.7838 89.7875 1.98064 -0.475431 -0.879732 0.00603121
-24.7692 90.3054 1.96005 -0.454324 -0.890814 0.00624559
-25.7754 90.7799 1.93861 -0.41053 -0.911828 -0.00585579
-26.7391 91.1917 1.92043 -0.377438 -0.926032 0.00238741
-27.8506 91.6051 1.898 -0.32416 -0.946 -0.00211523
-28.8157 91.9135 1.88361 -0.279812 -0.960037 0.00579444
-29.8331 92.2047 1.86692 -0.270308 -0.962715 0.0106753
-30.8506 92.466 1.85431 -0.22848 -0.973541 0.0039463
-31.8635 92.6879 1.84259 -0.206244 -0.978467 -0.00809479
-32.8606 92.8862 1.83236 -0.174602 -0.984617 -0.00662191
-33.9758 93.071 1.82506 -0.150903 -0.988544 -0.00314926
-35.0985 93.2279 1.81776 -0.12064 -0.992691 -0.00336985
-36.1087 93.3391 1.81355 -0.0983188 -0.995152 -0.00223253
-37.0679 93.424 1.80958 -0.0829413 -0.996554 0.000585396
-37.275 93.4455 0.901551 -0.0772953 -0.996996 -0.0049952
-36.2173 93.35 0.90548 -0.0920583 -0.995753 0.0010412
-35.0393 93.2223 0.910116 -0.121646 -0.992573 -0.000352368
-34.0035 93.0788 0.912103 -0.155038 -0.987908 -0.00143704
-33.004 92.9157 0.915368 -0.169888 -0.985441 -0.00657862
-31.9937 92.7221 0.918713 -0.200803 -0.979605 -0.00725304
-30.9307 92.4881 0.923272 -0.231083 -0.972934 0.000630933
-29.8514 92.205 0.930845 -0.273343 -0.961917 -8.40685e-06
-28.8754 91.9247 0.939495 -0.283808 -0.958881 0.000628581
-27.8006 91.5875 0.947594 -0.332614 -0.943051 -0.00465615
-26.7973 91.2151 0.956213 -0.365103 -0.930933 0.00802834
-25.7472 90.7685 0.965515 -0.412027 -0.91117 0.0018194
-24.7886 90.3097 0.975542 -0.448505 -0.893769 -0.00452672
-23.8014 89.7949 0.985827 -0.467719 -0.883872 0.00321776
-22.9275 89.3068 0.993494 -0.509258 -0.860614 0.000128738
-22.0432 88.7677 1.00184 -0.524866 -0.851125 -0.010097
-21.0573 88.1253 1.01126 -0.554932 -0.831882 -0.00464473
-20.0901 87.4649 1.01982 -0.568122 -0.822941 -0.00231479
-19.1903 86.8345 1.02858 -0.576715 -0.816944 0.00157769
-18.2725 86.1733 1.03353 -0.589693 -0.807612 0.0050736
-17.3967 85.5297 1.041 -0.594012 -0.804445 0.00424105
-16.5214 84.8887 1.0475 -0.587828 -0.808981 0.00300484
-15.692 84.2828 1.05255 -0.591941 -0.805975 0.00325326
-15.6088 84.2196 -0.00922905 -0.589923 -0.807459 0.000875044
-16.4762 84.8575 -0.00906222 -0.591091 -0.8066 -0.00290419
-17.3453 85.4921 -0.00949215 -0.592269 -0.805739 -0.00132471
-18.1621 86.0905 -0.0104656 -0.589216 -0.807975 7.03036e-05
-19.1106 86.777 -0.0124566 -0.584304 -0.811533 0.00171971
-20.0372 87.4298 -0.01523 -0.571191 -0.820813 -0.00249227
-20.9459 88.0529 -0.0146043 -0.553129 -0.833095 0.000889279
-21.8012 88.6151 -0.0136634 -0.544364 -0.838846 0.0024725
-22.662 89.147 -0.0129878 -0.518056 -0.85534 0.00341949
-23.581 89.6736 -0.0101564 -0.47591 -0.879484 -0.0040424
-24.5848 90.2042 -0.00806489 -0.461924 -0.886913 -0.00349542
-25.5996 90.7012 -0.00765866 -0.420408 -0.907332 -0.00243243
-26.6593 91.1637 -0.00636387 -0.388626 -0.921381 -0.0051612
-27.7437 91.5684 -0.00460446 -0.330816 -0.943693 -0.00190736
-28.7343 91.8918 -0.00467988 -0.288793 -0.95736 -0.00781945
-29.7489 92.1848 -0.00309815 -0.270991 -0.96254 -0.00903225
-30.888 92.4805 -0.00435658 -0.227965 -0.973666 0.0026754
-31.9005 92.703 -0.00369535 -0.205998 -0.97854 0.00486336
-32.971 92.9116 -0.00175891 -0.171239 -0.985219 0.00459879
-34.027 93.0809 0.000324251 -0.145368 -0.989371 0.00366058
-35.0187 93.2177 0.00066605 -0.117877 -0.993025 0.0025695
-36.0218 93.3295 -0.00113618 -0.094929 -0.995483 0.00159972
-37.1351 93.4316 -0.00187428 -0.0852867 -0.996329 0.00735198
-37.2934 93.4451 -0.00186331 -0.0834054 -0.996463 0.0102838
-37.2518 93.4391 -0.904255 -0.078917 -0.996864 -0.00589183
-36.2414 93.35 -0.906665 -0.101154 -0.994868 0.00253533
-35.1368 93.228 -0.909305 -0.129352 -0.991592 0.00360046
-34.1252 93.0905 -0.912948 -0.145202 -0.989402 -6.06687e-06
-32.98 92.9116 -0.919067 -0.17442 -0.98466 -0.00477761
-31.9122 92.7038 -0.924484 -0.201355 -0.979517 -0.00187307
-30.9294 92.4895 -0.930715 -0.232627 -0.972556 0.00435888
-29.9342 92.2391 -0.93948 -0.261578 -0.965179 -0.00244681
-28.9502 91.9639 -0.946104 -0.289909 -0.957053 -0.00126381
-27.8406 91.6041 -0.956508 -0.329091 -0.944297 -0.00164605
-26.8575 91.2425 -0.967864 -0.362995 -0.931782 -0.00407183
-25.7629 90.7697 -0.980502 -0.409774 -0.912187 9.19343e-05
-24.8109 90.3226 -0.992157 -0.444249 -0.895879 -0.00654417
-23.8895 89.845 -1.00329 -0.481125 -0.87659 -0.0104824
-22.8891 89.2771 -1.01407 -0.505074 -0.863066 0.004075
-22.0236 88.7526 -1.02591 -0.540248 -0.841495 0.00435104
-21.1239 88.1705 -1.03631 -0.546386 -0.837534 0.000401142
-20.1761 87.5282 -1.04418 -0.573174 -0.81943 -0.00264475
-19.258 86.881 -1.05335 -0.579777 -0.814774 0.00139143
-18.3707 86.2415 -1.05874 -0.58754 -0.809195 0.000580996
-17.5555 85.6472 -1.06374 -0.588933 -0.808182 -0.000546257
-16.7287 85.0455 -1.06602 -0.590165 -0.807283 -0.000532734
-15.8264 84.3776 -1.06894 -0.597338 -0.801987 0.00194078
-15.6356 84.2381 -1.0689 -0.58891 -0.808194 0.00275314
-15.7162 84.2991 -2.13304 -0.587532 -0.8092 -0.00120623
-16.5336 84.9037 -2.12814 -0.590013 -0.807391 -0.00201393
-17.3666 85.5118 -2.11996 -0.588292 -0.808646 -0.0018552
-18.3185 86.2029 -2.10848 -0.586388 -0.81003 0.000868833
-19.152 86.8038 -2.09719 -0.583315 -0.812246 0.000469548
-19.9736 87.3881 -2.08094 -0.570542 -0.821262 0.00314135
-20.9184 88.0317 -2.06409 -0.556047 -0.831143 0.00354973
-21.7653 88.5836 -2.04567 -0.542127 -0.840275 0.00609465
-22.7236 89.1756 -2.02321 -0.505846 -0.862602 0.00610879
-23.5947 89.6788 -2.00548 -0.490801 -0.871267 0.00271627
-24.5925 90.2132 -1.98064 -0.454612 -0.890623 -0.0109081
-25.5127 90.6574 -1.96107 -0.420316 -0.907372 -0.00336836
-26.4411 91.0687 -1.9393 -0.385686 -0.922626 -0.00272705
-27.3849 91.4417 -1.91833 -0.333928 -0.942598 0.000804741
-28.4902 91.8219 -1.89662 -0.299286 -0.954156 0.00374336
-29.5913 92.1438 -1.87755 -0.258157 -0.966095 0.00380091
-30.5849 92.4031 -1.86395 -0.238649 -0.971103 -0.00216873
-31.6905 92.6578 -1.85071 -0.206815 -0.978378 -0.00221977
-32.7695 92.872 -1.83769 -0.178189 -0.983995 -0.00132328
-33.9137 93.06 -1.82911 -0.15055 -0.988602 -0.0010073
-34.991 93.2086 -1.82182 -0.133625 -0.991028 -0.00290005
-36.0635 93.3306 -1.81461 -0.105635 -0.994386 0.0061233
-37.1533 93.4332 -1.81012 -0.0801946 -0.996777 0.00215069
-37.2711 93.442 -1.80963 -0.0744026 -0.997219 0.00441063
-37.2902 93.4387 -2.71303 -0.077641 -0.99697 0.00471311
-36.2319 93.3435 -2.71953 -0.100924 -0.994894 0.000623332
-35.082 93.2176 -2.72849 -0.118026 -0.992988 0.00670525
-34.0546 93.0801 -2.73869 -0.144544 -0.989497 -0.00171216
-32.9327 92.8992 -2.75353 -0.174949 -0.984541 0.00842334
-31.8716 92.6937 -2.76969 -0.202386 -0.979306 -0.000175498
-30.8777 92.476 -2.78657 -0.226541 -0.973979 -0.00664299
-29.7686 92.1909 -2.81045 -0.262025 -0.96504 -0.00638208
-28.6796 91.8833 -2.83698 -0.300871 -0.953665 -0.000657397
-27.6396 91.529 -2.86653 -0.334705 -0.942315 0.00385191
-26.5118 91.1009 -2.90223 -0.376702 -0.926332 0.00223322
-25.4184 90.6154 -2.9405 -0.425703 -0.904848 -0.00521384
-24.4688 90.1535 -2.97192 -0.446093 -0.894985 0.00158783
-23.5136 89.6316 -3.00566 -0.495105 -0.868833 0.000552457
-22.5757 89.0853 -3.03857 -0.518169 -0.855251 0.00675213
-21.6835 88.5263 -3.06823 -0.538379 -0.842685 0.00541677
-20.8209 87.9679 -3.09706 -0.550906 -0.834567 0.000509619
-19.9589 87.3758 -3.12136 -0.573611 -0.819126 0.00176884
-19.095 86.7623 -3.14232 -0.583434 -0.81216 -0.000523103
-18.2654 86.1646 -3.16191 -0.585824 -0.810437 -0.00151118
-17.4236 85.5572 -3.17702 -0.585326 -0.810788 -0.0038787
-16.6042 84.9583 -3.1879 -0.592506 -0.805557 -0.00375328
-15.6914 84.288 -3.19635 -0.58517 -0.81091 -0.00112129
-15.7382 84.3238 -4.26339 -0.587671 -0.80908 -0.0056693
-16.6792 85.0169 -4.25017 -0.594986 -0.803732 -0.00277604
-17.6391 85.721 -4.23003 -0.586026 -0.810257 -0.00751197
-18.4744 86.3207 -4.20939 -0.582512 -0.81279 -0.00722136
-19.3148 86.9211 -4.18491 -0.577968 -0.816058 -0.00152038
-20.1835 87.5293 -4.15443 -0.57016 -0.821526 0.00364073
-21.0162 88.0946 -4.12067 -0.557188 -0.830373 -0.00464795
-21.8908 88.6596 -4.08201 -0.531736 -0.846889 -0.00602252
-22.9245 89.2927 -4.03444 -0.511802 -0.859101 0.00187425
-23.8285 89.8106 -3.99032 -0.484213 -0.87494 0.00416088
-24.7411 90.2897 -3.94842 -0.438694 -0.898632 -0.0027341
-25.7034 90.7472 -3.90259 -0.419645 -0.907687 -0.00167947
-26.7239 91.186 -3.85582 -0.367869 -0.929841 -0.00823153
-27.8442 91.6035 -3.81251 -0.326733 -0.94511 -0.00345677
-28.9406 91.9568 -3.76938 -0.285502 -0.958357 0.00629642
-29.9517 92.2408 -3.73686 -0.263353 -0.964699 -0.00117642
-30.9493 92.4922 -3.70971 -0.226144 -0.974086 -0.00389957
-31.9834 92.7157 -3.68617 -0.196186 -0.980566 0.00147715
-33.0919 92.924 -3.66449 -0.167774 -0.985802 0.00686615
-34.268 93.1084 -3.64521 -0.139403 -0.990235 0.0010567
-35.3453 93.2457 -3.63297 -0.115063 -0.993348 0.00459715
-36.3738 93.3542 -3.62178 -0.0977088 -0.995186 0.00757361
-37.3229 93.4364 -3.61408 -0.0781247 -0.996936 0.003778
-37.337 93.4349 -4.515 -0.0823027 -0.9966 0.00388396
-36.2886 93.34 -4.52382 -0.0957129 -0.995386 0.00681274
-35.2537 93.2306 -4.53602 -0.110984 -0.993819 0.00241896
-34.2053 93.0939 -4.55202 -0.145944 -0.989235 0.0106894
-33.0262 92.9052 -4.57841 -0.170534 -0.98527 0.0127051
-31.9873 92.7144 -4.60007 -0.187391 -0.982282 0.0027743
-30.9062 92.4798 -4.6335 -0.224901 -0.974371 0.00454913
-29.8907 92.223 -4.66848 -0.257962 -0.966134 -0.00635606
-28.926 91.9434 -4.70847 -0.280496 -0.959855 0.00109467
-27.9663 91.6499 -4.75478 -0.316099 -0.94872 0.00336624
-26.9884 91.2945 -4.80319 -0.362295 -0.931991 -0.0116742
-25.9954 90.8841 -4.85738 -0.408588 -0.912666 -0.00982307
-25.0251 90.4391 -4.91652 -0.422393 -0.906317 -0.0131421
-24.0802 89.9504 -4.97058 -0.480392 -0.877052 -0.00190804
-23.159 89.4314 -5.02832 -0.509528 -0.860451 0.00201831
-22.2559 88.8893 -5.08697 -0.529387 -0.848354 0.00665963
-21.3753 88.3299 -5.13705 -0.548517 -0.83614 -0.000114099
-20.477 87.7306 -5.18792 -0.567354 -0.823472 -0.00198834
-19.5827 87.1119 -5.2327 -0.571241 -0.820779 -0.00238887
-18.7336 86.5132 -5.26368 -0.578125 -0.815931 -0.00535949
-17.744 85.8063 -5.29309 -0.583629 -0.811985 -0.00754308
-16.846 85.1505 -5.31579 -0.59246 -0.805549 -0.00907354
-15.9506 84.4916 -5.33144 -0.592089 -0.80579 -0.0115188
-15.6417 84.2658 -5.33542 -0.589739 -0.807496 -0.0125529
-29.6061 92.146 -5.607 -0.277191 -0.960705 -0.014557
-30.6591 92.4173 -5.56152 -0.227469 -0.973707 0.012324
-31.665 92.6412 -5.52323 -0.200655 -0.97966 0.00166525
-32.7837 92.8559 -5.48842 -0.172314 -0.985 0.00911312
-33.8068 93.03 -5.46576 -0.154568 -0.987924 0.0106699
-34.9783 93.1927 -5.44132 -0.127419 -0.991849 0.000435213
-36.0527 93.315 -5.42427 -0.100668 -0.99489 -0.00775294
-37.0782 93.4109 -5.41288 -0.0860696 -0.996277 0.0048705
-37.2988 93.43 -5.41078 -0.0860266 -0.996281 0.00485222
-37.1609 93.4209 5.41094 -0.0802553 -0.996768 -0.00364503
-36.1294 93.3297 5.42153 -0.104919 -0.994445 -0.00844646
-35.08 93.2152 5.43876 -0.115539 -0.993292 -0.00472574
-34.0686 93.0818 5.45814 -0.148582 -0.988899 0.00130985
-33.0439 92.9093 5.48135 -0.181561 -0.983374 -0.00325605
-31.9248 92.6916 5.51475 -0.200898 -0.979612 -0.000254668
-30.7278 92.4358 5.55841 -0.215396 -0.976474 -0.010173
-29.7236 92.18 5.60343 -0.27043 -0.962736 -0.00276857
-28.7559 91.8965 5.64431 -0.292784 -0.956178 0.0013893
-28.6787 91.8729 5.64801 -0.292791 -0.956175 0.00137156
