-1.02802 84.192 -2.77258 0.533235 -0.845915 -0.00157646
-1.01076 84.1954 -1.62238 0.561878 -0.826776 -0.0224366
-0.978742 84.2133 -0.555583 0.584181 -0.81162 0.00246151
-0.974502 84.2225 0.574704 0.570385 -0.821213 0.0164497
-0.951022 84.2503 1.67435 0.548107 -0.836407 -0.000279685
-0.95229 84.2505 2.69542 0.561942 -0.826941 0.0197387
-0.983132 84.2359 3.70077 0.573168 -0.819197 0.0198729
-1.00807 84.2337 4.70113 0.57203 -0.820193 0.00807368
-0.985384 84.2506 5.83156 0.566597 -0.823888 -6.06706e-05
-0.224338 84.7967 6.06911 0.591789 -0.806051 0.00821337
0.561799 85.4151 6.08745 0.635896 -0.771774 0.000188082
1.43187 86.1543 6.1085 0.66758 -0.744525 0.00239051
2.33702 86.9879 6.0951 0.681482 -0.731834 -0.000544026
3.17654 87.773 6.05233 0.693533 -0.720378 0.00480595
3.96587 88.5582 6.09907 0.711318 -0.702871 0.000278565
4.70034 89.3132 6.07423 0.731616 -0.681711 -0.00290009
5.48756 90.1644 6.09742 0.737209 -0.675652 -0.00406194
6.27201 91.0368 6.08781 0.750568 -0.660791 -0.00203536
6.53408 91.3365 5.34752 0.753272 -0.657649 -0.00818341
6.5498 91.3657 4.34683 0.752375 -0.658688 -0.0078181
6.5625 91.3823 3.29146 0.75325 -0.657709 0.00567458
6.55083 91.369 2.07142 0.75832 -0.651873 -0.00291422
6.54189 91.3674 0.981509 0.757736 -0.652547 -0.0041144
6.55066 91.3791 -0.107187 0.756678 -0.653786 -0.00105971
6.5614 91.3952 -1.2283 0.755484 -0.655162 -0.00237279
6.55942 91.3948 -2.46067 0.753531 -0.657412 0.000369065
6.55694 91.3815 -3.51688 0.754266 -0.656529 0.00726242
6.57979 91.3958 -4.70882 0.75212 -0.658987 0.00716734
6.54918 91.3512 -5.73104 0.751966 -0.659145 0.00866073
5.93115 90.6493 -6.05718 0.744626 -0.667447 0.00678013
5.17478 89.8247 -6.07117 0.733197 -0.679994 0.00540377
4.48082 89.0927 -6.10051 0.721066 -0.692855 -0.00409312
3.69337 88.3003 -6.06295 0.700753 -0.713351 -0.00776445
2.91868 87.545 -6.04191 0.694723 -0.719275 -0.00164284
2.16954 86.8243 -6.09583 0.68893 -0.724794 -0.00694558
1.39451 86.1126 -6.07632 0.664693 -0.747112 0.00261121
0.576669 85.415 -6.05508 0.625769 -0.779976 -0.00701761
-0.231437 84.7716 -6.07219 0.619547 -0.784832 -0.0140279
-0.988558 84.1989 -5.79115 0.590842 -0.806514 -0.0161021
-1.01335 84.1702 -4.73557 0.540837 -0.841071 0.00167928
-1.02503 84.1852 -3.69461 0.540608 -0.841034 0.0183249
-1.02721 84.1917 -2.86248 0.533635 -0.84568 0.00766704
-1.83408 83.7154 -2.81606 0.494844 -0.868887 0.00590837
-1.83153 83.6932 -1.7072 0.4693 -0.882135 -0.0399303
-1.77472 83.6911 -0.636818 0.518403 -0.854529 -0.0123445
-1.80306 83.6837 0.431981 0.531802 -0.846752 0.0140542
-1.76387 83.7218 1.46335 0.547088 -0.836907 0.0168017
-1.76499 83.7277 2.59908 0.522284 -0.852771 0.000283635
-1.80974 83.7196 3.70153 0.50312 -0.864205 0.00437311
-1.82084 83.7093 4.77466 0.502497 -0.864517 -0.00930845
-1.82815 83.6977 5.91948 0.480302 -0.876075 0.0424534
-1.82013 83.7461 6.92079 0.493858 -0.868172 0.0453274
-0.903583 84.307 7.04481 0.544514 -0.8382 0.00245372
-0.0822146 84.9194 7.03578 0.618102 -0.786012 0.0116355
0.744854 85.5724 7.0489 0.626439 -0.779417 0.00916117
1.57331 86.2782 7.04576 0.674056 -0.738641 0.00757994
2.31732 86.9653 7.04324 0.678902 -0.734192 -0.00737279
3.09643 87.6959 7.02144 0.695429 -0.718577 -0.00510651
3.88558 88.4757 7.05372 0.708554 -0.705654 -0.00201768
4.5902 89.1947 7.03706 0.720957 -0.692935 -0.00782741
5.39854 90.0628 7.04411 0.739727 -0.672907 0.000599984
6.14459 90.8888 7.04567 0.745768 -0.666206 5.60679e-05
6.83106 91.6763 7.06961 0.756789 -0.653659 -0.00100346
7.20387 92.1055 6.37464 0.754103 -0.65675 0.00268001
7.19668 92.0955 5.33225 0.753207 -0.65778 -0.00206666
7.19242 92.1009 4.2606 0.752339 -0.65874 -0.00685592
7.20323 92.1189 3.18195 0.754087 -0.656774 -0.00106927
7.18745 92.1042 2.08809 0.752892 -0.658123 -0.00526785
7.17819 92.1018 1.00538 0.752483 -0.658574 -0.00697115
7.17562 92.1022 -0.101335 0.756417 -0.654088 -0.00139134
7.19275 92.1236 -1.15053 0.755553 -0.655085 0.0015761
7.1846 92.1117 -2.19761 0.750697 -0.660646 0.00133268
7.18417 92.1063 -3.20117 0.753792 -0.657098 0.00444098
7.18873 92.0988 -4.28236 0.755466 -0.655153 0.00676979
7.20558 92.1048 -5.47038 0.749586 -0.661863 0.00754828
7.18981 92.0732 -6.47068 0.754569 -0.656162 0.00837996
6.8102 91.6267 -7.05019 0.754034 -0.656704 0.0131424
6.09699 90.8183 -7.03394 0.748614 -0.662855 0.0141525
5.26402 89.9166 -7.03895 0.723178 -0.690661 -0.00139934
4.46062 89.0822 -7.04495 0.718014 -0.695985 -0.00781778
3.66705 88.2858 -7.02542 0.70393 -0.710214 -0.00869464
2.9293 87.5593 -7.01002 0.699738 -0.714372 -0.00626273
2.19977 86.8577 -7.05441 0.685363 -0.728147 -0.00885394
1.4314 86.1457 -7.03656 0.669733 -0.74253 -0.00536603
0.557378 85.4046 -7.03711 0.624802 -0.780783 -3.39452e-05
-0.248355 84.7754 -7.03492 0.614678 -0.788631 -0.0152058
-1.14973 84.1271 -7.03071 0.532879 -0.845323 -0.0236192
-1.83604 83.7139 -6.69582 0.483128 -0.874638 -0.0399383
-1.83864 83.6818 -5.67716 0.458462 -0.888325 -0.010857
-1.84452 83.68 -4.664 0.413312 -0.910555 -0.00787383
-1.84584 83.6932 -3.60252 0.480199 -0.87698 0.0177536
-1.83178 83.714 -2.96538 0.499311 -0.866273 0.016105
-0.538588 84.5143 -2.8055 0.576626 -0.816941 -0.0105145
0.262295 85.143 -2.81934 0.623741 -0.781478 -0.0154618
1.06226 85.8085 -2.84033 0.646898 -0.762526 -0.00883299
1.81995 86.4941 -2.86635 0.684217 -0.729276 -0.00158392
2.61921 87.2545 -2.89568 0.693251 -0.720696 -0.00053807
3.37395 87.9893 -2.92174 0.69951 -0.714616 0.00302979
4.08831 88.6936 -2.94762 0.707725 -0.706483 0.00260479
4.79628 89.426 -2.97175 0.734395 -0.678692 -0.00636827
5.528 90.227 -2.99294 0.739568 -0.673081 -0.000397057
6.19339 90.9731 -3.01292 0.752481 -0.658583 0.00638344
6.18747 90.9679 -2.00903 0.754905 -0.655832 -0.0018876
5.51022 90.202 -1.99775 0.743259 -0.668975 -0.0061275
4.70841 89.3269 -1.97832 0.727842 -0.685745 -0.00056018
3.8851 88.4927 -1.96045 0.703754 -0.710443 -0.00102359
3.03998 87.6644 -1.94029 0.699124 -0.715001 0.000176659
2.27863 86.9248 -1.92348 0.693703 -0.720248 -0.00432102
1.52773 86.223 -1.90767 0.670597 -0.741804 0.00509314
0.691574 85.4866 -1.89324 0.654938 -0.755609 -0.010527
-0.162301 84.8 -1.8808 0.603112 -0.797628 -0.00667761
-0.618142 84.4703 -1.87664 0.570067 -0.821577 0.00593282
-0.591825 84.4912 -0.947466 0.585934 -0.810356 0.00202686
0.296759 85.1601 -0.948623 0.628599 -0.777729 0.00142679
1.09228 85.841 -0.955381 0.660314 -0.750906 0.0112
1.96812 86.6303 -0.963668 0.682074 -0.73126 0.00585098
2.70699 87.3365 -0.971568 0.695492 -0.718522 -0.00410057
3.42868 88.0409 -0.980057 0.699866 -0.714264 -0.00378414
4.16501 88.7691 -0.986085 0.704415 -0.709788 0.000298076
4.8979 89.5276 -0.997299 0.731543 -0.681787 0.0033529
5.67263 90.3754 -1.00611 0.75019 -0.661207 -0.00462601
6.19481 90.9712 -1.00886 0.755891 -0.654692 -0.00259064
6.11144 90.8717 -0.00393133 0.754121 -0.656735 -0.000260897
5.35535 90.0197 -0.00438369 0.741189 -0.671283 -0.00412724
4.64967 89.2661 -0.00759313 0.722476 -0.691396 -0.000240445
3.77879 88.3849 -0.00781597 0.708042 -0.706168 0.00202109
3.04023 87.6554 -0.00797491 0.69795 -0.716139 -0.0032346
2.25482 86.8992 -0.00959292 0.685174 -0.728376 0.00204584
1.48842 86.2002 -0.010183 0.661389 -0.750019 0.00598198
0.635563 85.458 -0.0112558 0.651505 -0.758563 0.0111154
-0.209699 84.7696 -0.0108406 0.604542 -0.79626 -0.0223479
-0.410461 84.6173 -0.01198 0.580947 -0.813918 -0.00622819
-0.532708 84.5314 0.923042 0.576896 -0.816809 0.00390694
0.344507 85.2113 0.92714 0.647075 -0.76242 -0.00306864
1.10296 85.8642 0.935359 0.654593 -0.755853 -0.0139344
1.87686 86.5488 0.944516 0.668853 -0.743377 -0.00512683
2.67449 87.2962 0.953536 0.692386 -0.72151 -0.00496567
3.40125 88.0055 0.963901 0.701801 -0.712368 -0.00262938
4.15594 88.7639 0.972196 0.712773 -0.701393 -0.00163503
4.93587 89.5702 0.984617 0.72845 -0.685096 -0.00220415
5.62361 90.3168 0.990749 0.742395 -0.669962 -0.00042124
6.08434 90.8385 0.99372 0.755074 -0.655634 -0.00254284
6.21125 90.9771 2.0014 0.752682 -0.658365 -0.00490363
5.50632 90.1882 1.98801 0.738452 -0.674306 0.000141959
4.68245 89.3025 1.96835 0.728197 -0.685364 -0.00232575
3.95845 88.5595 1.95033 0.709851 -0.704344 -0.00335392
3.23537 87.8387 1.93112 0.701437 -0.712731 0.000630285
2.47053 87.1009 1.91171 0.689509 -0.724277 0.00055425
1.66612 86.3502 1.89263 0.674134 -0.73859 -0.00531101
0.812431 85.6013 1.87356 0.647552 -0.76202 -0.00145488
-0.056599 84.8885 1.85567 0.618203 -0.785933 -0.0116043
-0.41583 84.6163 1.85257 0.598698 -0.800966 -0.00376146
-0.545067 84.5362 2.77919 0.604467 -0.796449 0.0169709
0.359722 85.2336 2.79944 0.619837 -0.784643 0.0117151
1.20604 85.9463 2.82713 0.657055 -0.753763 0.0109465
2.00831 86.6699 2.85529 0.68323 -0.73012 0.011019
2.83583 87.4535 2.88676 0.690807 -0.72303 0.00371284
3.63103 88.2243 2.91818 0.701964 -0.712129 -0.0109131
4.38198 88.9878 2.94515 0.723145 -0.690697 0.000112358
5.12996 89.7781 2.97416 0.730921 -0.682457 0.00278954
5.85586 90.577 2.99719 0.746477 -0.665411 5.15838e-05
6.13532 90.8934 3.00443 0.750681 -0.660648 0.0047268
6.12494 90.8855 4.01671 0.751599 -0.659618 -0.00188631
5.43669 90.1127 3.98724 0.738437 -0.674315 -0.00314785
4.7399 89.3621 3.95276 0.728812 -0.684688 -0.00599945
3.93622 88.526 3.91033 0.713571 -0.700579 -0.00225059
3.14926 87.75 3.86785 0.693996 -0.719974 -0.00275567
2.35216 87.0006 3.82882 0.681904 -0.731435 0.00304028
1.56131 86.2728 3.78377 0.668514 -0.743668 0.00680133
0.664691 85.4901 3.74617 0.643765 -0.765211 -0.00432613
-0.157287 84.8434 3.71523 0.601491 -0.79885 0.00679427
-0.557618 84.5441 3.70215 0.59383 -0.8045 0.0120676
-0.502716 84.5951 4.62107 0.589478 -0.807784 0.00109255
0.438491 85.3102 4.66276 0.614624 -0.788813 0.00333568
1.2922 86.0389 4.71209 0.663325 -0.748331 -0.00101562
2.16271 86.8252 4.77198 0.675659 -0.737213 0.00144598
2.9525 87.5612 4.82841 0.684882 -0.728654 -0.00102839
3.67625 88.2652 4.87713 0.70469 -0.709505 -0.00384533
4.3835 88.9862 4.92637 0.71957 -0.694416 0.00232269
5.12953 89.7781 4.97589 0.733082 -0.68014 0.000440587
5.82747 90.5416 5.0169 0.741558 -0.670871 -0.00485134
6.19515 90.9547 5.03646 0.749848 -0.661578 -0.00655538
0.706428 85.5336 5.60319 0.643115 -0.765721 0.00858
-0.0877799 84.9009 5.54952 0.60032 -0.799648 -0.0133722
-0.385139 84.679 5.53316 0.587702 -0.809051 -0.00659237
-0.602132 84.4738 -3.7196 0.595544 -0.803179 0.0151989
0.241987 85.1304 -3.74741 0.636694 -0.771103 0.00452019
1.06612 85.8231 -3.77892 0.656117 -0.754585 -0.0105756
1.91672 86.5859 -3.82359 0.683346 -0.730093 -0.00125831
2.70913 87.3398 -3.86073 0.693358 -0.72059 0.00214267
3.44235 88.0486 -3.9012 0.698365 -0.71573 0.0041548
4.22422 88.8228 -3.93915 0.714502 -0.699628 0.0028222
4.93568 89.5766 -3.97487 0.73645 -0.676489 0.00215409
5.66431 90.3744 -4.00171 0.742174 -0.670191 0.00472943
6.21662 90.9904 -4.02264 0.74582 -0.666118 0.00630724
6.25309 91.0211 -5.04431 0.747441 -0.664294 0.00674299
5.5758 90.2707 -5.01074 0.738622 -0.674097 0.00560523
4.84708 89.4795 -4.9671 0.733538 -0.679638 0.00367754
4.15663 88.7542 -4.9231 0.711081 -0.703108 0.00187416
3.28885 87.9004 -4.86854 0.694073 -0.719901 -0.00205863
2.5556 87.194 -4.8134 0.693571 -0.720368 -0.00541202
1.82156 86.4985 -4.76819 0.673924 -0.7388 0.00108136
0.971888 85.7452 -4.70889 0.653036 -0.757327 0.000492569
0.181528 85.08 -4.66578 0.627858 -0.778308 -0.00546016
-0.587062 84.4754 -4.6327 0.596253 -0.802635 -0.0160923
-0.50914 84.5507 -5.54155 0.606472 -0.795031 -0.010849
0.0685549 85.0003 -5.57493 0.623479 -0.781712 -0.0141538
0.0814832 85.0107 -5.57582 0.628036 -0.778115 -0.0103889
