-39.816 96.9352 0.105489 -0.0159063 -0.999856 -0.00193988
-39.7967 96.9283 1.20146 -0.00936758 -0.999953 -0.00262168
-39.7879 96.9298 2.36445 -0.0088625 -0.999958 0.00245604
-39.7903 96.9342 3.5314 -0.00528327 -0.999971 0.00541094
-39.7649 96.9341 4.54316 -0.0106284 -0.999941 -0.00232002
-39.7893 96.9333 5.62098 -0.0053429 -0.999984 -0.00152708
-39.0408 96.9231 6.08945 -0.0213065 -0.999772 -0.00136648
-37.887 96.8887 6.12449 -0.0376932 -0.999281 0.00404021
-36.838 96.8386 6.1065 -0.0533928 -0.998571 0.00217465
-35.817 96.7747 6.11183 -0.0697537 -0.997561 -0.00124274
-34.7154 96.6799 6.10647 -0.1002 -0.994958 -0.00428775
-33.6243 96.5638 6.10642 -0.112244 -0.99368 -0.00109376
-32.5559 96.4285 6.1075 -0.139451 -0.990228 -0.00107212
-31.4659 96.261 6.09965 -0.158133 -0.987404 -0.00518216
-30.4327 96.075 6.12106 -0.189943 -0.981793 0.002209
-29.4213 95.8549 6.10788 -0.237345 -0.971424 -0.00151301
-28.2273 95.5505 6.09472 -0.265971 -0.963934 0.00948821
-27.2478 95.2587 6.11981 -0.30641 -0.951881 0.00587324
-26.3003 94.9352 6.10953 -0.339514 -0.940588 0.00500536
-25.3668 94.5742 6.11879 -0.394959 -0.918624 0.00856367
-24.4462 94.1658 6.09642 -0.412222 -0.911083 -1.37232e-05
-23.4396 93.6787 6.11068 -0.458658 -0.888608 -0.00131419
-22.4268 93.1245 6.10613 -0.498103 -0.867107 -0.00427614
-21.5493 92.6064 6.10207 -0.526108 -0.8504 -0.000299593
-20.5909 91.9975 6.07839 -0.545912 -0.837842 0.00123321
-19.7565 91.4379 6.1022 -0.563463 -0.826092 -0.00904402
-18.8816 90.8227 6.0878 -0.578645 -0.815577 -0.00196524
-18.0527 90.233 6.06919 -0.581445 -0.813583 0.00193919
-17.1632 89.6025 6.09647 -0.575344 -0.817897 0.00479116
-16.3288 89.0177 6.1244 -0.572448 -0.819914 0.00666681
-15.3478 88.3471 6.10927 -0.559061 -0.829118 0.00380455
-14.4513 87.7593 6.08424 -0.538296 -0.842695 0.0101027
-13.5788 87.2152 6.11422 -0.51941 -0.854447 0.0115693
-12.7038 86.7124 6.1193 -0.480435 -0.877012 0.00561233
-11.7023 86.1816 6.10939 -0.440919 -0.897405 0.0159849
-10.6117 85.6843 6.10951 -0.383623 -0.923486 0.00261671
-9.63147 85.36 6.08243 -0.257979 -0.965664 -0.0198316
-8.51704 85.1207 6.08158 -0.121411 -0.992489 -0.0149779
-7.37584 85.0518 6.11251 -0.015136 -0.999818 -0.0112785
-6.34722 85.1059 6.12003 0.125674 -0.992013 0.0107627
-5.28302 85.2548 6.11678 0.158501 -0.987096 0.022762
-4.14154 85.5693 6.13001 0.338315 -0.940935 0.0135866
-3.15626 85.9539 6.1031 0.387824 -0.921686 0.00931648
-2.23167 86.439 6.08486 0.521354 -0.853003 0.017315
-1.3902 86.9834 6.11412 0.577948 -0.815914 0.0117509
-0.51551 87.6436 6.13644 0.619742 -0.784789 0.00510813
0.32436 88.3098 6.09386 0.63125 -0.775558 0.00573663
1.23884 89.1159 6.08845 0.679661 -0.733517 -0.000429199
2.00835 89.8448 6.08072 0.693454 -0.720491 0.000383328
2.74282 90.5712 6.06558 0.709864 -0.704333 -0.00218921
3.44394 91.324 6.08691 0.735631 -0.677368 -0.0043975
4.19394 92.1408 6.02449 0.73988 -0.672709 -0.00637762
4.2664 92.2265 4.99994 0.742185 -0.670182 -0.00390657
4.25453 92.2121 3.8859 0.747016 -0.664779 0.00557401
4.23039 92.1767 2.87694 0.742844 -0.669448 -0.00471736
4.24742 92.2069 1.64385 0.754327 -0.656479 -0.00512554
4.2429 92.2021 0.616448 0.75391 -0.656965 0.00416813
4.24307 92.1914 -0.48403 0.761251 -0.648412 0.00355993
4.2477 92.2037 -1.60581 0.75324 -0.65769 -0.00856579
4.24688 92.2122 -2.70064 0.755873 -0.654683 -0.00687317
4.22543 92.193 -3.75986 0.755553 -0.655088 0.000233091
4.2572 92.2302 -4.87517 0.750748 -0.660581 0.00312833
4.19442 92.1559 -5.99093 0.746225 -0.665687 0.00238762
3.48996 91.3775 -6.09036 0.734323 -0.678797 0.00207
2.66292 90.5084 -6.11169 0.711093 -0.703039 0.00799921
1.93811 89.7896 -6.10806 0.697221 -0.716843 -0.000139213
1.19967 89.1002 -6.09275 0.673859 -0.738837 0.00447939
0.367082 88.3607 -6.11841 0.647427 -0.762126 -0.00168061
-0.447133 87.6958 -6.14003 0.616471 -0.787351 -0.00640422
-1.31539 87.0349 -6.10537 0.574609 -0.817881 -0.02054
-2.33704 86.3822 -6.08652 0.501391 -0.864558 -0.0338476
-3.28435 85.9019 -6.10025 0.42047 -0.906773 -0.0292767
-4.26718 85.4737 -6.11529 0.379177 -0.925184 -0.0161258
-5.28531 85.154 -6.11983 0.250117 -0.968164 -0.00995092
-6.467 84.9686 -6.10161 0.0864193 -0.996254 0.00296141
-7.47991 84.9379 -6.11712 -0.0279292 -0.999595 0.00552592
-8.50668 85.038 -6.11564 -0.164713 -0.985387 -0.0103679
-9.4849 85.2666 -6.08965 -0.272129 -0.961632 0.00690059
-10.4918 85.6118 -6.11185 -0.351222 -0.935964 -0.0191602
-11.4199 86.0039 -6.09977 -0.431962 -0.901891 -0.00140799
-12.4243 86.512 -6.10312 -0.469938 -0.882541 -0.016738
-13.4507 87.0902 -6.09892 -0.516421 -0.85621 -0.0125831
-14.3363 87.6385 -6.08693 -0.539336 -0.842081 -0.00401882
-15.2969 88.2777 -6.10072 -0.56542 -0.824766 -0.00781861
-16.1296 88.8607 -6.08892 -0.576351 -0.81718 -0.00596585
-16.9489 89.4402 -6.10996 -0.578584 -0.815605 -0.00535874
-17.8455 90.0768 -6.12539 -0.579408 -0.815034 -0.0024015
-18.7574 90.7277 -6.11317 -0.581953 -0.813222 -0.000285926
-19.6684 91.3736 -6.09813 -0.570441 -0.821336 -0.00200507
-20.5167 91.9429 -6.08445 -0.548405 -0.836126 -0.0120533
-21.4828 92.5672 -6.13891 -0.530986 -0.847319 -0.0102175
-22.3755 93.1046 -6.12062 -0.495175 -0.868786 -0.00113243
-23.3385 93.6368 -6.09786 -0.474817 -0.880076 0.00373604
-24.3048 94.1173 -6.10328 -0.419893 -0.907525 -0.0093594
-25.3946 94.5891 -6.07209 -0.387452 -0.92189 -0.000177835
-26.344 94.9493 -6.10836 -0.336101 -0.941814 -0.000120529
-27.3463 95.2876 -6.11447 -0.30167 -0.953355 0.0104649
-28.3784 95.591 -6.07604 -0.264253 -0.964444 0.00415701
-29.5288 95.8737 -6.09978 -0.225723 -0.974191 0.00044671
-30.5262 96.0877 -6.09634 -0.204021 -0.978963 0.00266604
-31.6025 96.2798 -6.1075 -0.167452 -0.985851 0.00757349
-32.6167 96.4425 -6.13635 -0.143475 -0.989641 0.00513143
-33.6368 96.5699 -6.11361 -0.114108 -0.993465 0.000140155
-34.7592 96.6897 -6.12372 -0.0915636 -0.995785 -0.000285691
-35.7601 96.7717 -6.11225 -0.0720172 -0.997391 0.000370834
-36.7757 96.84 -6.0766 -0.0677801 -0.997685 0.00552264
-37.86 96.8988 -6.11738 -0.0393361 -0.999198 -0.00750031
-38.8698 96.9288 -6.11324 -0.0208366 -0.99977 -0.00512275
-39.7683 96.9427 -5.80539 -0.011083 -0.999934 -0.00313172
-39.7947 96.9371 -4.70899 -0.00626326 -0.999961 -0.00506889
-39.7654 96.9352 -3.70253 -0.00525671 -0.999983 0.000720437
-39.8031 96.9367 -2.59447 -0.00131018 -0.999998 0.0014366
-39.7752 96.9364 -1.36261 -0.00233535 -0.999994 0.000138922
-39.8014 96.9352 -0.344969 -0.0100865 -0.999948 -0.00112144
-39.8151 96.935 0.0398949 -0.0122035 -0.99992 0.00121993
-40.7497 96.935 0.0108832 0.00635606 -0.999977 0.00255483
-40.757 96.9363 1.01776 -0.00373217 -0.99999 -0.00117293
-40.7311 96.9364 2.23506 -0.00749669 -0.99997 0.0013172
-40.7443 96.9371 3.30204 -0.00259561 -0.999993 0.00257482
-40.7386 96.9394 4.34839 0.000563918 -0.999999 0.00118457
-40.7623 96.9368 5.46106 -0.000849442 -0.999994 -0.00332923
-40.7302 96.9343 6.47895 0.00203168 -0.999995 -0.00261549
-39.976 96.9324 7.03882 -0.00298026 -0.999994 -0.00159223
-38.9389 96.9214 7.0325 -0.0195417 -0.999809 -0.00102281
-37.8967 96.8907 7.05759 -0.0407063 -0.999171 -0.000958466
-36.8002 96.8354 7.05126 -0.0615768 -0.998099 -0.00235274
-35.7138 96.7629 7.05763 -0.0735005 -0.99729 -0.00332824
-34.6594 96.6694 7.04514 -0.0998622 -0.994977 -0.00694088
-33.5521 96.5537 7.04464 -0.109268 -0.993982 -0.00641144
-32.5587 96.4308 7.05119 -0.140041 -0.990082 0.00290774
-31.5587 96.2724 7.04882 -0.165035 -0.986265 -0.00666835
-30.5512 96.0942 7.05478 -0.197273 -0.980342 -0.00355793
-29.3649 95.8389 7.05393 -0.227155 -0.973792 -0.0114333
-28.383 95.5913 7.06116 -0.265226 -0.96418 -0.00276068
-27.3799 95.2973 7.06845 -0.308462 -0.951186 -0.00750669
-26.3004 94.9316 7.0698 -0.339628 -0.940483 -0.0120516
-25.2533 94.5274 7.05417 -0.372041 -0.928183 0.00790345
-24.2637 94.0821 7.05577 -0.43427 -0.900776 0.00341395
-23.2451 93.5765 7.06784 -0.456644 -0.889605 -0.00888883
-22.2586 93.024 7.06097 -0.502408 -0.864622 0.00390939
-21.3396 92.4753 7.06219 -0.526627 -0.850021 0.0092782
-20.3501 91.8373 7.04493 -0.560217 -0.828337 -0.000525243
-19.3606 91.1545 7.06164 -0.571884 -0.820309 -0.00644226
-18.5288 90.5702 7.02893 -0.576213 -0.817289 -0.00404948
-17.6637 89.9598 7.05531 -0.575919 -0.817503 0.00255958
-16.7264 89.3006 7.07018 -0.574556 -0.818455 0.00413286
-15.8123 88.6698 7.06581 -0.559792 -0.828606 0.00665842
-14.9747 88.1081 7.03816 -0.552442 -0.833526 0.00654638
-14.0888 87.5392 7.05411 -0.523453 -0.85189 0.014712
-13.2305 87.0216 7.05387 -0.513373 -0.858166 0.000516983
-12.3291 86.5168 7.0563 -0.475706 -0.879595 0.00350812
-11.3667 86.0355 7.0669 -0.416009 -0.909013 0.0247633
-10.4101 85.6284 7.06656 -0.37136 -0.928178 0.0240503
-9.45384 85.2904 7.06086 -0.264312 -0.964406 0.00771058
-8.42372 85.1127 7.04039 -0.088563 -0.996055 0.00556519
-7.32077 85.0605 7.06337 -0.006163 -0.99984 0.0161984
-6.30011 85.1218 7.06784 0.122139 -0.992318 0.014864
-5.27213 85.2838 7.05616 0.18879 -0.981845 0.0178246
-4.19929 85.568 7.06759 0.323819 -0.946009 0.0137033
-3.26145 85.9176 7.05218 0.374052 -0.927104 -0.0107478
-2.32963 86.404 7.03998 0.506318 -0.862254 0.0114921
-1.46697 86.9431 7.07488 0.554532 -0.832139 -0.00578424
-0.634254 87.552 7.06214 0.612166 -0.790723 0.000760656
0.184533 88.1958 7.04444 0.63779 -0.769802 -0.0250683
1.06342 88.9565 7.03351 0.667622 -0.744494 0.0030902
1.88617 89.724 7.04167 0.695485 -0.718528 -0.00188455
2.65821 90.4846 7.03026 0.711443 -0.702694 -0.00122984
3.39512 91.2587 7.04217 0.740938 -0.671387 -0.015816
4.1336 92.0709 7.07389 0.742166 -0.670198 -0.00482049
4.87356 92.9029 6.90854 0.752384 -0.658709 0.00446487
4.89007 92.9185 5.82088 0.749624 -0.661861 0.00195282
4.88053 92.9217 4.7079 0.750166 -0.661178 -0.0095781
4.86895 92.9129 3.46408 0.758334 -0.651866 -0.00103673
4.86812 92.9216 2.33474 0.763071 -0.646245 -0.00940622
4.86075 92.9207 1.3262 0.759087 -0.65098 -0.0030888
4.86324 92.923 0.21032 0.761659 -0.647971 0.00288245
4.85423 92.9097 -0.832102 0.762319 -0.647201 -0.000864519
4.86674 92.9229 -1.86023 0.760953 -0.648805 0.00157197
4.85972 92.9234 -2.96315 0.758006 -0.652223 -0.00514249
4.84941 92.9148 -3.99626 0.756035 -0.654531 0.000142756
4.86351 92.9244 -5.11043 0.756039 -0.654486 0.00727861
4.86349 92.9167 -6.21605 0.752726 -0.658332 0.00126205
4.60238 92.6164 -7.04347 0.753375 -0.657586 0.00277296
3.8909 91.8139 -7.06265 0.745735 -0.666223 0.00507314
3.1633 91.0218 -7.04245 0.729022 -0.684487 0.00210666
2.40622 90.2463 -7.05383 0.695713 -0.718312 -0.00293581
1.68673 89.5528 -7.05228 0.689034 -0.724701 -0.00645697
0.935048 88.8539 -7.03737 0.669737 -0.742588 0.0039013
0.0690112 88.1143 -7.07369 0.627534 -0.778493 -0.00966403
-0.792777 87.4422 -7.06251 0.598128 -0.80131 -0.0120622
-1.72106 86.7946 -7.03002 0.522944 -0.850924 -0.0495767
-2.68651 86.2343 -7.05016 0.473447 -0.87964 -0.0456168
-3.64217 85.7663 -7.08386 0.422351 -0.90606 -0.0259745
-4.68816 85.3288 -7.06978 0.341383 -0.939667 -0.0219892
-5.73021 85.0549 -7.05783 0.199513 -0.979867 -0.00728916
-6.77509 84.914 -7.05428 0.0473924 -0.998344 -0.00129567
-7.81846 84.9497 -7.06069 -0.0762358 -0.996625 0.0304473
-8.86245 85.1142 -7.04347 -0.210005 -0.976814 -0.0416119
-9.91467 85.4139 -7.02187 -0.312573 -0.949704 -0.0189929
-10.9586 85.8046 -7.05632 -0.378222 -0.925476 -0.0160004
-11.9999 86.2874 -7.0328 -0.447052 -0.894418 -0.00907913
-12.9014 86.7861 -7.0537 -0.501818 -0.864848 -0.0147385
-13.8111 87.3167 -7.04967 -0.518748 -0.854907 0.000284781
-14.7983 87.9495 -7.03975 -0.558227 -0.829654 -0.00756414
-15.7356 88.5909 -7.04296 -0.567147 -0.823591 -0.00632502
-16.6664 89.2457 -7.05054 -0.576026 -0.817423 -0.00374275
-17.499 89.8337 -7.06445 -0.577376 -0.816476 -0.00217321
-18.3422 90.4331 -7.04752 -0.580765 -0.814069 -0.00194358
-19.1947 91.0412 -7.07103 -0.579922 -0.81467 -0.00169693
-20.1658 91.7193 -7.02642 -0.560485 -0.828153 -0.00436256
-21.0884 92.321 -7.08479 -0.536008 -0.844204 -0.00380768
-22.0101 92.8939 -7.08454 -0.520548 -0.853823 0.00396071
-22.9619 93.4333 -7.04522 -0.478436 -0.878118 0.00273617
-23.8535 93.8999 -7.04456 -0.451078 -0.892393 0.0052123
-24.8305 94.3606 -7.0423 -0.400342 -0.916349 -0.00196163
-25.8331 94.7606 -7.03108 -0.351141 -0.936295 0.00405864
-26.8407 95.1218 -7.04641 -0.3187 -0.947794 0.00376849
-27.8475 95.4381 -7.05742 -0.288645 -0.957434 -0.0019693
-28.8905 95.7175 -7.04061 -0.239387 -0.970903 0.00525584
-29.8839 95.9535 -7.05034 -0.220094 -0.975448 0.00123728
-30.9147 96.1573 -7.03975 -0.179645 -0.983723 0.00412125
-31.9407 96.3344 -7.04887 -0.156993 -0.987598 -0.0018386
-33.0037 96.4882 -7.07329 -0.13133 -0.991305 0.00821978
-34.0622 96.6148 -7.06029 -0.108386 -0.994103 0.00327923
-35.1436 96.722 -7.04996 -0.0942136 -0.995509 0.0092292
-36.2041 96.8027 -7.03732 -0.0666375 -0.997766 -0.00221569
-37.3863 96.8768 -7.02894 -0.0594112 -0.998233 0.0007874
-38.3972 96.9221 -7.06803 -0.0274607 -0.999584 -0.0058129
-39.4234 96.9422 -7.04087 -0.0171422 -0.999851 -0.00159221
-40.4862 96.9496 -7.04882 0.00116307 -0.999991 0.00409618
-40.7307 96.9486 -6.17217 -0.00128252 -0.999977 -0.00658658
-40.7458 96.941 -5.13289 0.00206466 -0.999967 -0.00783149
-40.7134 96.9351 -3.98554 0.00431209 -0.999991 -0.000619509
-40.7475 96.9345 -2.85937 0.00826542 -0.999964 -0.00169766
-40.7083 96.9336 -1.74135 0.0084935 -0.999962 -0.00185773
-40.7309 96.9327 -0.717905 0.00965404 -0.999946 0.000770863
-40.7497 96.935 0.0102654 0.00646517 -0.999976 0.00230437
-39.2881 96.9288 0.00198844 -0.0142695 -0.999883 -0.0055204
-38.2789 96.908 0.00215609 -0.0291816 -0.999571 -0.00254312
-37.1717 96.8662 0.0013366 -0.0458564 -0.998948 0.000223093
-36.1423 96.8071 -0.000219775 -0.0710901 -0.997469 0.000914946
-35.1342 96.7281 -0.000570578 -0.0877366 -0.996117 -0.00723071
-34.0477 96.6208 0.00100079 -0.102585 -0.99472 -0.00287271
-32.9883 96.5029 0.000724148 -0.119322 -0.992849 -0.00368318
-31.8605 96.3388 3.20987e-05 -0.158149 -0.987414 0.00125685
-30.8091 96.1539 0.000668187 -0.180706 -0.983537 -0.000421347
-29.7874 95.9416 -0.000466148 -0.219402 -0.975625 -0.00429438
-28.7526 95.6896 -0.00205959 -0.250467 -0.968117 -0.00409344
-27.7776 95.4229 -0.000124662 -0.282547 -0.959206 -0.00951088
-26.7175 95.078 0.00079217 -0.322212 -0.946665 -0.00219804
-25.7271 94.722 0.000722289 -0.366723 -0.930322 0.00385079
-24.8014 94.3355 0.000351874 -0.406413 -0.913687 0.0020108
-23.7942 93.8681 0.00107827 -0.450804 -0.892619 0.00268079
-22.8516 93.3747 0.00112479 -0.48902 -0.872234 0.00819676
-21.9863 92.8733 -0.000358656 -0.509635 -0.860086 0.0228988
-21.1075 92.3413 -0.000412603 -0.526503 -0.850173 -0.000645556
-20.2516 91.7861 -0.000953788 -0.564655 -0.825315 0.00452836
-19.4161 91.203 0.00386607 -0.578332 -0.815794 -0.0033704
-18.5473 90.5787 0.00268955 -0.58484 -0.811139 0.00384304
-17.6967 89.9671 -0.00196268 -0.58221 -0.813025 0.00476328
-16.8241 89.3433 0.000354528 -0.579632 -0.814873 0.00303758
-15.9584 88.7272 0.0025846 -0.579393 -0.815048 0.000607688
-15.1249 88.147 0.0015058 -0.559788 -0.828634 0.00141617
-14.2158 87.5383 0.000633953 -0.555178 -0.831708 -0.00626408
-13.2882 86.9526 0.0035265 -0.508894 -0.86081 -0.00571638
-12.3979 86.4455 0.00432574 -0.467198 -0.884113 0.0083412
-11.4523 85.9798 0.00368258 -0.41685 -0.908805 0.0176051
-10.4993 85.5886 0.0015042 -0.327445 -0.944513 -0.025979
-9.51036 85.2711 0.00403261 -0.26998 -0.962839 -0.00713489
-8.42761 85.043 0.0116321 -0.157304 -0.987399 -0.0172616
-7.40928 84.9663 0.016901 -0.0191975 -0.999815 0.00140038
-6.36049 85.0174 0.019587 0.0849212 -0.995963 0.0291007
-5.2971 85.171 0.0166726 0.219621 -0.97495 0.0352153
-4.32018 85.4751 0.0119954 0.328332 -0.94442 0.0164029
-3.24395 85.9051 0.0113406 0.408523 -0.912743 -0.00290546
-2.3285 86.3868 0.0111666 0.520066 -0.852606 -0.0509421
-1.35893 87.015 0.0110648 0.563778 -0.825914 0.00456889
-0.47924 87.649 0.0116719 0.598399 -0.801142 0.00949983
0.331882 88.3233 0.0133638 0.649202 -0.760615 0.00110684
1.11575 89.0061 0.0179059 0.667503 -0.744573 0.00713551
1.94371 89.775 0.0163309 0.692757 -0.721151 -0.00533971
2.68938 90.5167 0.0176441 0.715473 -0.69864 0.000851781
3.46481 91.3312 0.0137144 0.737907 -0.674898 -0.00255286
3.89766 91.807 0.015376 0.741672 -0.670699 0.00927147
3.90546 91.8091 -1.17677 0.749465 -0.662037 0.00302797
3.2269 91.0711 -1.17051 0.728834 -0.684689 -0.00131227
2.51854 90.3394 -1.15424 0.706943 -0.70715 -0.0130519
1.78649 89.634 -1.13751 0.690035 -0.723754 -0.00561372
1.03427 88.9274 -1.12019 0.66803 -0.744134 0.000710997
0.221993 88.208 -1.09833 0.65939 -0.751665 0.0143127
-0.646787 87.5106 -1.07877 0.59636 -0.802583 0.014659
-1.4627 86.9307 -1.06181 0.562591 -0.826699 0.00780594
-2.34376 86.3906 -1.04296 0.465035 -0.885169 0.0148061
-3.33301 85.9082 -1.02581 0.407033 -0.912121 -0.0485626
-4.36491 85.4684 -1.00802 0.375268 -0.926187 -0.036755
-5.31704 85.1458 -0.990012 0.277475 -0.960322 -0.0281022
-6.36315 84.9879 -0.984397 0.0843358 -0.996431 0.00370413
-7.3732 84.9592 -0.980681 -0.0123872 -0.999919 0.00293582
-8.40261 85.0416 -0.989535 -0.138626 -0.990306 0.00875742
-9.46281 85.2775 -0.992452 -0.288425 -0.957462 -0.00882058
-10.4843 85.6206 -0.992345 -0.342434 -0.939208 -0.0250402
-11.5193 86.0174 -0.995509 -0.376701 -0.926205 -0.0155234
-12.5409 86.5184 -1.0041 -0.476083 -0.879277 -0.0147002
-13.4598 87.0658 -1.01027 -0.526654 -0.850064 -0.00519671
-14.3734 87.6505 -1.0171 -0.545268 -0.838255 -0.0033099
-15.2742 88.2486 -1.0225 -0.563039 -0.826413 -0.00534405
-16.2152 88.9088 -1.02972 -0.579492 -0.814978 -0.000237564
-17.0731 89.519 -1.03255 -0.580023 -0.8146 -0.000184148
-18.0323 90.2041 -1.03073 -0.583121 -0.812382 0.00238693
-18.8948 90.8262 -1.02738 -0.586903 -0.809652 0.00309069
-19.7296 91.4228 -1.02211 -0.57567 -0.817679 -0.00208225
-20.6461 92.0447 -1.01481 -0.548192 -0.836351 0.0013808
-21.5273 92.5911 -1.009 -0.513871 -0.857856 -0.00436904
-22.3975 93.1047 -0.998992 -0.503993 -0.863699 -0.00393178
-23.4048 93.6758 -0.989522 -0.479001 -0.877814 0.000327291
-24.3703 94.1391 -0.979597 -0.415448 -0.909606 0.0044343
-25.3174 94.5571 -0.96968 -0.394654 -0.918821 -0.00411615
-26.3844 94.9688 -0.959591 -0.334255 -0.94242 -0.0108467
-27.3593 95.2984 -0.951366 -0.305686 -0.952127 -0.0032091
-28.408 95.6018 -0.943375 -0.263722 -0.964582 -0.0056566
-29.3878 95.8486 -0.9359 -0.229779 -0.973242 -0.00117438
-30.5855 96.1059 -0.929158 -0.200244 -0.979726 0.00627476
-31.576 96.2912 -0.922272 -0.167036 -0.985948 0.00245283
-32.719 96.466 -0.917063 -0.142124 -0.989843 0.00331962
-33.8071 96.6004 -0.913181 -0.112181 -0.993688 0.000315976
-34.9211 96.7129 -0.910171 -0.0910881 -0.995843 -0.000493065
-35.9408 96.796 -0.906311 -0.0695428 -0.997579 0.000892206
-37.0147 96.8593 -0.905167 -0.0499357 -0.99875 0.00199828
-38.0586 96.9031 -0.903309 -0.035644 -0.99936 -0.00304113
-39.0806 96.9283 -0.900719 -0.0188076 -0.99981 -0.00515948
-39.0884 96.9285 -0.90069 -0.0188091 -0.99981 -0.0051769
-39.2827 96.9342 -1.80179 -0.00757279 -0.999968 -0.00238897
-38.2593 96.9126 -1.80362 -0.0287331 -0.999585 -0.00219441
-37.1857 96.8687 -1.80752 -0.0508341 -0.998702 -0.00319041
-36.1133 96.8069 -1.81175 -0.069332 -0.997592 -0.00157748
-35.0142 96.7229 -1.81822 -0.084151 -0.996452 -0.001379
-33.9049 96.6131 -1.8261 -0.11347 -0.993541 0.000798491
-32.8256 96.4757 -1.83633 -0.13165 -0.991296 0.000343757
-31.6051 96.2944 -1.84564 -0.154405 -0.988006 0.00183093
-30.5734 96.0996 -1.85528 -0.200655 -0.979651 -0.00471168
-29.4765 95.8686 -1.87015 -0.215291 -0.976538 -0.0047535
-28.5026 95.6307 -1.88373 -0.261596 -0.96516 -0.0058125
-27.508 95.3498 -1.90034 -0.292037 -0.956406 -0.00159668
-26.5545 95.037 -1.91575 -0.321467 -0.946863 -0.0104852
-25.6041 94.6797 -1.93444 -0.375772 -0.926691 -0.00619906
-24.5041 94.1999 -1.95651 -0.414945 -0.909838 -0.00400586
-23.5807 93.762 -1.97554 -0.454526 -0.890701 0.0075893
-22.5753 93.2167 -1.99692 -0.494481 -0.869123 -0.0106843
-21.641 92.6621 -2.01135 -0.524702 -0.851285 0.00137304
-20.7851 92.1295 -2.0274 -0.534264 -0.845316 0.00131858
-19.8954 91.5334 -2.04498 -0.569405 -0.822047 -0.00418392
-18.9285 90.8476 -2.05389 -0.586144 -0.810194 0.00456023
-18.0604 90.2235 -2.05647 -0.581669 -0.813426 -0.000500935
-17.1947 89.6059 -2.05708 -0.580394 -0.814336 0.000192802
-16.2548 88.9376 -2.0556 -0.576548 -0.817063 0.000556344
-15.4174 88.3509 -2.04866 -0.569625 -0.821903 0.0017142
-14.4774 87.7153 -2.0383 -0.545475 -0.838034 0.0124745
-13.5757 87.1401 -2.02812 -0.524582 -0.85136 -0.000688523
-12.7172 86.6223 -2.01471 -0.491269 -0.870876 -0.0151938
-11.8226 86.1522 -2.00501 -0.429014 -0.903086 -0.0195765
-10.8527 85.7594 -1.99238 -0.350673 -0.93649 0.00382419
-9.87183 85.4064 -1.98514 -0.323625 -0.946183 0.00199422
-8.82911 85.1133 -1.9805 -0.221685 -0.975102 -0.00568009
-7.7232 84.9699 -1.98939 -0.0924546 -0.995674 0.00921942
-6.61796 84.96 -1.99873 0.0549843 -0.998467 0.00641269
-5.53784 85.0818 -2.00992 0.186126 -0.982437 -0.0131987
-4.43468 85.4407 -2.02521 0.379876 -0.924648 0.0268543
-3.48582 85.8368 -2.05577 0.393789 -0.918662 0.0314749
-2.55358 86.2648 -2.08531 0.471048 -0.881398 0.0353725
-1.60672 86.827 -2.12937 0.538896 -0.842289 0.0118399
-0.681563 87.4683 -2.17179 0.58985 -0.80751 -0.00215866
0.217311 88.1917 -2.21696 0.633579 -0.773528 -0.0152114
1.00819 88.9022 -2.25858 0.680346 -0.732889 0.00167071
1.77161 89.6227 -2.29242 0.690822 -0.723016 0.00355872
2.625 90.4537 -2.3343 0.708324 -0.705831 -0.008951
3.42396 91.2876 -2.36538 0.731644 -0.681659 -0.00614221
3.91959 91.8347 -2.38329 0.749268 -0.662181 -0.0106939
3.8574 91.7735 -3.58933 0.748273 -0.663382 -0.00344246
3.02412 90.8707 -3.53961 0.72048 -0.693452 -0.00576669
2.17998 90.0093 -3.48254 0.705688 -0.708498 -0.00599527
1.37995 89.2432 -3.42564 0.686936 -0.72669 0.00629334
0.636901 88.5721 -3.36415 0.665861 -0.746063 0.00439262
-0.225751 87.8479 -3.29833 0.62907 -0.777273 -0.0108739
-1.06174 87.2063 -3.23705 0.590764 -0.806843 -0.0013786
-1.89384 86.6451 -3.1786 0.536358 -0.843982 -0.00387424
-2.9517 86.0287 -3.11128 0.458711 -0.888563 0.00638335
-3.98464 85.5896 -3.06842 0.371907 -0.927989 0.0228309
-4.93506 85.2424 -3.02626 0.260058 -0.965334 0.0223437
-5.93924 85.0213 -2.99935 0.104959 -0.994201 -0.0234188
-6.94819 84.9383 -2.98661 0.0091703 -0.999867 0.0135099
-7.97935 84.9879 -2.97071 -0.134213 -0.990882 0.0118299
-8.97567 85.1534 -2.97055 -0.213171 -0.976815 0.0197507
-10.0632 85.4589 -2.97571 -0.322777 -0.946389 0.0127814
-11.0755 85.8377 -2.99144 -0.369511 -0.92918 -0.00928295
-12.0599 86.2873 -3.01202 -0.439255 -0.898258 -0.0136622
-13.0427 86.8198 -3.03198 -0.504341 -0.863493 0.00450171
-13.9688 87.3856 -3.05432 -0.532574 -0.846383 -7.1281e-05
-14.8687 87.9721 -3.0719 -0.56472 -0.825282 -0.000312435
-15.6965 88.5429 -3.08138 -0.573446 -0.81924 0.00222763
-16.5305 89.1327 -3.09045 -0.579275 -0.815132 0.000211933
-17.353 89.7183 -3.09115 -0.580392 -0.814337 0.000122151
-18.1781 90.3068 -3.09015 -0.581291 -0.813694 0.00180339
-19.0585 90.9382 -3.08323 -0.583694 -0.811973 0.000753847
-19.9973 91.602 -3.06585 -0.57246 -0.819908 0.00630315
-20.9425 92.2281 -3.04149 -0.530252 -0.847828 0.00446076
-21.8076 92.7617 -3.02227 -0.512266 -0.858824 0.00236537
-22.8951 93.3914 -2.98652 -0.479952 -0.877244 0.00948026
-23.7794 93.8618 -2.95714 -0.441487 -0.897257 0.00428809
-24.7247 94.3073 -2.92713 -0.409084 -0.912454 -0.00883156
-25.7763 94.7478 -2.89787 -0.362826 -0.931852 -0.00289085
-26.8412 95.1432 -2.86766 -0.31672 -0.948475 -0.00913019
-27.8008 95.439 -2.84308 -0.270571 -0.962696 0.00276992
-28.8355 95.7174 -2.81966 -0.246623 -0.969081 -0.00767332
-29.8601 95.9543 -2.79864 -0.212328 -0.977195 -0.00263626
-30.9015 96.1685 -2.77816 -0.189165 -0.981941 0.00305184
-31.9196 96.3433 -2.76124 -0.153073 -0.988183 0.00796954
-32.9563 96.4923 -2.74864 -0.131101 -0.991369 0.00055582
-34.0876 96.631 -2.73563 -0.104165 -0.994559 0.00172871
-35.178 96.7362 -2.72558 -0.083853 -0.996473 0.00308086
-36.2925 96.8171 -2.71617 -0.0675134 -0.997718 0.000212959
-37.3835 96.8801 -2.70967 -0.0463833 -0.998922 -0.0020527
-38.4412 96.9197 -2.70518 -0.0260262 -0.99966 0.00131326
-39.2254 96.9322 -2.70308 -0.012162 -0.999926 -0.000570308
-39.2462 96.9321 -3.60246 -0.0107734 -0.999909 0.00809442
-38.1375 96.9065 -3.60724 -0.0326764 -0.999463 0.00224685
-36.925 96.8568 -3.61477 -0.0526001 -0.998614 -0.00186573
-35.7836 96.7813 -3.62657 -0.0704724 -0.997509 0.00296985
-34.6963 96.6906 -3.63629 -0.0973204 -0.995246 0.00368415
-33.5921 96.5704 -3.65196 -0.115786 -0.993258 0.00570087
-32.5691 96.4325 -3.66838 -0.144434 -0.989475 0.00886206
-31.4637 96.2624 -3.68988 -0.165981 -0.986127 0.00220892
-30.4292 96.0737 -3.7153 -0.209237 -0.977865 0.000158352
-29.4495 95.8624 -3.74087 -0.217553 -0.976039 0.00432082
-28.4781 95.6254 -3.76742 -0.262915 -0.964818 0.00136897
-27.481 95.3444 -3.79905 -0.302543 -0.953133 0.00213321
-26.4391 95 -3.83809 -0.338635 -0.940908 0.00423984
-25.4715 94.6306 -3.87345 -0.377722 -0.925915 0.00287676
-24.4945 94.2023 -3.91281 -0.410209 -0.911987 0.00280353
-23.4627 93.706 -3.96076 -0.45538 -0.890277 -0.00591689
-22.5656 93.212 -3.99906 -0.492087 -0.870546 0.000458185
-21.6963 92.6971 -4.03326 -0.521873 -0.852989 -0.00767508
-20.7584 92.1073 -4.07136 -0.545941 -0.837822 0.00128133
-19.8697 91.5092 -4.0945 -0.566943 -0.823757 0.000158757
-18.8964 90.8224 -4.11782 -0.584284 -0.811547 -0.00196527
-17.9835 90.1686 -4.13293 -0.580968 -0.813921 -0.00278348
-17.1159 89.5496 -4.13354 -0.580221 -0.814457 -0.00194339
-16.2023 88.9013 -4.12635 -0.576452 -0.817129 -0.00166176
-15.365 88.3152 -4.11367 -0.570679 -0.821172 -0.00158604
-14.4876 87.7253 -4.08895 -0.547123 -0.836947 -0.0132499
-13.5634 87.1357 -4.06098 -0.524294 -0.851456 -0.0117654
-12.5685 86.5677 -4.03121 -0.469324 -0.88302 -0.00315438
-11.6184 86.083 -4.00188 -0.440265 -0.897868 -0.000207404
-10.541 85.6261 -3.97507 -0.366066 -0.930501 0.0127832
-9.50751 85.2744 -3.95538 -0.269568 -0.962471 0.0313486
-8.42904 85.0422 -3.95163 -0.172973 -0.984691 0.0215343
-7.2103 84.9343 -3.96009 0.0152811 -0.999864 -0.00627732
-6.13971 85.0215 -3.97956 0.121256 -0.992477 -0.016933
-4.99163 85.224 -4.02621 0.27043 -0.962716 0.00671214
-3.99158 85.5804 -4.08171 0.370706 -0.928747 -0.00242142
-2.93387 86.0311 -4.15334 0.414901 -0.909723 -0.0161473
-1.96671 86.5933 -4.22975 0.554351 -0.832241 0.00832592
-1.13846 87.159 -4.31199 0.595709 -0.803082 0.0138282
-0.301221 87.7983 -4.39804 0.622495 -0.782618 -0.00288555
0.472013 88.438 -4.48464 0.646805 -0.762531 -0.0137722
1.25293 89.1377 -4.57228 0.674076 -0.738587 -0.0105091
2.01248 89.8528 -4.65032 0.700151 -0.713994 -0.00106976
2.77691 90.622 -4.72286 0.720669 -0.693247 -0.00672575
3.51145 91.3999 -4.78495 0.738188 -0.674589 -0.00284902
3.83025 91.7505 -4.80544 0.743874 -0.668316 -0.00236687
0.438987 88.4203 -5.61323 0.664223 -0.747531 0.00241023
-0.352913 87.7638 -5.50007 0.61827 -0.785917 -0.00873656
-1.24623 87.0797 -5.38192 0.597143 -0.802123 0.00432568
-2.10336 86.4939 -5.27521 0.53527 -0.844534 0.0157803
-2.98998 86.0249 -5.17651 0.441224 -0.897183 -0.0195985
-3.9939 85.5788 -5.09245 0.364671 -0.931132 -0.00274165
-4.93782 85.2409 -5.02362 0.243857 -0.96923 -0.0335667
-6.00156 85.047 -4.96068 0.139564 -0.99015 0.0112107
-7.09451 84.9357 -4.9294 0.0250388 -0.99964 0.00965007
-8.15867 84.9998 -4.91966 -0.122921 -0.992217 -0.019879
-9.1857 85.1782 -4.92418 -0.243215 -0.969513 0.0298396
-10.3482 85.5533 -4.95189 -0.340597 -0.940209 0.00131674
-11.355 85.971 -4.98769 -0.415632 -0.909494 0.00840001
-12.348 86.4631 -5.03295 -0.463656 -0.885977 -0.00829421
-13.3665 87.0341 -5.07441 -0.51288 -0.858452 -0.00391259
-14.3285 87.6308 -5.11583 -0.536718 -0.843757 -0.00269016
-15.2293 88.2258 -5.14416 -0.566369 -0.824151 0.00104245
-16.1131 88.8423 -5.16874 -0.575952 -0.817477 -0.00323824
-16.9584 89.4405 -5.18088 -0.57895 -0.815353 -0.0041401
-17.9279 90.1326 -5.18029 -0.581137 -0.813801 -0.00276935
-18.8049 90.7616 -5.16661 -0.583352 -0.812219 -0.0008799
-19.6609 91.3659 -5.14365 -0.565017 -0.825075 0.00262099
-20.5323 91.9529 -5.10796 -0.550375 -0.834906 0.00440234
-21.4213 92.5279 -5.06896 -0.527436 -0.849594 0.000983075
-22.2839 93.048 -5.02506 -0.499463 -0.866335 -0.000748719
-23.178 93.5492 -4.97158 -0.473508 -0.880789 0.000690538
-24.2454 94.0839 -4.90719 -0.418842 -0.908059 -0.000469093
-25.1904 94.5048 -4.85306 -0.388301 -0.921529 0.00264936
-26.124 94.876 -4.80673 -0.343301 -0.939128 0.0135084
-27.131 95.2276 -4.76148 -0.315506 -0.948842 0.0124796
-28.2489 95.559 -4.71256 -0.263375 -0.96466 0.00801126
-29.269 95.8159 -4.67508 -0.223684 -0.974654 0.0040035
-30.408 96.0651 -4.63911 -0.205008 -0.978759 -0.00137938
-31.451 96.26 -4.60856 -0.161759 -0.98683 -0.000710428
-32.5741 96.4328 -4.58158 -0.140114 -0.990111 -0.00698656
-33.5893 96.5673 -4.56102 -0.11742 -0.99308 -0.00223894
-34.7018 96.6906 -4.5403 -0.0983431 -0.995118 0.00834326
-35.7237 96.7749 -4.52838 -0.0672041 -0.997732 0.00368982
-36.9146 96.8532 -4.51633 -0.0618404 -0.998066 0.00629562
-38.0074 96.9012 -4.50715 -0.0341122 -0.999418 0.000130632
-39.0242 96.9277 -4.50208 -0.0181089 -0.999836 0.00086079
-39.2966 96.9326 -4.50096 -0.0144693 -0.999894 -0.00148322
-39.2695 96.9346 -5.39722 -0.020063 -0.999787 -0.00488976
-38.148 96.9077 -5.40356 -0.029345 -0.999568 -0.00176574
-37.0864 96.8609 -5.41362 -0.0599089 -0.998201 0.0022146
-35.9378 96.7856 -5.42745 -0.0679497 -0.997679 0.00437374
-34.7931 96.6941 -5.44293 -0.101647 -0.99482 -0.0012996
-33.7227 96.5795 -5.46501 -0.111825 -0.993728 -0.000362435
-32.5586 96.4335 -5.49179 -0.139922 -0.990158 0.00291828
-31.3942 96.2468 -5.52672 -0.172071 -0.985081 0.00254505
-30.2486 96.03 -5.5659 -0.202891 -0.979198 -0.00265676
-29.2167 95.8024 -5.60589 -0.229671 -0.973267 -0.00171669
-29.1272 95.7808 -5.60973 -0.235036 -0.971971 -0.00548902
-29.0281 95.7584 5.61556 -0.240286 -0.970691 -0.0047431
-30.0871 96.0053 5.57217 -0.200771 -0.979622 -0.00570145
-31.1756 96.2105 5.53323 -0.175486 -0.98448 -0.0020757
-32.199 96.3789 5.50351 -0.147574 -0.989051 -0.000279187
-33.2393 96.5199 5.47627 -0.129153 -0.99162 -0.00305253
-34.3001 96.6398 5.45403 -0.104367 -0.994537 -0.0021043
-35.4444 96.7467 5.43373 -0.0816513 -0.996645 -0.00565967
-36.5534 96.8224 5.41976 -0.0565359 -0.998395 -0.00332786
-37.7255 96.8811 5.40819 -0.0394591 -0.99922 -0.00131496
-38.8367 96.9194 5.40028 -0.0301947 -0.999542 0.00185468
-39.1798 96.927 5.39845 -0.0197301 -0.999805 -0.000555232
-39.2264 96.9274 4.5018 -0.0136476 -0.999906 -0.00159674
-38.0907 96.8952 4.50731 -0.0372716 -0.999303 -0.00183733
-37.0746 96.8525 4.51574 -0.0544633 -0.998515 -0.00147863
-36.0081 96.7889 4.52579 -0.0654668 -0.997855 7.80184e-05
-34.8956 96.7022 4.53952 -0.0891387 -0.996018 0.00147679
-33.7749 96.5872 4.55894 -0.113079 -0.993584 -0.00208722
-32.7461 96.4581 4.5791 -0.138089 -0.990413 -0.00371799
-31.6874 96.2996 4.60453 -0.165984 -0.986129 -6.56236e-05
-30.5214 96.0927 4.63631 -0.181364 -0.983414 -0.00221807
-29.3919 95.8496 4.67227 -0.235478 -0.971863 0.00572344
-28.3227 95.5789 4.71242 -0.255315 -0.966858 0.000778656
-27.3116 95.2843 4.75519 -0.31067 -0.950455 -0.0109451
-26.3135 94.9418 4.80314 -0.33775 -0.941233 -0.00234741
-25.3778 94.5764 4.85088 -0.388273 -0.921543 0.00144798
-24.4045 94.1471 4.90031 -0.414767 -0.909899 -0.00719599
-23.4238 93.6733 4.9525 -0.465553 -0.885019 -0.001184
-22.4584 93.1437 5.0107 -0.493033 -0.87001 -0.00137759
-21.5191 92.5899 5.05907 -0.524864 -0.851178 -0.0036466
-20.6012 92.0072 5.10534 -0.54537 -0.838184 0.00432773
-19.7534 91.4363 5.13688 -0.570372 -0.821385 0.00148219
-18.9201 90.8508 5.16078 -0.577002 -0.81674 0.00231497
-18.0179 90.2065 5.17562 -0.582429 -0.812881 0.000832363
-17.2029 89.6258 5.17709 -0.577386 -0.816459 0.00447619
-16.2852 88.9822 5.17201 -0.572983 -0.819552 0.0049777
-15.444 88.4026 5.15574 -0.561815 -0.827253 0.00400808
-14.5195 87.7896 5.12281 -0.54111 -0.840789 0.0165476
-13.6107 87.2159 5.0873 -0.516713 -0.855975 0.0177692
-12.7235 86.7104 5.052 -0.476811 -0.878912 0.0128581
-11.7451 86.1842 5.01483 -0.467007 -0.883927 0.024027
-10.8113 85.7475 4.98207 -0.348297 -0.937343 0.00877805
-9.82799 85.4225 4.95927 -0.270153 -0.962429 0.027345
-8.7818 85.1681 4.93845 -0.18112 -0.983461 0.00102647
-7.72365 85.0517 4.941 -0.0362029 -0.99932 0.00695527
-6.61271 85.0718 4.96232 0.0770607 -0.99672 0.0247321
-5.56221 85.192 4.99879 0.16224 -0.986307 0.0296201
-4.52931 85.4263 5.05533 0.290498 -0.95687 -0.00337348
-3.49358 85.8022 5.14185 0.36031 -0.932792 0.00876847
-2.36501 86.3551 5.25567 0.503485 -0.86397 -0.00771116
-1.42952 86.9548 5.37849 0.558947 -0.829201 0.00197928
-0.542366 87.6175 5.49895 0.616828 -0.787067 0.00699816
0.154469 88.1722 5.60242 0.629256 -0.777183 0.00483242
3.93726 91.8636 4.84156 0.739517 -0.673133 -0.0023567
3.22304 91.0865 4.78876 0.733876 -0.67928 0.00237379
2.45409 90.2745 4.71967 0.711911 -0.702256 0.004242
1.70432 89.541 4.64315 0.685374 -0.728102 0.0113723
0.877355 88.7803 4.55768 0.663915 -0.74779 -0.00520894
0.0540159 88.0763 4.46565 0.627043 -0.778967 0.00518159
-0.740716 87.4504 4.37001 0.60925 -0.792938 0.00795813
-1.61882 86.8242 4.28757 0.542472 -0.839951 -0.014353
-2.51298 86.2897 4.20084 0.492363 -0.870034 -0.0248917
-3.43657 85.8215 4.13408 0.378765 -0.925269 0.0203437
-4.40356 85.452 4.07556 0.306887 -0.95125 0.0307286
-5.51515 85.1666 4.02505 0.157896 -0.987111 0.0260819
-6.66194 85.0377 3.98579 0.0365682 -0.998924 0.0285331
-7.74136 85.0403 3.97734 -0.0540864 -0.998531 -0.00314221
-8.7656 85.1444 3.97452 -0.13125 -0.990973 0.0273087
-9.90702 85.4075 3.98188 -0.276294 -0.960652 0.0284304
-10.9528 85.7803 3.99918 -0.397986 -0.917285 0.0139642
-12.0199 86.2982 4.02428 -0.470373 -0.881757 0.0354024
-12.8991 86.7801 4.04872 -0.488184 -0.87224 0.0295657
-13.9225 87.3877 4.07612 -0.521147 -0.853333 0.0151456
-14.7631 87.9292 4.10109 -0.551696 -0.83399 0.00961746
-15.6749 88.5534 4.11659 -0.569303 -0.822096 0.00723016
-16.5912 89.1912 4.1267 -0.57318 -0.819418 0.00440414
-17.5459 89.8658 4.12944 -0.581966 -0.813212 0.00147184
-18.361 90.451 4.1247 -0.581738 -0.813373 0.00229876
-19.1777 91.031 4.11436 -0.577866 -0.816131 0.000682746
-20.0016 91.6128 4.09236 -0.555886 -0.831257 0.00155436
-20.8441 92.1642 4.06507 -0.535247 -0.844696 0.000149344
-21.8423 92.7873 4.02845 -0.520472 -0.853873 -0.00324911
-22.7645 93.3167 3.98894 -0.485484 -0.874245 -0.000981422
-23.7253 93.8237 3.94916 -0.443087 -0.896478 0.00122027
-24.7089 94.2906 3.90683 -0.412362 -0.911018 0.00205437
-25.6302 94.6844 3.86915 -0.377067 -0.926175 0.0044057
-26.5778 95.0427 3.83281 -0.324584 -0.945855 -0.00207899
-27.6179 95.3794 3.79623 -0.290938 -0.956584 0.0173593
-28.6495 95.667 3.76339 -0.255969 -0.966652 -0.00798692
-29.648 95.913 3.73626 -0.214842 -0.976617 0.00793913
-30.6942 96.1274 3.7072 -0.181889 -0.983309 -0.00456407
-31.731 96.3089 3.68573 -0.164521 -0.98637 -0.00256096
-32.7264 96.4587 3.66715 -0.130319 -0.991461 -0.00475854
-33.8694 96.5989 3.65017 -0.112886 -0.9936 -0.0040607
-34.8665 96.6999 3.63449 -0.0924927 -0.995709 -0.00296975
-36.0152 96.7903 3.62301 -0.0672868 -0.997732 0.00190612
-37.1148 96.8559 3.61464 -0.0503773 -0.998727 0.0025672
-38.1176 96.8972 3.60835 -0.0320397 -0.999486 0.000489366
-39.2126 96.9269 3.6037 -0.0182994 -0.999826 0.00351388
-39.2622 96.9278 3.6035 -0.0156484 -0.999875 0.00246524
-39.2116 96.9246 2.70387 -0.0119671 -0.999915 0.00513375
-38.1589 96.8989 2.70754 -0.0304167 -0.999537 -0.000783385
-37.0111 96.8544 2.71421 -0.0527906 -0.998601 -0.00295355
-35.8884 96.7818 2.72054 -0.0703899 -0.997519 0.00123019
-34.8908 96.7009 2.72775 -0.0906713 -0.995876 0.00323852
-33.7697 96.5869 2.73872 -0.112655 -0.993634 0.00018672
-32.7091 96.4587 2.75284 -0.138661 -0.99032 -0.00628136
-31.5286 96.278 2.76975 -0.166041 -0.986111 -0.00388743
-30.5239 96.0974 2.78723 -0.204018 -0.978967 -0.00111361
-29.5228 95.8789 2.80751 -0.22803 -0.973653 -0.00148355
-28.5013 95.6243 2.82927 -0.259472 -0.965736 0.00524927
-27.4078 95.3031 2.85434 -0.293166 -0.955915 0.0167518
-26.3462 94.9614 2.88254 -0.330406 -0.943704 0.0159456
-25.3915 94.5852 2.90789 -0.390692 -0.920489 0.00770973
-24.4047 94.1527 2.93936 -0.415737 -0.909472 -0.00474773
-23.496 93.7041 2.96882 -0.455941 -0.890002 0.00370061
-22.5293 93.1905 2.99786 -0.487173 -0.873305 0.00100511
-21.6459 92.6692 3.02205 -0.526004 -0.850479 -0.00227886
-20.7779 92.1205 3.04355 -0.537713 -0.843128 6.50738e-05
-19.8588 91.5121 3.0662 -0.56918 -0.822213 0.00103818
-19.0001 90.9047 3.08296 -0.580463 -0.814287 0.000267492
-18.1458 90.294 3.09213 -0.582339 -0.812946 0.000912815
-17.3242 89.7053 3.09986 -0.581057 -0.813863 0.000823504
-16.4906 89.1132 3.09021 -0.575924 -0.817487 0.00503826
-15.5202 88.4311 3.08128 -0.574536 -0.818393 0.0118622
-14.6677 87.8488 3.07404 -0.559233 -0.828908 0.0130569
-13.8211 87.308 3.05514 -0.524107 -0.851394 0.020987
-12.9053 86.7545 3.03852 -0.515914 -0.856537 0.013259
-11.8782 86.2015 3.02052 -0.447467 -0.894127 0.0176003
-10.9638 85.7781 3.00832 -0.404681 -0.914453 0.00311113
-10.0131 85.4289 2.99946 -0.304069 -0.952587 0.0109368
-8.95449 85.1627 2.99644 -0.209097 -0.977828 0.0114515
-7.82689 85.0379 2.99293 -0.0766374 -0.997012 0.00972453
-6.64832 85.015 3.00638 0.0335818 -0.999171 0.0230129
-5.46379 85.1731 3.03084 0.198175 -0.980141 -0.00702795
-4.43229 85.4328 3.06203 0.278428 -0.960021 0.0289487
-3.41822 85.8283 3.11285 0.446695 -0.89467 0.0053809
-2.51979 86.2959 3.16222 0.479426 -0.877567 -0.00506468
-1.64099 86.7993 3.21849 0.52255 -0.852566 -0.00850098
-0.752042 87.4395 3.2822 0.604488 -0.796587 -0.00655026
0.146008 88.1468 3.35108 0.640213 -0.768186 -0.0042846
0.91186 88.8089 3.40968 0.669701 -0.742629 0.00179559
1.69872 89.5373 3.46714 0.685891 -0.727701 -0.00207077
2.4637 90.2821 3.52797 0.708954 -0.705254 0.000616479
3.15831 91.0072 3.577 0.735528 -0.677468 0.00598185
3.89965 91.814 3.61204 0.740976 -0.671496 0.00697146
3.88721 91.7941 2.41307 0.739478 -0.673165 -0.00454938
3.10717 90.9472 2.38029 0.73238 -0.680896 -0.000641644
2.32625 90.1419 2.35064 0.698892 -0.715211 -0.0048884
1.50058 89.3529 2.30323 0.685846 -0.727731 -0.00478778
0.69472 88.626 2.26294 0.658974 -0.752045 -0.0134911
-0.130612 87.9346 2.21852 0.631491 -0.775307 -0.0109278
-0.932061 87.3093 2.17901 0.60588 -0.795548 -0.0036562
-1.8279 86.69 2.1422 0.534502 -0.845064 0.0131924
-2.77285 86.1386 2.10282 0.48132 -0.876004 0.0307907
-3.80147 85.64 2.06937 0.377717 -0.925544 -0.0264223
-4.80579 85.3171 2.04967 0.252325 -0.967599 -0.00920929
-5.94806 85.0711 2.03024 0.135723 -0.990723 0.00688664
-6.98196 84.9979 2.01487 -0.00667684 -0.999978 0.000373586
-7.98134 85.0305 2.00199 -0.0664008 -0.996715 0.0463751
-9.10134 85.1854 2.00231 -0.188274 -0.98199 0.0157716
-10.1003 85.4432 2.00659 -0.312083 -0.950036 0.00596418
-11.039 85.7982 2.00852 -0.387165 -0.921681 0.0246649
-12.1067 86.3076 2.0181 -0.461482 -0.887144 -0.00325069
-13.024 86.8154 2.02788 -0.50162 -0.865072 0.00518876
-14.02 87.4198 2.03955 -0.534565 -0.84508 0.00895996
-14.908 87.9998 2.04438 -0.556385 -0.830924 -0.00096508
-15.7506 88.5841 2.05205 -0.573114 -0.819457 0.00543732
-16.5858 89.1756 2.05895 -0.579867 -0.814706 0.00296255
-17.4176 89.7711 2.0575 -0.582996 -0.812475 0.000218367
-18.3618 90.4477 2.05614 -0.581188 -0.813769 0.000906902
-19.2028 91.0499 2.04962 -0.583387 -0.812191 0.00204569
-20.1433 91.7091 2.04377 -0.56655 -0.824026 -0.00163473
-20.9903 92.2571 2.02563 -0.536097 -0.844151 -0.00307639
-21.8917 92.8199 2.00912 -0.525357 -0.850881 -0.000465228
-22.7831 93.3309 1.99272 -0.474179 -0.880427 -0.00182802
-23.7513 93.8361 1.97316 -0.448999 -0.893465 -0.0109731
-24.7031 94.2878 1.95397 -0.408133 -0.912921 -0.00149495
-25.6349 94.6856 1.93483 -0.373869 -0.92735 0.0156042
-26.5992 95.0315 1.91774 -0.313073 -0.949728 0.0012062
-27.7063 95.3868 1.89978 -0.300998 -0.953622 -0.00221717
-28.7003 95.6758 1.88366 -0.256094 -0.966648 0.00286881
-29.7712 95.9367 1.86768 -0.224938 -0.974373 -1.9846e-05
-30.7809 96.1465 1.85277 -0.183389 -0.983027 0.00521215
-31.7814 96.3226 1.84286 -0.158041 -0.98743 -0.00208326
-32.7748 96.4701 1.83523 -0.130726 -0.991367 -0.0101569
-33.8451 96.5965 1.82679 -0.106412 -0.99432 -0.00212526
-34.919 96.7049 1.82096 -0.0900387 -0.995938 0.000138727
-35.9645 96.7889 1.81485 -0.0710737 -0.997463 -0.00389701
-36.9833 96.8535 1.80996 -0.0518993 -0.99865 -0.00220458
-38.1029 96.8996 1.80572 -0.0327346 -0.999461 -0.00257932
-39.1686 96.9218 1.8035 -0.0112335 -0.999937 -0.000260663
-39.1764 96.9219 1.80348 -0.012435 -0.999922 0.00126142
-39.3139 96.9243 0.903091 -0.0105396 -0.999933 -0.00479788
-38.2975 96.9077 0.904125 -0.0233458 -0.999718 -0.00431964
-37.287 96.8707 0.906087 -0.0440534 -0.999029 0.000987518
-36.2071 96.8086 0.907913 -0.0697712 -0.997561 -0.0017967
-35.1901 96.7302 0.910229 -0.087106 -0.996197 0.00196547
-34.1384 96.6285 0.913109 -0.103415 -0.994638 0.000565418
-33.1272 96.519 0.915636 -0.120833 -0.992671 0.00187966
-32.0318 96.3651 0.920567 -0.161386 -0.986891 -0.000704089
-31.0018 96.1912 0.925069 -0.175798 -0.984426 0.00085795
-29.919 95.9715 0.931395 -0.221558 -0.975131 0.0056528
-28.942 95.7375 0.939833 -0.252382 -0.967573 -0.0102791
-27.8726 95.4445 0.949441 -0.296839 -0.954858 -0.0115044
-26.844 95.1168 0.957746 -0.312132 -0.949996 -0.00907314
-25.8438 94.7695 0.965886 -0.351466 -0.936199 -0.00190156
-24.8682 94.3652 0.975043 -0.40422 -0.914662 -0.000773442
-23.9521 93.9438 0.984802 -0.425149 -0.905118 -0.00298904
-22.9374 93.4263 0.995132 -0.470052 -0.882593 -0.00895372
-21.89 92.8229 1.0052 -0.515212 -0.857063 0.000601905
-21.011 92.275 1.01525 -0.53244 -0.846465 -0.0023712
-20.1727 91.7291 1.01913 -0.562516 -0.826784 0.00217995
-19.2552 91.0864 1.01945 -0.581816 -0.81332 -0.000905009
-18.316 90.4144 1.02483 -0.58179 -0.813339 0.000338372
-17.4986 89.8289 1.02372 -0.582599 -0.812758 0.00155787
-16.6606 89.2284 1.028 -0.581517 -0.813534 0.000333179
-15.8284 88.6354 1.0261 -0.575182 -0.818025 -0.00100073
-14.9876 88.0544 1.02393 -0.566152 -0.824299 -0.00167413
-14.0955 87.4638 1.02077 -0.541253 -0.840854 -0.00322179
-13.109 86.8535 1.01576 -0.510692 -0.85968 0.012004
-12.1017 86.307 1.011 -0.447321 -0.894344 0.00731664
-11.1052 85.8252 1.00812 -0.415975 -0.909362 0.00499814
-10.1017 85.4338 1.00458 -0.300748 -0.953641 0.0109565
-9.1201 85.1796 1.0061 -0.220896 -0.975217 0.0125326
-8.13164 85.0142 1.01254 -0.10578 -0.994282 0.0146047
-7.0536 84.9864 1.01782 0.0352454 -0.999258 0.015505
-5.91087 85.0837 1.01912 0.117185 -0.993024 0.0130415
-4.84702 85.3082 1.02959 0.28595 -0.958008 0.021307
-3.8213 85.6675 1.04057 0.353244 -0.935402 -0.0155215
-2.85229 86.0768 1.05492 0.444074 -0.895813 0.0178299
-1.92716 86.6223 1.07369 0.548415 -0.836146 -0.0100423
-1.06783 87.216 1.09377 0.577324 -0.816512 -0.00223331
-0.116233 87.9489 1.11533 0.639057 -0.769159 -0.00092266
0.803659 88.7267 1.13929 0.655917 -0.754832 -0.00144049
1.6468 89.4907 1.16347 0.679846 -0.733354 -0.00126893
2.39212 90.2123 1.17981 0.702324 -0.711858 7.83592e-05
3.11359 90.9578 1.19577 0.723887 -0.689915 -0.0020404
3.82057 91.7238 1.2152 0.745378 -0.666634 0.00338457
3.87944 91.7903 1.21578 0.748557 -0.663061 0.00351034
