-41.1149 99.2061 1.28718 0.0178367 -0.999836 -0.00308073
-41.0849 99.2105 0.154056 0.0164186 -0.999857 -0.00396213
-41.1071 99.2122 -0.967414 0.0222366 -0.999753 0.000173112
-41.097 99.2095 -2.02873 0.0213031 -0.999771 0.0021466
-41.0941 99.2072 -3.20406 0.0179185 -0.999839 0.000547814
-41.1071 99.2071 -4.22413 0.0153152 -0.999882 -0.00038317
-41.105 99.2113 -5.33386 0.0118615 -0.999917 -0.00495321
-40.6732 99.2196 -6.1047 0.00836409 -0.999959 -0.00304629
-39.5926 99.2196 -6.12435 -0.0111417 -0.999933 -0.00308703
-38.4618 99.1994 -6.08511 -0.0216749 -0.999761 -0.00268872
-37.3315 99.1727 -6.09291 -0.0299225 -0.999543 -0.00170045
-36.3175 99.1285 -6.1062 -0.057398 -0.998347 0.00277225
-35.2092 99.0603 -6.13959 -0.0653316 -0.997851 0.00462962
-34.1637 98.9799 -6.09671 -0.0876931 -0.996143 -0.00123661
-33.1049 98.8781 -6.08504 -0.103346 -0.994642 0.00243662
-31.9264 98.7357 -6.144 -0.135739 -0.990745 -0.000471963
-30.8794 98.5835 -6.11253 -0.146541 -0.989197 0.00385535
-29.8826 98.4191 -6.10149 -0.191146 -0.9814 0.00106911
-28.883 98.2012 -6.11116 -0.224382 -0.9745 0.00140243
-27.8439 97.9567 -6.12362 -0.230797 -0.972989 0.00507086
-26.7811 97.6584 -6.10415 -0.297607 -0.954685 -0.00245284
-25.8224 97.3465 -6.12262 -0.318222 -0.948003 -0.0050952
-24.8574 96.9919 -6.05708 -0.361853 -0.932202 0.00285602
-23.8816 96.5714 -6.11105 -0.403028 -0.915168 -0.00608143
-23.5396 96.4147 -5.48826 -0.414445 -0.910039 -0.00143917
-23.7535 96.5164 -4.28001 -0.417266 -0.908774 0.00337559
-23.7677 96.5276 -3.23384 -0.420706 -0.907173 0.00576171
-23.609 96.458 -2.20125 -0.421312 -0.906873 0.00882649
-23.405 96.3649 -1.22064 -0.432464 -0.90165 -0.00117303
-23.5215 96.4186 -0.105677 -0.421697 -0.906737 -0.000450268
-23.6526 96.4796 0.923474 -0.417202 -0.908778 -0.00787987
-23.6829 96.4895 2.13119 -0.410939 -0.911647 -0.00527604
-23.8255 96.5465 3.20283 -0.410413 -0.911879 -0.00414493
-23.7814 96.5287 4.24519 -0.408536 -0.912721 0.00630019
-23.5615 96.4231 5.38044 -0.417682 -0.908585 -0.00392279
-24.0806 96.6623 6.11397 -0.411241 -0.911469 0.00851351
-25.1123 97.0989 6.06362 -0.370135 -0.928958 -0.00605627
-26.2017 97.4876 6.1137 -0.316462 -0.948529 0.00836628
-27.1678 97.791 6.10121 -0.28721 -0.957861 -0.00196792
-28.3124 98.0913 6.10998 -0.226248 -0.974024 0.00945165
-29.3414 98.3096 6.07277 -0.20306 -0.979164 0.000293083
-30.3534 98.5007 6.10651 -0.164837 -0.986309 -0.00472206
-31.3401 98.6578 6.14115 -0.147158 -0.989093 -0.00634284
-32.447 98.8105 6.11051 -0.108797 -0.994004 -0.0108952
-33.4735 98.9125 6.115 -0.086524 -0.996226 -0.00684313
-34.4943 98.9975 6.12946 -0.0789038 -0.996868 -0.00492819
-35.5592 99.069 6.10935 -0.0605649 -0.998164 -0.000505885
-36.6478 99.1323 6.08864 -0.0516256 -0.998653 0.00160611
-37.6627 99.1769 6.11584 -0.0294288 -0.999567 0.000287573
-38.6885 99.2016 6.11184 -0.0134263 -0.99991 0.000188414
-39.6981 99.2118 6.08942 -0.00313216 -0.999966 -0.00582407
-40.7089 99.2047 6.06569 0.0182652 -0.999833 -0.000323469
-41.0466 99.1997 5.24026 0.0201318 -0.999788 -0.00400224
-41.0775 99.203 4.12085 0.0192275 -0.999813 -0.00138734
-41.0697 99.2034 3.03558 0.0171932 -0.999852 -0.000586138
-41.0914 99.2046 1.93909 0.0175319 -0.999844 -0.0021117
-41.1119 99.206 1.35732 0.0178048 -0.999837 -0.00302413
-42.0589 99.1886 1.43228 0.0183163 -0.999829 -0.00246432
-42.0248 99.1869 2.4323 0.0183641 -0.999829 -0.00225119
-42.0237 99.1846 3.46499 0.0206903 -0.999783 -0.00226978
-42.0295 99.1796 4.63273 0.0235726 -0.99971 -0.00488317
-41.9998 99.1762 5.73009 0.0249566 -0.999685 -0.00254447
-41.9937 99.1753 6.73789 0.0267654 -0.999641 -0.00104217
-41.1097 99.1964 7.02594 0.0193597 -0.999811 -0.00160453
-40.065 99.2085 7.03919 0.00126886 -0.99998 -0.00599633
-38.935 99.2025 7.04261 -0.0138655 -0.999889 -0.00460808
-37.8803 99.1791 7.06293 -0.0288208 -0.999572 -0.00450446
-36.7834 99.1366 7.0396 -0.0474388 -0.998873 -0.00180063
-35.6152 99.0724 7.05989 -0.0624858 -0.998038 -0.00383381
-34.5739 98.9993 7.06919 -0.0746086 -0.99718 -0.00812737
-33.5643 98.9181 7.07119 -0.0873012 -0.996182 -0.000759394
-32.4507 98.8037 7.0544 -0.11724 -0.993102 -0.00183861
-31.4365 98.6673 7.09659 -0.150145 -0.988652 -0.0043204
-30.3957 98.5065 7.05768 -0.163142 -0.986554 -0.000227616
-29.4004 98.3204 7.02464 -0.201153 -0.979559 -0.000943532
-28.2618 98.0729 7.05883 -0.23633 -0.971572 -0.0140272
-27.2954 97.8173 7.04974 -0.275018 -0.961293 -0.0167719
-26.2615 97.5065 7.05096 -0.310919 -0.950214 0.00550158
-25.2144 97.1361 7.02165 -0.343516 -0.939126 -0.00557688
-24.2565 96.7474 7.05415 -0.400434 -0.916205 -0.00587955
-23.2928 96.2918 7.06151 -0.43499 -0.900391 -0.00895739
-22.7652 96.0315 6.36754 -0.458267 -0.88881 0.00276865
-22.6765 95.9915 5.23786 -0.462397 -0.886536 -0.0155967
-22.9267 96.1306 4.21266 -0.434726 -0.900542 -0.00613959
-22.9965 96.1692 3.21258 -0.424348 -0.905471 -0.00295866
-22.8102 96.0746 2.1084 -0.443764 -0.896122 0.00633423
-22.794 96.0646 1.00595 -0.450233 -0.892882 -0.0072073
-22.6166 95.9738 -0.0480414 -0.46969 -0.882763 0.010982
-22.4696 95.8875 -1.13437 -0.473122 -0.880977 0.00194987
-22.7146 96.02 -2.09712 -0.456448 -0.889677 0.00712209
-22.9272 96.1266 -3.06818 -0.434344 -0.900741 0.00135674
-22.8947 96.111 -4.16207 -0.43475 -0.90055 0.00183654
-22.7464 96.0355 -5.16326 -0.454243 -0.890719 0.00541323
-22.4379 95.8668 -6.06518 -0.472888 -0.881065 0.0052122
-22.8746 96.0843 -6.99327 -0.446848 -0.89456 0.00942677
-23.8039 96.5387 -7.0544 -0.419272 -0.907756 0.00713749
-24.8258 96.9751 -7.01851 -0.369388 -0.929269 0.00304376
-25.9183 97.3784 -7.07353 -0.326861 -0.945071 -0.0013399
-26.8968 97.6905 -7.04367 -0.291674 -0.956475 0.00770042
-27.8986 97.9688 -7.06106 -0.242135 -0.970182 0.00584022
-28.9173 98.2077 -7.03986 -0.222686 -0.97489 -0.00048196
-29.9381 98.4244 -7.04061 -0.186721 -0.982361 0.0100848
-30.9825 98.5972 -7.04297 -0.152565 -0.988287 -0.00364299
-32.1275 98.7589 -7.07795 -0.124118 -0.992249 0.00118939
-33.1433 98.8791 -7.02912 -0.110051 -0.99391 0.00493438
-34.1697 98.9801 -7.05665 -0.0777762 -0.996969 0.00145699
-35.1983 99.0551 -7.07721 -0.0660871 -0.997806 0.00394226
-36.43 99.1331 -7.04158 -0.0611628 -0.998127 -0.00147784
-37.6271 99.1816 -7.04502 -0.0308318 -0.999524 -0.00144553
-38.6665 99.2075 -7.05034 -0.0225078 -0.999736 -0.00470887
-39.7392 99.2224 -7.06785 -0.00583058 -0.999983 0.000523742
-40.7811 99.2196 -7.05354 0.00776723 -0.999969 -0.00136755
-41.8352 99.2051 -7.01851 0.0183487 -0.999832 0.000193008
-42.0624 99.2007 -6.02545 0.0157046 -0.999869 -0.00385202
-42.0308 99.1967 -5.02288 0.0142524 -0.999879 -0.00630453
-42.0487 99.1907 -3.93005 0.0175901 -0.99984 -0.00298306
-42.0199 99.1886 -2.82979 0.0203317 -0.999789 -0.00295602
-42.029 99.1875 -1.81073 0.0241585 -0.999708 0.000880473
-42.0297 99.1906 -0.658467 0.0257893 -0.999664 0.00115973
-42.0436 99.1911 0.391343 0.0198993 -0.999801 0.00130098
-42.0544 99.1894 1.1823 0.0183641 -0.999828 -0.00254173
-20.4646 94.7249 1.20775 -0.531912 -0.846788 0.00375006
-20.304 94.6201 0.169256 -0.538719 -0.842455 0.00709273
-20.2775 94.5949 -0.871998 -0.550572 -0.834737 0.0091723
-20.1624 94.5236 -1.90856 -0.55582 -0.831275 -0.00622732
-20.167 94.5321 -2.94939 -0.560074 -0.828382 0.00729866
-20.1215 94.5033 -3.82805 -0.562798 -0.826593 0.00142092
-20.1544 94.5188 -4.81939 -0.555662 -0.831357 0.00918735
-20.2464 94.5781 -5.9273 -0.551708 -0.834001 -0.00777001
-20.3073 94.6253 -6.97934 -0.529952 -0.848023 0.00286823
-19.4572 94.0686 -7.07893 -0.564875 -0.825154 -0.00606832
-18.6147 93.467 -7.03508 -0.589935 -0.807446 -0.00190775
-17.8022 92.8678 -7.03665 -0.599 -0.800748 -0.00121886
-16.9482 92.229 -7.07511 -0.596519 -0.802592 -0.00198361
-16.0803 91.5921 -7.05399 -0.58771 -0.809069 -0.00225713
-15.2141 90.9671 -7.06166 -0.583969 -0.811774 -0.00157327
-14.2537 90.3072 -7.05172 -0.542894 -0.839801 -0.000641617
-13.3453 89.7314 -7.05971 -0.525797 -0.850533 -0.0115001
-12.4247 89.2077 -7.04529 -0.473676 -0.880506 -0.0184353
-11.4867 88.7242 -7.046 -0.436796 -0.899452 -0.0139687
-10.499 88.2902 -7.05068 -0.37624 -0.925593 -0.0414938
-9.52137 87.9433 -7.05083 -0.282751 -0.959167 -0.00703659
-8.48611 87.6999 -7.04705 -0.173045 -0.984567 -0.022155
-7.43664 87.5731 -7.03902 -0.0318899 -0.997846 -0.00890881
-6.37307 87.6794 -7.05267 0.162579 -0.986461 -0.0214997
-5.24257 87.8982 -7.03049 0.259824 -0.964922 -0.00568684
-4.24137 88.2434 -7.04251 0.38104 -0.924287 -0.0172874
-3.21208 88.7324 -7.06451 0.491808 -0.870464 -0.0170874
-2.30237 89.2951 -7.04634 0.548646 -0.835736 -0.0213714
-1.46951 89.8776 -7.04455 0.610791 -0.791614 0.00503025
-0.676056 90.5204 -7.05432 0.64176 -0.766872 -0.00570354
0.0947463 91.1669 -7.04887 0.659666 -0.751558 0.00120828
0.853599 91.8588 -7.06747 0.690089 -0.723608 -0.00279417
1.58407 92.5786 -7.0446 0.704864 -0.709273 0.00994668
2.34711 93.3907 -7.02883 0.742618 -0.669691 -0.00528783
2.5249 93.5821 -6.07094 0.741019 -0.671441 -0.00524754
2.52803 93.5852 -5.01737 0.737623 -0.675185 0.00608017
2.50508 93.577 -3.92998 0.738435 -0.674236 0.0109468
2.51099 93.5898 -2.8845 0.736034 -0.676945 -0.00021465
2.49907 93.5788 -1.74247 0.733079 -0.680143 0.000518921
2.51968 93.5988 -0.681021 0.742989 -0.669303 -0.00147465
2.52601 93.5973 0.401585 0.741217 -0.671245 -0.00521728
2.50566 93.5715 1.4416 0.729323 -0.684167 -0.00192627
2.51268 93.5796 2.49902 0.730044 -0.683376 -0.00575144
2.53473 93.5854 3.65019 0.730224 -0.682987 -0.0172211
2.56969 93.5901 4.83958 0.72817 -0.685301 -0.0114289
2.56611 93.5777 5.96031 0.728865 -0.684402 0.0169266
2.48216 93.4997 7.00363 0.736822 -0.676059 0.00619244
1.70422 92.694 7.03233 0.691215 -0.722585 -0.00964487
0.88216 91.9021 7.05274 0.695382 -0.718609 0.00479808
0.107977 91.173 7.04467 0.661229 -0.750168 -0.000510209
-0.770307 90.4147 7.08091 0.642739 -0.766004 0.0111389
-1.64798 89.7292 7.06859 0.584961 -0.810683 0.0195116
-2.52121 89.1281 7.04513 0.557086 -0.829821 0.0324386
-3.47572 88.5924 7.04656 0.412929 -0.910252 0.0305047
-4.54229 88.2072 7.04557 0.305788 -0.952029 -0.0115972
-5.66964 87.8811 7.04728 0.259143 -0.964675 -0.0401512
-6.76528 87.738 7.07404 0.0860794 -0.993672 0.0721486
-7.90899 87.7035 7.04137 -0.0742757 -0.995599 0.0571413
-8.95619 87.866 7.04381 -0.244164 -0.966975 0.0731042
-9.97691 88.1423 7.04679 -0.289463 -0.956583 0.0339353
-10.9437 88.5136 7.05483 -0.401592 -0.915482 0.0248178
-11.8506 88.9393 7.0718 -0.458888 -0.888264 0.0151929
-12.8571 89.5007 7.05344 -0.502394 -0.864309 0.0238834
-13.7884 90.0596 7.03132 -0.531245 -0.847196 0.00621171
-14.6566 90.6246 7.06468 -0.551728 -0.833987 0.00784321
-15.5566 91.2343 7.04977 -0.568376 -0.822742 0.00667765
-16.3857 91.8223 7.04469 -0.583919 -0.811796 0.00513583
-17.2326 92.4361 7.04324 -0.589339 -0.807884 0.001505
-18.0765 93.0508 7.06826 -0.588837 -0.808248 -0.00182788
-18.9735 93.6978 7.06078 -0.583412 -0.812137 -0.00792608
-19.927 94.357 7.05242 -0.549763 -0.835316 0.00123304
-20.4486 94.6928 6.16323 -0.536965 -0.8436 0.00178992
-20.4396 94.6943 5.08096 -0.537127 -0.843427 -0.0112087
-20.1862 94.5447 4.09148 -0.548249 -0.836287 -0.00684462
-20.0349 94.4486 3.11596 -0.563866 -0.825853 -0.00260034
-20.3049 94.6296 2.03215 -0.540678 -0.841192 0.00441519
-20.4567 94.7207 1.31207 -0.53164 -0.846949 0.00600248
-19.6197 94.177 1.23699 -0.549821 -0.835282 0.000519758
-19.4104 94.0245 2.30953 -0.572598 -0.819803 -0.00737189
-19.2692 93.92 3.44177 -0.573097 -0.819482 0.00290116
-19.478 94.0659 4.52896 -0.572205 -0.820074 -0.00439421
-19.6658 94.1873 5.5551 -0.549221 -0.835653 -0.00630945
-19.0881 93.7868 6.09491 -0.580578 -0.814204 -9.76496e-05
-18.2695 93.1945 6.10666 -0.591614 -0.806221 2.82384e-05
-17.326 92.502 6.10339 -0.59134 -0.80642 0.00159371
-16.451 91.8646 6.09758 -0.581422 -0.813592 0.00395592
-15.6267 91.2788 6.09246 -0.575503 -0.81779 0.00385472
-14.7617 90.6862 6.10276 -0.554711 -0.832034 0.00382645
-13.9185 90.1346 6.08346 -0.537164 -0.843451 0.00672703
-12.9247 89.5224 6.10287 -0.505014 -0.863029 0.0119025
-12.0347 89.022 6.13868 -0.470733 -0.882201 0.00998147
-11.0592 88.5386 6.13298 -0.407506 -0.91252 0.0295545
-10.1069 88.1548 6.11368 -0.332689 -0.942914 0.0151803
-9.11461 87.8632 6.09793 -0.205379 -0.978484 0.0140664
-8.10347 87.6997 6.11031 -0.0634075 -0.997982 0.00332785
-6.99192 87.6856 6.10739 0.0204354 -0.998918 0.0359429
-5.98558 87.8044 6.08988 0.225769 -0.97291 0.0407659
-4.84239 88.1239 6.1085 0.285287 -0.95844 -0.000303085
-3.87239 88.4358 6.10326 0.337664 -0.939722 0.0407197
-2.95338 88.8542 6.10845 0.490445 -0.870516 0.00366679
-2.03251 89.4409 6.11589 0.577558 -0.816066 0.021508
-1.21895 90.0477 6.1118 0.616327 -0.787469 -0.00581636
-0.328597 90.7789 6.10042 0.6613 -0.750094 0.00112884
0.443268 91.4772 6.10612 0.685087 -0.72834 0.0133188
1.27505 92.2766 6.06498 0.698285 -0.715795 0.00529673
1.90632 92.8956 5.57905 0.70616 -0.708045 0.00288105
1.90369 92.8925 4.56306 0.721769 -0.69205 -0.00950478
1.87506 92.8867 3.50088 0.726841 -0.686633 -0.0152606
1.86744 92.8946 2.46352 0.727104 -0.686515 -0.000766393
1.86805 92.8944 1.38923 0.722704 -0.691157 -0.000865726
1.88699 92.9106 0.345421 0.720395 -0.693561 0.00228079
1.87392 92.9003 -0.710471 0.730981 -0.68232 -0.0103392
1.85806 92.8961 -1.77271 0.723812 -0.689989 -0.00346524
1.86249 92.8891 -2.83 0.727805 -0.685754 0.00630639
1.86854 92.8852 -3.84281 0.730713 -0.682563 0.0129099
1.87636 92.8876 -5.1005 0.719429 -0.694566 0.00030786
1.74659 92.7509 -6.05703 0.720141 -0.69382 0.00272644
0.935563 91.9341 -6.09884 0.707109 -0.707098 -0.00314352
0.201787 91.2514 -6.09695 0.655991 -0.754533 -0.0188588
-0.663117 90.5145 -6.11146 0.640067 -0.768038 -0.0205776
-1.44769 89.8948 -6.11977 0.599806 -0.800133 -0.00332636
-2.32149 89.2641 -6.11503 0.57509 -0.817917 -0.0168409
-3.17825 88.7312 -6.11434 0.46868 -0.88315 -0.0169566
-4.09544 88.2891 -6.11272 0.402183 -0.915406 0.00799956
-5.13743 87.9054 -6.08535 0.240278 -0.970276 -0.0207464
-6.14925 87.6865 -6.09744 0.184197 -0.982481 -0.028325
-7.1503 87.5877 -6.09236 -0.0150984 -0.999456 -0.0293072
-8.3804 87.6705 -6.09941 -0.125997 -0.991641 0.0241722
-9.42029 87.9003 -6.11961 -0.260817 -0.965275 0.0147654
-10.404 88.2241 -6.1298 -0.378853 -0.925059 -0.0271301
-11.3349 88.6388 -6.10933 -0.438503 -0.898555 -0.0170994
-12.3 89.1238 -6.10587 -0.473815 -0.880524 -0.0115321
-13.2819 89.6811 -6.11835 -0.518719 -0.854842 -0.00441506
-14.1695 90.2416 -6.08214 -0.54767 -0.836668 -0.000352253
-15.0081 90.8156 -6.08875 -0.581339 -0.813642 -0.00488969
-15.8969 91.4563 -6.09514 -0.587386 -0.80929 -0.00501598
-16.8726 92.1718 -6.1363 -0.59577 -0.803143 -0.00441847
-17.8047 92.8675 -6.09979 -0.598997 -0.800748 -0.00235813
-18.6337 93.4791 -6.08437 -0.588982 -0.80814 -0.00331608
-19.4188 94.0282 -6.00225 -0.557837 -0.829885 -0.0090787
-19.36 93.9833 -4.88666 -0.563088 -0.826395 -0.000106181
-19.3545 93.9786 -3.81293 -0.569741 -0.821809 -0.00487146
-19.3699 93.9884 -2.64675 -0.575382 -0.817881 0.00238839
-19.4199 94.0227 -1.51342 -0.56481 -0.825211 0.00163946
-19.4716 94.0623 -0.502335 -0.561653 -0.827244 0.0146225
-19.5723 94.1388 0.651806 -0.558069 -0.829779 0.00111275
-19.6205 94.1776 1.2033 -0.553908 -0.832532 0.0049799
-19.0696 93.7874 1.40068 -0.578427 -0.815727 0.00347327
-18.2069 93.1602 1.399 -0.591858 -0.806024 0.00543144
-17.3255 92.5068 1.39607 -0.599823 -0.80005 0.0114894
-16.4272 91.8422 1.38747 -0.589592 -0.807614 0.0118611
-15.4754 91.1578 1.38301 -0.579704 -0.814729 0.0126365
-14.5447 90.5083 1.37289 -0.56345 -0.82613 0.00576541
-13.7055 89.954 1.36629 -0.544161 -0.838974 -0.00331772
-12.8271 89.4172 1.35867 -0.494885 -0.868867 0.0125803
-11.8886 88.8967 1.35137 -0.470624 -0.882333 -0.00113912
-10.9795 88.4505 1.34468 -0.401542 -0.915834 -0.0034403
-9.91439 88.0303 1.34066 -0.321574 -0.946831 -0.0100615
-8.87333 87.7366 1.34494 -0.201055 -0.979328 0.0221958
-7.85925 87.5984 1.34672 -0.0637455 -0.99753 0.0295147
-6.80001 87.5968 1.35575 0.0678116 -0.997441 0.0226614
-5.76182 87.7505 1.37154 0.171334 -0.985034 0.0187929
-4.65499 88.0996 1.37783 0.348717 -0.937221 0.00365419
-3.71629 88.4953 1.39216 0.429796 -0.902913 -0.00491523
-2.78718 88.9923 1.40591 0.505452 -0.862699 0.0164013
-1.81861 89.6135 1.42754 0.554275 -0.832263 0.0108813
-1.01104 90.2106 1.44721 0.615818 -0.787876 0.004451
-0.188843 90.8887 1.46643 0.650491 -0.759511 0.00222351
0.574134 91.5793 1.48964 0.693351 -0.720593 0.00335406
1.39556 92.4017 1.50658 0.719771 -0.694211 0.000425929
1.4988 92.5087 1.50761 0.71985 -0.69413 -0.000112212
1.47014 92.4762 0.373329 0.722419 -0.691455 0.00127109
0.76032 91.7672 0.368736 0.693556 -0.720398 0.00250648
-0.0552565 91.0116 0.364515 0.658696 -0.752406 -0.00232892
-0.91031 90.2935 0.361998 0.625764 -0.780005 -0.0033881
-1.85162 89.576 0.355369 0.566356 -0.823941 0.0189979
-2.81014 88.9699 0.350821 0.510194 -0.859808 0.0207953
-3.79955 88.4513 0.347918 0.427499 -0.904 0.00534768
-4.74395 88.0522 0.348083 0.360063 -0.932918 -0.00441863
-5.80325 87.7311 0.342336 0.239688 -0.970834 0.00562596
-6.82172 87.5801 0.343962 0.0726446 -0.997306 0.0101377
-7.99892 87.5606 0.341396 -0.0419452 -0.998685 -0.0294729
-9.1515 87.7976 0.340899 -0.265996 -0.963961 0.00507457
-10.1591 88.1164 0.338874 -0.326863 -0.945064 0.00375714
-11.1871 88.5478 0.333662 -0.422422 -0.906394 0.00310522
-12.1222 89.0216 0.331431 -0.472755 -0.881189 -0.0029645
-13.0587 89.551 0.331103 -0.516932 -0.855999 0.00680077
-13.9882 90.1344 0.331207 -0.543537 -0.839325 0.00999143
-14.8592 90.7144 0.33028 -0.567081 -0.823635 0.00665895
-15.7193 91.3167 0.33128 -0.58272 -0.812634 0.00795526
-16.5658 91.9283 0.332803 -0.592716 -0.805373 0.00787215
-17.5009 92.6257 0.331683 -0.603916 -0.797029 0.0054398
-18.3445 93.2576 0.33335 -0.595971 -0.803005 -0.00139178
-19.0751 93.7896 0.335325 -0.581495 -0.813511 0.00795653
-18.9018 93.6662 -0.730983 -0.575071 -0.818102 0.00164727
-18.0526 93.0396 -0.728217 -0.59862 -0.801033 -0.000892319
-17.1559 92.3643 -0.723835 -0.600618 -0.799532 -0.00251392
-16.2326 91.6792 -0.722018 -0.5888 -0.808279 -0.000208974
-15.4092 91.0875 -0.71797 -0.578148 -0.815926 0.00308794
-14.5196 90.4728 -0.709308 -0.556327 -0.830912 0.00924919
-13.6647 89.9166 -0.703522 -0.529867 -0.848072 0.00382581
-12.632 89.296 -0.695484 -0.497428 -0.867388 0.0142636
-11.671 88.7841 -0.687866 -0.450186 -0.892928 -0.00351458
-10.6662 88.3112 -0.679274 -0.41119 -0.911549 -0.00123829
-9.72739 87.9455 -0.673581 -0.317739 -0.947335 0.0399703
-8.68779 87.6843 -0.674596 -0.216082 -0.976359 -0.00563501
-7.54941 87.5485 -0.670574 -0.0310834 -0.999445 -0.0120106
-6.4713 87.5915 -0.680316 0.125718 -0.991321 0.0384405
-5.48173 87.7894 -0.686718 0.27791 -0.960391 0.0203872
-4.48613 88.1406 -0.690696 0.355401 -0.934503 0.0198473
-3.4334 88.631 -0.701604 0.46043 -0.887688 -0.00365433
-2.45932 89.1628 -0.711978 0.526841 -0.849963 0.00142066
-1.56814 89.7732 -0.723694 0.598412 -0.80116 0.00677571
-0.742124 90.4296 -0.734899 0.631927 -0.775008 0.00559467
0.143123 91.1986 -0.744065 0.671069 -0.741358 -0.00736852
0.876416 91.8875 -0.752797 0.69658 -0.717309 -0.015614
1.53863 92.5517 -0.7544 0.716214 -0.697686 -0.0165033
1.49761 92.5164 -1.89084 0.720045 -0.693859 0.00976838
0.795431 91.8045 -1.87136 0.697379 -0.716695 0.00323193
0.00443805 91.0698 -1.85173 0.675616 -0.737242 0.00424052
-0.879297 90.3169 -1.82275 0.634149 -0.773204 0.00325856
-1.8307 89.572 -1.79732 0.602824 -0.79787 -0.00270834
-2.80455 88.95 -1.76642 0.492152 -0.86981 0.034892
-3.74291 88.4605 -1.74389 0.451198 -0.892078 0.0248442
-4.75055 88.0217 -1.72195 0.352918 -0.93563 -0.00680469
-5.7631 87.6923 -1.704 0.208768 -0.977286 0.0364336
-6.77104 87.5485 -1.69345 0.0634201 -0.997987 0.000231993
-7.80505 87.5592 -1.68606 -0.0718117 -0.997333 -0.0130526
-8.88702 87.7062 -1.68662 -0.203731 -0.978902 0.0156161
-10.0546 88.0584 -1.69102 -0.359363 -0.933168 0.00745993
-11.0899 88.5003 -1.70162 -0.425545 -0.904922 0.00514269
-12.0424 88.9726 -1.71442 -0.463009 -0.886339 -0.00514094
-12.9645 89.4869 -1.72744 -0.506199 -0.862408 0.00376014
-13.9178 90.076 -1.74363 -0.544722 -0.838613 -0.00251651
-14.7509 90.6308 -1.75414 -0.560179 -0.828369 0.00216221
-15.6511 91.2589 -1.76934 -0.584891 -0.811112 0.000386095
-16.5268 91.8997 -1.78034 -0.59662 -0.802479 -0.00846579
-17.4125 92.5623 -1.79 -0.601406 -0.798943 -0.000605812
-18.2223 93.1674 -1.79367 -0.599237 -0.800569 0.00218986
-18.9874 93.7244 -1.79679 -0.585531 -0.810647 -0.00236955
-19.0011 93.7272 -2.86625 -0.58146 -0.813574 0.00110965
-18.1282 93.0936 -2.85985 -0.594235 -0.804276 -0.00500154
-17.3213 92.4935 -2.85252 -0.596636 -0.802511 -0.00135445
-16.5169 91.8959 -2.84167 -0.591412 -0.806367 -0.0016681
-15.6619 91.27 -2.82227 -0.591092 -0.806599 -0.00295338
-14.7047 90.5964 -2.80147 -0.561917 -0.827192 0.00131979
-13.7309 89.9536 -2.77671 -0.528922 -0.84867 -0.000857001
-12.7824 89.3864 -2.75062 -0.492291 -0.870421 0.00411014
-11.7214 88.8129 -2.72782 -0.460429 -0.887693 -0.00266229
-10.8093 88.3804 -2.71186 -0.401197 -0.915959 -0.00779393
-9.86204 87.9912 -2.6998 -0.349179 -0.93646 -0.0334108
-8.80897 87.6979 -2.69478 -0.217204 -0.975426 -0.0369768
-7.79764 87.5748 -2.70004 -0.0802115 -0.995715 -0.0460187
-6.75201 87.5522 -2.70923 -0.00634016 -0.999915 -0.0113667
-5.67209 87.7287 -2.72545 0.256033 -0.96664 -0.00737596
-4.64847 88.061 -2.75055 0.382749 -0.923841 -0.00465808
-3.68004 88.4832 -2.78464 0.418059 -0.90838 0.00845367
-2.74057 88.9616 -2.82763 0.467518 -0.883806 0.0177301
-1.87432 89.5437 -2.87428 0.59716 -0.802116 -0.00316989
-1.01365 90.2013 -2.9218 0.620271 -0.784326 0.00980998
-0.18491 90.9052 -2.95726 0.664628 -0.747173 -0.0013692
0.63935 91.6574 -2.99984 0.679512 -0.73365 0.00460688
1.38918 92.3887 -3.02911 0.705632 -0.708566 0.00418854
1.44808 92.4473 -3.03131 0.714985 -0.699074 0.0096343
1.54386 92.538 -4.20041 0.721146 -0.692775 0.00343634
0.807089 91.8109 -4.15612 0.683069 -0.730342 0.00411387
0.057418 91.1237 -4.1057 0.667025 -0.744957 0.0107658
-0.816511 90.3572 -4.0396 0.648448 -0.761223 0.00737876
-1.62569 89.7346 -3.97166 0.595646 -0.803198 -0.00886293
-2.4597 89.1377 -3.90159 0.529262 -0.848284 -0.0171978
-3.35861 88.6306 -3.8391 0.433408 -0.901157 0.00853397
-4.32185 88.1931 -3.78661 0.391521 -0.920168 0.00132133
-5.34157 87.8189 -3.74423 0.291788 -0.956449 -0.00801677
-6.31772 87.6024 -3.71625 0.164557 -0.986347 0.00632089
-7.41383 87.5832 -3.69142 -0.0673892 -0.996968 -0.0389134
-8.48246 87.6973 -3.68667 -0.130465 -0.99095 -0.031569
-9.54418 87.9008 -3.69502 -0.273354 -0.961722 -0.0191716
-10.5673 88.2847 -3.71367 -0.385856 -0.922443 0.0146194
-11.4957 88.6978 -3.7343 -0.417388 -0.908654 0.0116214
-12.4473 89.1934 -3.7653 -0.486919 -0.873417 0.00719115
-13.3276 89.6997 -3.80003 -0.524082 -0.851646 -0.00607778
-14.2334 90.2784 -3.83098 -0.551642 -0.834081 -2.56146e-05
-15.1366 90.8947 -3.8632 -0.576026 -0.817427 -0.00256252
-15.989 91.5129 -3.88945 -0.590569 -0.806979 -0.00366951
-16.8379 92.1383 -3.91156 -0.595861 -0.80308 -0.00348706
-17.6696 92.7592 -3.9272 -0.59825 -0.801297 -0.00451523
-18.5816 93.4345 -3.93698 -0.58472 -0.811187 -0.00882568
-18.9431 93.6908 -3.93963 -0.576807 -0.816852 -0.00678261
-18.8847 93.6571 -5.01644 -0.576315 -0.817217 -0.00412804
-17.9928 93.0058 -5.00683 -0.597796 -0.801648 -0.000808531
-17.0636 92.3101 -4.99022 -0.598885 -0.800832 -0.00231672
-16.1142 91.6071 -4.95933 -0.592818 -0.805324 -0.00449445
-15.209 90.9504 -4.92281 -0.582982 -0.812461 -0.00619418
-14.269 90.3018 -4.88135 -0.555293 -0.831655 0.000263534
-13.3568 89.7192 -4.83447 -0.529241 -0.848415 -0.00975576
-12.4732 89.2057 -4.78975 -0.487622 -0.873043 -0.00446133
-11.4912 88.6989 -4.74203 -0.441306 -0.897326 -0.00744002
-10.5261 88.2574 -4.70688 -0.371455 -0.928152 -0.0235821
-9.37458 87.851 -4.67857 -0.274284 -0.960958 -0.0364476
-8.24352 87.6734 -4.66892 -0.104646 -0.994313 0.0197546
-7.21446 87.5784 -4.68067 -0.0801459 -0.996713 0.0118551
-6.06635 87.6595 -4.70757 0.140253 -0.990094 0.00658824
-5.05116 87.9183 -4.75437 0.30878 -0.951122 -0.00461797
-4.01231 88.3263 -4.82645 0.408509 -0.912748 -0.00323841
-3.00709 88.8115 -4.91122 0.483646 -0.875249 0.00498144
-2.12956 89.3833 -4.99563 0.58283 -0.812233 -0.0242408
-1.30086 89.9939 -5.08921 0.594656 -0.803892 -0.01188
-0.502331 90.6216 -5.19136 0.633728 -0.773538 -0.00527374
0.340575 91.363 -5.28122 0.680591 -0.732663 -0.000677733
1.1043 92.1 -5.35911 0.708332 -0.705831 -0.00828582
1.46784 92.4682 -5.38515 0.713454 -0.700699 -0.00185883
1.49843 92.504 2.65167 0.723034 -0.690783 -0.0064123
0.721875 91.7207 2.61544 0.690904 -0.722935 -0.0041577
-0.0373459 91.0185 2.5787 0.655528 -0.755076 0.0119465
-0.893306 90.3041 2.54361 0.626404 -0.779436 0.00987493
-1.74669 89.6594 2.50476 0.575304 -0.81783 -0.0134072
-2.67462 89.0579 2.46395 0.508795 -0.860797 -0.0125191
-3.5993 88.5592 2.43187 0.435728 -0.899605 0.0291922
-4.52434 88.1515 2.40451 0.351637 -0.935819 0.0243674
-5.5404 87.8254 2.39031 0.216301 -0.976242 0.0128499
-6.61086 87.6521 2.37271 0.0984378 -0.994037 0.0468984
-7.77292 87.6483 2.35373 -0.0922031 -0.994603 0.0475673
-8.98179 87.8098 2.34643 -0.150494 -0.988219 0.0278205
-10.0396 88.069 2.34908 -0.314958 -0.949088 0.00583922
-10.9859 88.4529 2.35743 -0.401586 -0.915664 0.016982
-11.923 88.9157 2.36962 -0.476605 -0.879101 0.00541795
-12.8479 89.4333 2.38564 -0.501161 -0.865308 0.00890099
-13.7162 89.9611 2.4011 -0.543662 -0.839241 0.010282
-14.6984 90.6207 2.42156 -0.566713 -0.823867 0.00890175
-15.5932 91.2556 2.4334 -0.581839 -0.813291 0.00467627
-16.4167 91.8493 2.44708 -0.586395 -0.809987 0.00794739
-17.3299 92.5189 2.45904 -0.593983 -0.804478 -3.77044e-06
-18.1669 93.1347 2.46554 -0.58861 -0.808416 0.00140577
-18.9544 93.7013 2.47197 -0.579073 -0.815274 -0.00167127
-18.8545 93.6282 3.54267 -0.581617 -0.813463 0.000800954
-17.8939 92.9297 3.53415 -0.592654 -0.805387 -0.0106349
-16.956 92.2396 3.51676 -0.590453 -0.807056 -0.00507576
-16.0717 91.5981 3.49862 -0.584838 -0.811132 -0.0053819
-15.1836 90.9635 3.47708 -0.578829 -0.815444 0.00264204
-14.3252 90.3752 3.44929 -0.559424 -0.828875 0.0032625
-13.4451 89.7989 3.42847 -0.538664 -0.842478 0.00840916
-12.5327 89.2579 3.40255 -0.489594 -0.87193 0.00594534
-11.5263 88.72 3.37622 -0.42993 -0.902847 0.0052415
-10.549 88.2845 3.3585 -0.387792 -0.921572 0.0179409
-9.42871 87.9249 3.34138 -0.199972 -0.97885 0.0431686
-8.43612 87.7619 3.34029 -0.13011 -0.991442 -0.0106947
-7.3745 87.6553 3.3475 -0.0348285 -0.998899 0.031443
-6.23564 87.7306 3.3718 0.141724 -0.989086 0.0402962
-5.11436 87.9584 3.40064 0.234029 -0.971729 0.0311897
-4.12768 88.3241 3.44056 0.406438 -0.913672 -0.00345073
-3.20173 88.7579 3.48638 0.456855 -0.88939 -0.0164085
-2.22733 89.3285 3.54916 0.535153 -0.844428 -0.0234986
-1.40821 89.9101 3.60528 0.608925 -0.793201 0.00650912
-0.493255 90.6329 3.67404 0.630155 -0.776466 0.00253201
0.298217 91.3141 3.72178 0.67392 -0.738793 0.00406257
1.04893 92.0289 3.77075 0.69487 -0.719135 0.000161715
1.49208 92.4747 3.79642 0.722379 -0.691307 -0.0162461
1.56161 92.5478 4.96763 0.705289 -0.70891 0.00383555
0.713034 91.717 4.89638 0.691179 -0.722578 0.0123476
-0.0320052 91.0293 4.82836 0.659048 -0.752087 0.00460151
-0.933287 90.2786 4.7433 0.613527 -0.789639 0.00732624
-1.84248 89.5878 4.65124 0.59748 -0.801877 -0.00313316
-2.80565 88.9642 4.55808 0.506087 -0.862474 0.00379955
-3.85209 88.4241 4.47596 0.414912 -0.909859 -0.00204529
-4.98931 88.0163 4.41295 0.309671 -0.950724 0.0151178
-6.11494 87.7552 4.36645 0.14926 -0.988769 0.00759009
-7.17526 87.6595 4.34427 -0.0154413 -0.999788 0.0136025
-8.2516 87.7252 4.33034 -0.113386 -0.993531 -0.00637196
-9.37396 87.9065 4.34099 -0.229506 -0.973192 -0.0149869
-10.3283 88.2138 4.35547 -0.371339 -0.928264 0.0208293
-11.2841 88.6132 4.37736 -0.409746 -0.912197 -0.00216785
-12.1927 89.0725 4.4089 -0.490442 -0.871403 0.0110716
-13.1598 89.6335 4.44892 -0.515932 -0.856509 0.0143644
-14.0768 90.2258 4.48967 -0.551804 -0.833934 0.00813604
-14.986 90.8325 4.52364 -0.560364 -0.828246 0.00111196
-15.9212 91.484 4.55481 -0.580908 -0.813951 -0.00540061
-16.8477 92.1528 4.58253 -0.586916 -0.809633 -0.00500152
-17.657 92.7439 4.59667 -0.596275 -0.802769 -0.00430659
-18.5738 93.422 4.61329 -0.593037 -0.805154 -0.00580811
-19.0794 93.7872 4.61933 -0.572311 -0.820016 -0.00577806
-15.7976 91.3973 5.61518 -0.576647 -0.81699 0.00217114
-14.8208 90.7227 5.57131 -0.556198 -0.831033 0.0053943
-13.9371 90.1429 5.52494 -0.539072 -0.842233 0.00660823
-12.9796 89.5416 5.46122 -0.521021 -0.853482 0.0102585
-12.0194 88.9995 5.41468 -0.476062 -0.879074 0.0243564
-11.0534 88.5261 5.36867 -0.407311 -0.91325 -0.00852029
-10.0814 88.1354 5.33615 -0.349367 -0.936985 -0.00107301
-9.1161 87.8431 5.31185 -0.23611 -0.971113 -0.0345248
-7.95522 87.6963 5.30481 -0.0731669 -0.997264 0.0105273
-6.81567 87.676 5.31497 0.0219696 -0.999743 -0.00560507
-5.71454 87.8578 5.35567 0.252488 -0.967508 0.013365
-4.71231 88.1519 5.41407 0.273224 -0.961092 0.0406381
-3.62943 88.5161 5.50235 0.380151 -0.924906 -0.0057819
-2.70097 89.0147 5.61511 0.527073 -0.84976 -0.0100973
-2.6905 89.0213 5.6164 0.530542 -0.847576 -0.0118364
-24.1955 96.7123 4.71291 -0.401455 -0.915873 -0.0031875
-25.2798 97.1603 4.69548 -0.359784 -0.933035 -0.00106612
-26.2277 97.491 4.67412 -0.318977 -0.947754 0.00400695
-27.2501 97.8141 4.65129 -0.262767 -0.964743 0.0150048
-28.2489 98.0693 4.62763 -0.229672 -0.973173 0.013571
-29.2289 98.2845 4.60716 -0.207253 -0.978287 -4.80828e-05
-30.2981 98.4938 4.58562 -0.164201 -0.98641 -0.00574605
-31.4145 98.6688 4.56621 -0.143921 -0.989556 0.00804552
-32.476 98.8132 4.55131 -0.124202 -0.992256 -0.00159673
-33.5612 98.9244 4.53671 -0.0900012 -0.995936 0.00323019
-34.6615 99.0132 4.52561 -0.0740644 -0.997253 0.00069237
-35.7186 99.082 4.51666 -0.060147 -0.998189 -0.000948017
-36.7519 99.14 4.50927 -0.0528683 -0.998588 -0.00510613
-37.7697 99.189 4.50309 -0.0305572 -0.999524 0.00422258
-38.9775 99.2105 4.49767 -0.0103524 -0.999939 -0.00389676
-40.0624 99.2163 4.49348 0.00792324 -0.999967 0.00149378
-40.4129 99.2134 4.49266 0.0128713 -0.999916 0.00133033
-40.5084 99.209 5.38915 0.0142729 -0.999898 -0.000408858
-39.3723 99.2113 5.3932 -0.00805989 -0.999965 -0.00229388
-38.1197 99.1933 5.39924 -0.0227275 -0.999732 -0.00440476
-37.0715 99.1534 5.40592 -0.052179 -0.998638 -0.000661725
-36.0605 99.0987 5.41377 -0.055409 -0.998457 -0.00370341
-35.0547 99.0384 5.4231 -0.0662141 -0.997804 -0.00146889
-34.0181 98.9624 5.43557 -0.0833668 -0.996515 -0.00288652
-33.0039 98.8736 5.45025 -0.0892701 -0.995976 0.00793021
-31.9584 98.749 5.46608 -0.139623 -0.990192 0.00500178
-30.8791 98.5916 5.48614 -0.157545 -0.98751 0.00176511
-29.7956 98.3984 5.51259 -0.192245 -0.981346 -0.00165282
-28.6662 98.1661 5.54158 -0.210031 -0.977692 0.00230156
-27.6624 97.9294 5.57 -0.249152 -0.968397 0.0114262
-26.5628 97.6065 5.60392 -0.297255 -0.954787 0.00469394
-25.956 97.4035 5.62005 -0.324188 -0.945983 -0.0043701
-24.3653 96.787 3.76583 -0.394006 -0.919104 -0.00251206
-25.4186 97.2114 3.75123 -0.332165 -0.943221 -5.45439e-05
-26.5239 97.5882 3.73209 -0.309352 -0.950944 0.00252551
-27.6045 97.9061 3.71225 -0.263663 -0.964605 0.00438408
-28.648 98.1599 3.69548 -0.218001 -0.975939 -0.00422054
-29.676 98.3768 3.67934 -0.193538 -0.981083 -0.00437574
-30.8262 98.5758 3.66206 -0.152008 -0.988375 0.00272365
-31.8168 98.7245 3.64983 -0.143452 -0.989657 -0.000968337
-32.8611 98.8562 3.63802 -0.107078 -0.994249 0.00196829
-34.0441 98.9646 3.62692 -0.0774898 -0.996993 0.000270563
-35.1369 99.0452 3.6185 -0.070812 -0.997485 -0.00288974
-36.2276 99.1153 3.61164 -0.0545108 -0.998512 -0.00155599
-37.2673 99.1683 3.60607 -0.0446855 -0.998995 -0.00347852
-38.2736 99.2023 3.60163 -0.0207593 -0.999783 0.00150694
-39.3165 99.2161 3.59753 -0.00809551 -0.999967 1.99065e-05
-40.3831 99.2137 3.59502 0.011607 -0.999923 0.00427538
-40.5532 99.2118 3.59474 0.0134697 -0.999905 0.00277347
-40.4644 99.2132 2.69659 0.0152544 -0.999883 0.000804534
-39.4562 99.2149 2.69821 -0.00396985 -0.999986 0.00362326
-38.2827 99.2003 2.70121 -0.0198996 -0.999797 0.00313477
-37.1789 99.1672 2.7051 -0.0435654 -0.99905 0.000428613
-36.0828 99.1128 2.70998 -0.0609291 -0.99813 -0.00498115
-35.0567 99.0433 2.71525 -0.0736569 -0.99728 -0.00260431
-33.9805 98.9604 2.72152 -0.0830894 -0.996535 -0.00368315
-32.9398 98.864 2.72897 -0.106494 -0.99431 0.00276935
-31.9234 98.7435 2.73675 -0.135184 -0.99079 -0.00778052
-30.864 98.5834 2.74619 -0.151702 -0.988425 -0.00124612
-29.8151 98.4084 2.75789 -0.18342 -0.983031 0.00257893
-28.6385 98.1575 2.77194 -0.226017 -0.974114 -0.00432975
-27.612 97.9028 2.78402 -0.254071 -0.967185 -0.000964953
-26.6368 97.6253 2.79741 -0.2877 -0.957714 -0.00369377
-25.5039 97.2559 2.8116 -0.338111 -0.941082 0.00672618
-24.5737 96.8781 2.82252 -0.397162 -0.917734 -0.0052054
-24.2489 96.7376 2.82535 -0.401497 -0.915841 -0.00597746
-24.1501 96.6952 1.88482 -0.390295 -0.920689 0.000901746
-25.2253 97.1342 1.87609 -0.360145 -0.932817 0.0122029
-26.2937 97.5262 1.86707 -0.321741 -0.946688 0.0162392
-27.3928 97.8433 1.85762 -0.268138 -0.96338 -0.00100989
-28.3838 98.1035 1.84957 -0.248456 -0.968622 -0.00643857
-29.505 98.3539 1.84115 -0.19316 -0.98113 -0.00850896
-30.568 98.5375 1.83383 -0.156192 -0.987726 0.000672136
-31.5624 98.6896 1.82682 -0.142386 -0.989797 0.00521406
-32.5927 98.8262 1.82142 -0.110483 -0.993878 0.000379623
-33.6456 98.9319 1.81573 -0.0873205 -0.99618 -3.17867e-05
-34.7356 99.0228 1.81221 -0.0803584 -0.996765 -0.00135542
-35.8013 99.0963 1.8076 -0.0605413 -0.99816 -0.0033792
-36.9568 99.1578 1.80369 -0.0431097 -0.999065 0.00326922
-37.9566 99.192 1.80117 -0.0300516 -0.999548 0.00095926
-39.0148 99.2123 1.79947 -0.0145163 -0.999894 -0.000742561
-40.2092 99.2175 1.79804 0.00593238 -0.999961 -0.00648498
-40.4757 99.2157 1.79767 0.0118098 -0.999906 -0.00699964
-40.5496 99.2153 0.898701 0.00998311 -0.999948 0.00196194
-39.4517 99.2177 0.899055 -0.00887792 -0.999949 0.00487668
-38.3866 99.2005 0.899573 -0.0207814 -0.999784 0.000633949
-37.3044 99.1722 0.900758 -0.0368114 -0.99932 0.00204257
-36.2559 99.1217 0.902436 -0.0553956 -0.998463 0.00172718
-35.092 99.0505 0.904895 -0.0667621 -0.997767 -0.00209592
-34.0916 98.9729 0.906959 -0.0876488 -0.996148 -0.00251223
-32.9581 98.8649 0.909627 -0.105807 -0.994387 -0.000457734
-31.9599 98.7452 0.91197 -0.137941 -0.990434 -0.00344983
-30.9433 98.5986 0.91481 -0.15238 -0.988282 -0.00890289
-29.8697 98.4198 0.918717 -0.17414 -0.984721 0.000123984
-28.8694 98.225 0.92216 -0.218179 -0.97586 -0.00972451
-27.7985 97.952 0.926483 -0.261177 -0.965288 0.00250888
-26.7141 97.6503 0.931174 -0.272446 -0.96217 0.00106908
-25.7502 97.3308 0.935084 -0.344827 -0.938648 0.00581421
-24.8032 96.9643 0.939598 -0.368973 -0.929379 -0.010625
-24.1556 96.7042 0.943552 -0.381349 -0.924428 -0.00255651
-24.0309 96.649 0.00334403 -0.407902 -0.913012 -0.00496393
-25.0981 97.0926 0.00136194 -0.358871 -0.933208 -0.018279
-26.0427 97.438 -0.000981775 -0.321964 -0.946686 0.0111707
-27.1306 97.7716 -0.00153872 -0.267655 -0.963487 -0.00727463
-28.2298 98.0662 -0.00165937 -0.244073 -0.96971 -0.00951938
-29.2535 98.303 -0.00145868 -0.203919 -0.978987 -0.0015251
-30.2901 98.4941 -0.00157483 -0.167882 -0.985807 -0.000919029
-31.3397 98.6624 -0.00146163 -0.146925 -0.989138 -0.00432868
-32.3561 98.7992 -0.000647207 -0.120991 -0.992653 0.00147859
-33.3967 98.9129 -0.00148939 -0.0961882 -0.99536 -0.00239119
-34.4463 99.0069 -0.00126636 -0.0815623 -0.996668 0.00113799
-35.464 99.0756 -0.00140719 -0.059607 -0.998219 -0.00223345
-36.5129 99.135 -0.000972842 -0.0495516 -0.998771 -0.000662961
-37.6536 99.1801 -0.00103793 -0.0301268 -0.999532 0.00529573
-38.7687 99.2068 -0.00139675 -0.0216079 -0.999766 -0.000212224
-39.8818 99.2211 -0.00150349 -0.0028913 -0.999996 0.000208621
-40.6103 99.2183 -0.00100954 0.0141023 -0.999894 -0.00375685
-40.6207 99.218 -0.900302 0.00936107 -0.99995 0.00350567
-39.5248 99.2189 -0.900955 -0.008657 -0.999962 -0.000483828
-38.4558 99.2019 -0.901759 -0.0217209 -0.999761 -0.0025833
-37.3775 99.1749 -0.902591 -0.0344448 -0.999403 -0.00275408
-36.2897 99.1268 -0.904057 -0.0530881 -0.998584 -0.00339326
-35.2845 99.0666 -0.905979 -0.0682303 -0.997666 0.00254573
-34.2749 98.9914 -0.907426 -0.0813697 -0.996673 0.00466804
-33.2674 98.9012 -0.909939 -0.0969687 -0.995282 0.00335377
-32.2262 98.7838 -0.91378 -0.122218 -0.9925 0.00254759
-31.1452 98.6365 -0.916475 -0.146793 -0.989163 0.00283665
-30.1106 98.4649 -0.920989 -0.172381 -0.98503 -0.000130713
-29.1005 98.2682 -0.925033 -0.204919 -0.978754 0.00693124
-27.9745 98.0045 -0.929325 -0.243304 -0.969894 -0.0104203
-26.9846 97.7345 -0.932952 -0.275309 -0.961326 -0.00764677
-25.9273 97.3945 -0.935705 -0.332196 -0.94321 -0.000351455
-24.7616 96.9641 -0.940372 -0.356693 -0.934203 -0.00591033
-23.8969 96.5951 -0.942093 -0.413993 -0.91026 -0.00598363
-24.0385 96.6571 -1.88581 -0.417699 -0.908584 0.00169608
-25.0054 97.0598 -1.87936 -0.350436 -0.936559 -0.00723918
-26.0978 97.4556 -1.87162 -0.316352 -0.948588 -0.0101043
-27.1306 97.7807 -1.86422 -0.282537 -0.959253 -0.00244058
-28.236 98.0669 -1.85496 -0.235544 -0.971858 -0.00337979
-29.2427 98.2905 -1.84681 -0.204728 -0.97881 0.004083
-30.2493 98.4865 -1.83877 -0.176669 -0.98427 -0.000765921
-31.3644 98.67 -1.83122 -0.149993 -0.988683 -0.00293984
-32.5192 98.8175 -1.82339 -0.117196 -0.993108 -0.000758693
-33.5514 98.929 -1.81758 -0.0839147 -0.996472 0.00119647
-34.6604 99.0197 -1.81295 -0.0769478 -0.997035 6.91012e-05
-35.7087 99.0955 -1.80929 -0.06171 -0.99808 -0.00533738
-36.9057 99.1582 -1.80551 -0.04123 -0.999146 -0.00264822
-38.0227 99.1958 -1.80299 -0.0234994 -0.999718 -0.00333021
-39.1225 99.2172 -1.80074 -0.0173571 -0.999845 -0.00298819
-40.1636 99.2203 -1.79956 0.00649727 -0.999979 0.00083249
-40.6095 99.2171 -1.79905 0.0117213 -0.999927 0.00303235
-40.5422 99.2155 -2.69765 0.0112007 -0.999937 0.000864236
-39.4163 99.2186 -2.69954 -0.00356875 -0.99999 0.00255086
-38.2747 99.2026 -2.70208 -0.0251601 -0.999683 -0.000111149
-37.2421 99.1725 -2.70589 -0.0391078 -0.999235 -0.00055795
-36.1018 99.12 -2.711 -0.0524103 -0.998622 0.00280283
-35 99.0506 -2.71679 -0.0685319 -0.997648 -0.0016451
-33.8573 98.9568 -2.72425 -0.0924901 -0.995688 -0.00719234
-32.7113 98.8384 -2.73322 -0.11175 -0.993736 0.000849492
-31.6522 98.7084 -2.74312 -0.12672 -0.991938 -0.000573902
-30.5577 98.5423 -2.75329 -0.165708 -0.986171 0.00267283
-29.4764 98.3401 -2.76623 -0.204103 -0.978943 0.00352589
-28.4013 98.104 -2.78052 -0.219742 -0.975558 -1.08601e-05
-27.3259 97.8338 -2.79374 -0.279714 -0.960074 -0.00428216
-26.2748 97.51 -2.80557 -0.308964 -0.951067 0.00352992
-25.26 97.1556 -2.81776 -0.343462 -0.939144 0.00656877
-24.1816 96.72 -2.82856 -0.405553 -0.914063 0.00401651
-24.2129 96.7243 -3.77341 -0.39059 -0.920528 0.00825938
-25.225 97.1369 -3.7601 -0.364303 -0.931237 0.00900592
-26.388 97.544 -3.73968 -0.314108 -0.949386 0.00138779
-27.5103 97.8835 -3.72151 -0.274782 -0.961477 -0.00755248
-28.6068 98.152 -3.70335 -0.224501 -0.974461 0.00494305
-29.6938 98.3872 -3.68313 -0.196495 -0.980463 -0.00906399
-30.8663 98.5923 -3.66559 -0.159359 -0.987208 -0.00508737
-31.918 98.7413 -3.65158 -0.130203 -0.991467 0.00637142
-33.0619 98.8751 -3.63855 -0.110928 -0.993827 0.00193574
-34.1008 98.9802 -3.62711 -0.0859453 -0.996294 0.00340895
-35.1173 99.0589 -3.61926 -0.0641489 -0.997938 0.00219756
-36.2052 99.1239 -3.61252 -0.0569786 -0.998375 -0.000309311
-37.3028 99.1755 -3.60669 -0.0377256 -0.999285 0.00246177
-38.3389 99.2029 -3.60159 -0.0187218 -0.999824 0.00117104
-39.3626 99.2158 -3.5985 -0.00573963 -0.999984 -0.000197991
-40.4858 99.2157 -3.59602 0.00743838 -0.999972 0.000157143
-40.5729 99.215 -3.59588 0.0091025 -0.999958 0.0013026
-40.4508 99.2166 -4.49324 0.0125835 -0.999919 -0.00202446
-39.3693 99.2165 -4.49633 -0.00685913 -0.999975 -0.00142145
-38.3589 99.2027 -4.50042 -0.0217317 -0.999764 0.000418443
-37.3218 99.1762 -4.50622 -0.031001 -0.999518 -0.00151525
-36.3205 99.131 -4.51159 -0.0504448 -0.998723 0.00279382
-35.3207 99.0695 -4.51899 -0.0646625 -0.997907 0.00096467
-34.1868 98.9861 -4.53124 -0.0836476 -0.99649 0.00339796
-33.0841 98.8771 -4.54517 -0.108359 -0.994111 -0.00133256
-32.0907 98.7619 -4.55895 -0.128759 -0.991676 -0.000832491
-31.0883 98.6242 -4.57413 -0.154457 -0.987988 0.00483537
-30.0654 98.4551 -4.59434 -0.178695 -0.983898 0.00371373
-29.0163 98.2378 -4.61666 -0.222071 -0.974999 0.00787796
-27.9497 97.9895 -4.64364 -0.238393 -0.971138 0.00774078
-26.9488 97.7174 -4.66438 -0.295294 -0.955401 0.00311735
-25.919 97.3795 -4.68805 -0.323361 -0.946258 0.00583996
-24.9622 97.0309 -4.70908 -0.374941 -0.927029 0.00604332
-24.2714 96.7463 -4.7212 -0.406562 -0.913618 0.00321741
-25.7883 97.3339 -5.6342 -0.32259 -0.946538 -0.00140423
-26.8424 97.6815 -5.60121 -0.304566 -0.952443 0.00964263
-27.9357 97.9811 -5.57168 -0.230099 -0.973156 0.00476111
-29.0584 98.2429 -5.53906 -0.220604 -0.97536 0.00248196
-30.0835 98.4572 -5.51153 -0.168522 -0.985662 0.00847449
-31.2038 98.6348 -5.48285 -0.146094 -0.989253 0.00582886
-32.2704 98.7827 -5.46362 -0.125284 -0.992121 -1.6599e-05
-33.3032 98.8998 -5.44677 -0.105481 -0.994421 0.000428654
-34.3051 98.9948 -5.43173 -0.0897622 -0.995963 -0.000477751
-35.467 99.0786 -5.41909 -0.0637682 -0.997963 0.00190091
-36.6508 99.1462 -5.40846 -0.0505894 -0.998716 0.00265449
-37.6551 99.1832 -5.40164 -0.0251854 -0.999671 0.00479285
-38.7332 99.2059 -5.39608 -0.0176665 -0.999839 0.00309751
-39.7495 99.2216 -5.39189 -0.0118544 -0.999917 -0.00495391
-40.2665 99.221 -5.39057 0.00945086 -0.999939 -0.00572032
-40.4218 99.2193 -5.39006 0.0110308 -0.99993 -0.00420386
