-24.384 16.3574 3.34475 0.462967 -0.886363 -0.00477032
-24.3748 16.3624 4.43688 0.460628 -0.887584 0.00398392
-24.3721 16.3677 5.44793 0.461298 -0.887242 0.00246016
-23.8186 16.6574 6.0953 0.459907 -0.887956 0.00445187
-22.9066 17.1281 6.08484 0.45549 -0.890236 0.00285277
-21.9794 17.5937 6.13076 0.437795 -0.899075 0.000661667
-21.0322 18.0465 6.12599 0.421797 -0.906689 0.00124813
-20.085 18.4783 6.13265 0.401433 -0.91588 -0.00382079
-19.1604 18.8783 6.11221 0.386809 -0.922142 -0.00502644
-18.0996 19.3091 6.10851 0.363596 -0.931466 -0.0130416
-17.0392 19.716 6.10037 0.351134 -0.936314 -0.00442546
-16.0634 20.0498 6.13281 0.311259 -0.950324 0.00144044
-15.0602 20.3503 6.12641 0.270691 -0.962605 -0.0109093
-13.976 20.6409 6.10294 0.241975 -0.970279 -0.00266808
-12.8842 20.8848 6.13777 0.199597 -0.979868 0.00440753
-11.8234 21.0716 6.12519 0.146163 -0.98926 -0.000988524
-10.7587 21.2169 6.12297 0.121258 -0.992588 0.00805127
-9.65789 21.3267 6.10723 0.0900275 -0.995934 -0.00319515
-8.59866 21.4003 6.12011 0.0530435 -0.998591 -0.000769089
-7.59077 21.4381 6.08988 0.0150155 -0.999886 -0.00137018
-6.34277 21.4312 6.08229 -0.0285646 -0.999494 -0.0119814
-5.12869 21.3747 6.10366 -0.0588658 -0.998265 -0.00112678
-4.0091 21.2898 6.09754 -0.0942014 -0.995487 -0.0114382
-2.98052 21.1661 6.07345 -0.164535 -0.986356 -0.00541734
-1.86541 20.9692 6.09321 -0.196339 -0.980531 -0.00327425
-0.829666 20.7461 6.09793 -0.234104 -0.972211 0.00133426
0.159694 20.5008 6.10309 -0.26744 -0.96357 -0.00278669
1.12991 20.222 6.13356 -0.285487 -0.95837 -0.00491204
2.19671 19.8764 6.1009 -0.325208 -0.945634 0.000170579
3.25958 19.4927 6.09661 -0.35547 -0.934687 0.00111178
4.20083 19.1235 6.1088 -0.383926 -0.923308 0.00381879
5.16687 18.7037 6.1085 -0.403735 -0.914875 -0.000621137
6.17776 18.2451 6.08004 -0.421129 -0.906991 0.00275014
7.17943 17.7687 6.10408 -0.437706 -0.899091 -0.00605903
8.10878 17.3065 6.10079 -0.448278 -0.893881 -0.00480289
9.0327 16.8329 6.09687 -0.465167 -0.885201 0.00414889
9.73418 16.4535 5.64578 -0.475009 -0.879979 0.00159517
9.73198 16.4553 4.63411 -0.474456 -0.880278 -0.00168016
9.73706 16.4541 3.61477 -0.476038 -0.879424 -0.000524471
9.75406 16.4432 2.48458 -0.473333 -0.880883 0.00123302
9.7361 16.4517 1.44333 -0.471525 -0.881852 0.000888069
9.7482 16.4441 0.426748 -0.471208 -0.882022 0.000808424
9.76069 16.4369 -0.591444 -0.471851 -0.881677 0.00109539
9.72734 16.4542 -1.72363 -0.471825 -0.881691 -0.000792413
9.713 16.4624 -2.73491 -0.473771 -0.880648 -0.000714542
9.73953 16.4468 -3.7368 -0.471709 -0.881754 0.000578357
9.76189 16.4327 -4.86353 -0.470219 -0.882548 0.00152103
9.71418 16.4635 -5.89277 -0.47441 -0.880284 -0.00589647
8.73998 16.9832 -6.06559 -0.458888 -0.888469 -0.00664785
7.83098 17.4439 -6.07314 -0.443922 -0.896056 -0.00402268
6.80137 17.942 -6.08814 -0.427341 -0.904083 -0.00360894
5.83322 18.3919 -6.09616 -0.412575 -0.91092 -0.000962979
4.82613 18.8395 -6.1186 -0.398513 -0.917162 -0.000977461
3.87029 19.2396 -6.12007 -0.372794 -0.927913 0.00153616
2.93523 19.602 -6.11042 -0.346679 -0.937979 0.00301544
1.79193 20.0012 -6.09997 -0.315845 -0.948808 -0.00226867
0.696476 20.3402 -6.08561 -0.279721 -0.960034 0.00942811
-0.395845 20.6284 -6.09607 -0.234867 -0.97201 0.0044543
-1.52683 20.8742 -6.12831 -0.196774 -0.980431 0.00596627
-2.51477 21.0422 -6.09901 -0.153388 -0.988156 -0.00439199
-3.65366 21.2039 -6.11405 -0.130304 -0.991468 0.0035922
-4.66493 21.3081 -6.09888 -0.0828273 -0.99652 0.0026396
-5.74539 21.3839 -6.05483 -0.0559986 -0.998427 -0.00285596
-6.83822 21.4225 -6.09765 -0.0128172 -0.999913 0.000402311
-7.93983 21.4283 -6.13302 0.00822784 -0.999961 -0.00310999
-9.00638 21.4004 -6.10607 0.0465808 -0.99888 -0.000877529
-10.0066 21.3331 -6.12739 0.101749 -0.994809 0.0016018
-11.0142 21.2096 -6.07597 0.136618 -0.990622 -0.0016817
-12.0893 21.0547 -6.0731 0.153891 -0.988084 0.00291149
-13.0998 20.8693 -6.09906 0.202487 -0.979282 0.00239336
-14.2026 20.6139 -6.08985 0.241438 -0.97041 0.00356685
-15.1807 20.3522 -6.10863 0.273782 -0.961776 0.00556909
-16.2496 20.0189 -6.08514 0.323176 -0.946282 -0.0104062
-17.249 19.6703 -6.10258 0.342487 -0.939475 0.00463622
-18.1874 19.3094 -6.10742 0.374767 -0.927105 -0.00390517
-19.1834 18.9009 -6.1116 0.391871 -0.920002 -0.00576166
-20.1287 18.489 -6.12601 0.404405 -0.914538 -0.00875345
-21.0704 18.059 -6.09737 0.424837 -0.905235 -0.00800883
-22.0106 17.6115 -6.12311 0.437004 -0.899456 -0.00273843
-22.9257 17.1537 -6.11269 0.450835 -0.89259 -0.00534508
-23.9328 16.6196 -6.06705 0.476457 -0.879184 -0.000770778
-24.3389 16.3976 -5.36341 0.480221 -0.877142 -0.000924259
-24.3439 16.3945 -4.27481 0.476136 -0.879363 -0.00388067
-24.3311 16.3989 -3.17265 0.466592 -0.884471 -0.0013922
-24.3581 16.3829 -2.14738 0.4725 -0.88133 -0.000644231
-24.3301 16.397 -0.971497 0.473272 -0.880917 0.00020815
-24.3546 16.3846 0.151016 0.47015 -0.882584 0.00199007
-24.3408 16.3905 1.21013 0.467248 -0.88412 -0.00343664
-24.3402 16.3872 2.25522 0.465874 -0.88484 -0.00429694
-24.3837 16.3577 3.31669 0.462968 -0.886362 -0.00477207
-25.2237 15.9174 3.31663 0.465868 -0.884854 -0.00124649
-25.2005 15.9341 4.5019 0.46131 -0.887227 0.00456758
-25.2037 15.9352 5.58924 0.461978 -0.886891 -0.000769816
-25.1756 15.9451 6.7635 0.472032 -0.881573 -0.00354634
-24.4033 16.3572 7.03992 0.466062 -0.884745 0.00349541
-23.3895 16.886 7.03396 0.459812 -0.888002 0.00502789
-22.4093 17.3819 7.0502 0.445507 -0.895277 -0.001475
-21.3773 17.8859 7.05923 0.433447 -0.901175 -0.00181797
-20.2993 18.38 7.09126 0.402281 -0.915507 -0.00422244
-19.2485 18.8381 7.07527 0.39466 -0.918821 -0.00145097
-18.2734 19.2331 7.06997 0.364996 -0.930997 -0.00482954
-17.2867 19.613 7.05236 0.351877 -0.935993 -0.00662656
-16.234 19.9818 7.06622 0.318857 -0.947406 -0.0274158
-15.1781 20.3105 7.06741 0.278522 -0.960331 -0.0137818
-14.1887 20.5771 7.03949 0.248832 -0.968457 -0.012998
-13.1393 20.8271 7.07239 0.203143 -0.979032 0.0054314
-12.1324 21.0131 7.07265 0.16787 -0.9857 -0.0146476
-11.0147 21.1839 7.06985 0.127351 -0.991847 -0.00438299
-10.0083 21.2911 7.0656 0.0936477 -0.995596 -0.00422788
-8.96514 21.375 7.05032 0.0678249 -0.997691 -0.00118668
-7.95681 21.4249 7.0534 0.0354829 -0.999322 -0.00760887
-6.79022 21.4321 7.04799 -0.0199699 -0.999789 -0.00435264
-5.60097 21.3986 7.04265 -0.0392454 -0.99921 -0.00625177
-4.54804 21.3336 7.0391 -0.085555 -0.996293 -0.00900308
-3.54198 21.2338 7.04943 -0.117965 -0.992781 -0.0216958
-2.54346 21.0933 7.0179 -0.172271 -0.985005 -0.00429879
-1.48353 20.8898 7.04005 -0.204181 -0.978928 0.00295941
-0.455253 20.6576 7.04009 -0.243756 -0.969805 -0.00453387
0.542786 20.3906 7.04953 -0.273019 -0.961984 -0.00563712
1.54458 20.0902 7.06617 -0.310599 -0.9505 -0.00245095
2.53336 19.7539 7.0404 -0.328885 -0.94434 -0.00685065
3.47643 19.4129 7.03589 -0.368837 -0.929488 0.00328047
4.47412 19.0016 7.05 -0.390121 -0.92072 -0.00878729
5.55287 18.5311 7.04366 -0.414257 -0.910152 0.00144648
6.51176 18.0871 7.02951 -0.424308 -0.905507 -0.00448241
7.45358 17.633 7.05511 -0.444212 -0.895918 0.00264517
8.43543 17.1396 7.05045 -0.454133 -0.890927 0.000445372
9.39551 16.6403 7.03868 -0.469 -0.883176 0.00508802
10.3912 16.1003 7.01077 -0.478972 -0.877828 0.00176461
10.6007 15.9845 5.95755 -0.477414 -0.878677 0.0013968
10.5854 15.9943 4.90872 -0.475024 -0.879969 -0.00264326
10.5767 16.0007 3.90209 -0.475232 -0.87986 6.96102e-05
10.5895 15.9937 2.77257 -0.473903 -0.880577 -0.000790537
10.5584 16.0114 1.7704 -0.472294 -0.881441 -0.000838783
10.5761 16.002 0.703302 -0.471489 -0.881871 0.00126381
10.5804 15.9978 -0.468752 -0.472442 -0.88136 0.00183789
10.5695 16.0021 -1.64176 -0.474912 -0.880033 0.00114546
10.5575 16.0064 -2.7007 -0.476148 -0.879364 0.00132989
10.5854 15.9911 -3.88073 -0.476537 -0.879154 -0.000906139
10.6054 15.9832 -5.06173 -0.47144 -0.881892 -0.00329423
10.5965 15.9918 -6.2043 -0.471632 -0.881792 -0.00258827
10.2748 16.1695 -7.03501 -0.475605 -0.879648 -0.00444534
9.38451 16.65 -7.04946 -0.46871 -0.88331 -0.00666443
8.45936 17.1306 -7.01605 -0.451435 -0.892299 -0.000668173
7.47213 17.6213 -7.03368 -0.43839 -0.898785 -0.000528728
6.45959 18.102 -7.03557 -0.424008 -0.905648 0.00441228
5.52175 18.5326 -7.04493 -0.405881 -0.913923 -0.00167611
4.58326 18.9371 -7.06083 -0.386741 -0.922123 0.0109335
3.60048 19.3447 -7.04899 -0.366875 -0.930225 0.00690313
2.64022 19.7074 -7.03263 -0.332314 -0.943141 0.0060908
1.67538 20.0361 -7.04398 -0.306911 -0.951721 0.00443084
0.634636 20.3511 -7.03218 -0.27132 -0.962436 0.00993372
-0.39954 20.626 -7.03881 -0.231603 -0.972777 0.00500318
-1.49769 20.8603 -7.06406 -0.186575 -0.98232 0.0151386
-2.48821 21.04 -7.05675 -0.172206 -0.985051 0.00444462
-3.49949 21.1811 -7.05971 -0.117365 -0.993008 0.00764956
-4.64355 21.2994 -7.04937 -0.0938044 -0.995533 0.0103329
-5.74945 21.3881 -7.00934 -0.0463224 -0.998802 -0.00911904
-6.7565 21.4181 -7.03607 -0.0194954 -0.999799 0.00399831
-7.75829 21.431 -7.06455 -0.00502404 -0.999987 -0.00039713
-8.79293 21.4057 -7.04994 0.0463391 -0.998925 0.000748148
-9.9207 21.3348 -7.07839 0.086356 -0.996263 -0.00169398
-10.9548 21.222 -7.04463 0.130165 -0.991479 -0.00470465
-11.9545 21.0804 -7.03572 0.160009 -0.987068 -0.00972282
-13.0622 20.8729 -7.05121 0.209501 -0.977808 0.00117482
-14.1161 20.6319 -7.03721 0.23982 -0.970817 2.59246e-05
-15.182 20.3465 -7.07682 0.272728 -0.962076 0.0054723
-16.296 20.0106 -7.02334 0.317158 -0.948253 -0.00411682
-17.3261 19.6375 -7.02843 0.346793 -0.937902 0.00864416
-18.363 19.2423 -7.06266 0.36544 -0.930835 -0.000793149
-19.3362 18.837 -7.05863 0.395713 -0.918368 0.00342968
-20.3233 18.405 -7.06875 0.40429 -0.914625 -0.00309308
-21.2564 17.9784 -7.0433 0.429526 -0.903044 -0.0043848
-22.2635 17.4872 -7.05711 0.443331 -0.896358 -2.82577e-06
-23.2308 16.9976 -7.05552 0.460155 -0.887815 -0.00331765
-24.2201 16.4631 -7.03158 0.482493 -0.875895 -0.00295068
-25.119 15.968 -6.91962 0.482096 -0.876117 -0.00111117
-25.1657 15.9419 -5.92212 0.482082 -0.876126 0.000124764
-25.1889 15.9303 -4.81993 0.484469 -0.874805 0.00226434
-25.1753 15.9424 -3.71742 0.484034 -0.875042 0.00351792
-25.2 15.9314 -2.63548 0.479339 -0.87763 -0.000784916
-25.179 15.9415 -1.516 0.47169 -0.881764 0.000611098
-25.1798 15.9431 -0.509509 0.469848 -0.882742 0.00304067
-25.1904 15.9411 0.505917 0.469373 -0.882998 0.00155822
-25.1865 15.9418 1.62618 0.468132 -0.883653 -0.00315309
-25.2066 15.9275 2.68012 0.4674 -0.884038 -0.00363572
-25.222 15.9186 3.13339 0.465868 -0.884854 -0.00124649
-23.8972 16.6164 2.88928 0.463903 -0.88585 -0.00804003
-22.9921 17.0872 2.88309 0.45247 -0.891738 -0.00864504
-22.0288 17.5706 2.87387 0.443574 -0.896215 -0.00640212
-20.9918 18.0726 2.86106 0.424835 -0.905205 -0.0109298
-20.0557 18.4963 2.84815 0.409104 -0.912416 -0.0114046
-18.9194 18.9856 2.83106 0.384973 -0.922906 -0.00635448
-17.9579 19.3751 2.81294 0.363571 -0.931564 -0.00224563
-16.8855 19.7809 2.79628 0.341379 -0.939879 -0.00933362
-15.8425 20.1433 2.78217 0.306568 -0.951783 -0.0112294
-14.7713 20.4651 2.76737 0.269018 -0.963 -0.0161356
-13.7714 20.7192 2.75479 0.208041 -0.978103 -0.00583099
-12.6711 20.9435 2.74069 0.187084 -0.982271 -0.0119589
-11.5442 21.1262 2.7287 0.142992 -0.989696 -0.00739615
-10.4673 21.2722 2.72077 0.123007 -0.992299 -0.0145774
-9.46996 21.3726 2.71522 0.0683728 -0.997603 -0.0106608
-8.42437 21.4288 2.7121 0.0412703 -0.999147 0.00119796
-7.27746 21.4624 2.71174 0.00766096 -0.999962 -0.00408372
-6.26839 21.438 2.71389 -0.0382284 -0.999269 -0.000154182
-5.23727 21.3915 2.71603 -0.0564617 -0.998393 -0.00482171
-4.17656 21.3155 2.7214 -0.101557 -0.994829 0.000846576
-3.07601 21.1802 2.73029 -0.140866 -0.990024 0.00305568
-2.0215 21.0018 2.74065 -0.185884 -0.982572 -5.65352e-05
-0.791137 20.745 2.75624 -0.229821 -0.973175 -0.0106088
0.199655 20.4898 2.77364 -0.270309 -0.962768 0.00344144
1.16415 20.2107 2.7884 -0.284722 -0.95861 -0.00107413
2.1888 19.879 2.80669 -0.326985 -0.945029 0.000744486
3.15737 19.5293 2.82267 -0.357062 -0.934055 0.00693651
4.18247 19.1234 2.83978 -0.383054 -0.923709 0.0055571
5.17841 18.7023 2.85633 -0.395333 -0.918537 -0.00145966
6.20209 18.2425 2.8721 -0.418271 -0.908315 0.00353303
7.12973 17.7972 2.88373 -0.439525 -0.898229 -0.00118561
8.02764 17.3512 2.89545 -0.450527 -0.892762 0.00109248
8.98855 16.854 2.90301 -0.469141 -0.88312 0.00228885
9.24292 16.7187 2.90501 -0.471511 -0.881857 0.0023767
9.30695 16.6815 1.93816 -0.471122 -0.882066 0.00209423
8.36805 17.176 1.93372 -0.456436 -0.889756 0.00101399
7.40359 17.6625 1.92703 -0.445035 -0.89551 0.00252056
6.40971 18.1415 1.91712 -0.427 -0.90425 0.00170006
5.25287 18.6678 1.90566 -0.400179 -0.916437 -0.000777423
4.23047 19.1007 1.89429 -0.383967 -0.923346 0.000960863
3.28576 19.4774 1.88423 -0.358102 -0.933682 -0.00120216
2.32413 19.8278 1.87317 -0.334321 -0.942456 0.00245435
1.33948 20.1589 1.86238 -0.285415 -0.958383 0.00634111
0.293068 20.4637 1.85093 -0.270287 -0.962769 -0.00451415
-0.706687 20.7304 1.8394 -0.240526 -0.970642 -0.000826879
-1.82201 20.9686 1.8293 -0.193543 -0.981091 -0.00141951
-2.88566 21.1512 1.82168 -0.143133 -0.989693 0.0045662
-3.88818 21.2741 1.81562 -0.111448 -0.993433 0.025874
-5.01802 21.3787 1.81076 -0.0679287 -0.997616 0.0121561
-6.14767 21.4341 1.80846 -0.0298804 -0.99955 -0.00281847
-7.15203 21.4563 1.80807 -0.0107383 -0.999801 0.0168294
-8.2523 21.4357 1.80845 0.0354427 -0.999369 0.00246324
-9.26194 21.3874 1.81163 0.0615158 -0.998062 0.00938019
-10.2586 21.3073 1.81431 0.117814 -0.992904 -0.0161531
-11.3456 21.1618 1.81819 0.140133 -0.990119 -0.00514116
-12.3719 21.0035 1.82299 0.166697 -0.986006 -0.00219882
-13.4387 20.7967 1.83172 0.212578 -0.97713 0.00526507
-14.4764 20.5538 1.84092 0.262984 -0.964779 -0.00637052
-15.4461 20.2766 1.84933 0.295774 -0.955244 -0.00514392
-16.4374 19.9441 1.85831 0.332036 -0.943258 0.00398197
-17.4226 19.5879 1.86869 0.352867 -0.935671 -0.0020181
-18.3686 19.2166 1.87921 0.370825 -0.928682 -0.0062165
-19.4049 18.7927 1.89026 0.390273 -0.92065 -0.00947887
-20.3721 18.3672 1.8977 0.408453 -0.91269 -0.0127985
-21.4296 17.8747 1.90643 0.43462 -0.90055 -0.0107468
-22.3468 17.4212 1.91485 0.45119 -0.892409 -0.00579635
-23.2635 16.9537 1.9201 0.460078 -0.887874 -0.00286246
-23.8897 16.6263 1.92263 0.467799 -0.883826 -0.00399135
-23.8958 16.6261 0.956021 0.46496 -0.885327 -0.00298597
-22.9763 17.1042 0.953205 0.458744 -0.888566 -0.00213345
-22.0578 17.5733 0.950327 0.447982 -0.894029 -0.00491984
-21.1218 18.0307 0.948224 0.429337 -0.903076 -0.0111427
-20.1424 18.4807 0.943884 0.414972 -0.909825 -0.00409625
-19.166 18.9027 0.939796 0.381301 -0.924368 -0.0123678
-18.0464 19.3541 0.934222 0.364369 -0.931252 -0.00224756
-17.0688 19.7268 0.929978 0.343297 -0.939224 -0.00250245
-16.0502 20.0805 0.92495 0.312303 -0.949982 -0.00125754
-15.0408 20.3924 0.920759 0.269086 -0.963113 0.00240193
-14.0267 20.6574 0.916771 0.247055 -0.968988 0.00502495
-12.9362 20.9011 0.912765 0.18685 -0.982388 -0.000929573
-11.9352 21.0746 0.909734 0.153931 -0.988078 0.0026993
-10.7783 21.2463 0.907341 0.1384 -0.99037 -0.00359883
-9.75674 21.3566 0.907428 0.06319 -0.997928 -0.0121047
-8.56517 21.4205 0.904548 0.0363245 -0.999337 0.00243432
-7.45273 21.4481 0.903728 0.0143729 -0.999889 0.00386773
-6.3582 21.4369 0.902748 -0.029523 -0.999558 0.00334802
-5.32896 21.3942 0.902434 -0.0542393 -0.998499 0.00756887
-4.30227 21.302 0.905584 -0.10286 -0.994622 0.0121084
-3.24508 21.1842 0.910108 -0.122105 -0.992494 0.00673847
-2.22299 21.0381 0.914512 -0.175005 -0.984516 0.0100672
-1.17069 20.8324 0.919224 -0.210501 -0.977583 0.0045527
-0.162416 20.5924 0.924377 -0.256103 -0.966649 -0.00134453
0.892995 20.294 0.930036 -0.284614 -0.958625 -0.00575399
1.96055 19.9555 0.936509 -0.322885 -0.946421 -0.00566517
2.92762 19.6115 0.941646 -0.343189 -0.939266 0.000179394
3.86821 19.2474 0.947427 -0.373917 -0.927462 -0.000477954
4.86707 18.8338 0.95342 -0.389753 -0.920916 0.00269668
5.81036 18.4151 0.957464 -0.414518 -0.910008 0.00776902
6.82104 17.9392 0.962107 -0.429859 -0.902891 0.0030503
7.75008 17.4851 0.966536 -0.447994 -0.894028 0.00390592
8.64176 17.0311 0.968923 -0.457559 -0.889179 -0.000307388
9.32548 16.6701 0.971656 -0.470083 -0.882622 0.000291198
9.23706 16.7163 0.00508134 -0.469494 -0.882934 -0.00130656
8.25854 17.224 0.00458877 -0.448863 -0.893582 0.0058577
7.30294 17.6983 0.00445016 -0.440039 -0.89796 0.00575532
6.40187 18.1329 0.00435334 -0.424557 -0.905375 0.00683663
5.34379 18.6217 0.00361634 -0.410232 -0.911963 0.00565434
4.23879 19.0929 0.00436317 -0.380477 -0.924772 0.00589486
3.28686 19.4758 0.00413438 -0.366334 -0.930483 0.000598421
2.15386 19.8867 0.00369376 -0.325071 -0.945686 0.00241939
1.12992 20.2254 0.00334463 -0.302479 -0.953118 0.00848755
-0.014675 20.5556 0.00259436 -0.259618 -0.965692 -0.00612369
-1.02201 20.7994 0.000881538 -0.217107 -0.976141 0.00362125
-2.03046 21.0003 -9.53652e-05 -0.169422 -0.985544 0.000401619
-3.07972 21.1604 -0.000360897 -0.134524 -0.99087 -0.00891859
-4.08541 21.2771 -0.000405942 -0.100857 -0.994872 -0.007606
-5.23997 21.3767 -0.00101454 -0.0765286 -0.996981 0.0131375
-6.28402 21.4314 -0.00156908 -0.0421226 -0.999031 0.0127302
-7.40076 21.4469 -1.42894e-05 0.0118957 -0.999842 -0.0132333
-8.40703 21.4259 0.00122164 0.0293772 -0.999554 -0.00543637
-9.56285 21.3765 -0.000518071 0.0573408 -0.998352 -0.00241888
-10.6707 21.2681 -0.0012627 0.134361 -0.990902 -0.0077516
-11.7003 21.1158 -0.0015454 0.153492 -0.988051 -0.0139547
-12.7958 20.9328 -0.00134002 0.192295 -0.981322 0.00544477
-13.8131 20.7127 -0.00241305 0.232898 -0.972439 -0.0109829
-14.8232 20.4525 -0.00385324 0.257646 -0.966195 -0.00923565
-15.8917 20.1319 -0.00508957 0.310401 -0.950597 -0.00411275
-16.9451 19.7736 -0.0059766 0.336031 -0.941847 0.00286059
-17.9225 19.4017 -0.00682189 0.366343 -0.930476 0.00286541
-18.9852 18.9785 -0.00765898 0.373068 -0.927804 -0.000142506
-19.9276 18.5781 -0.00835819 0.402268 -0.915502 -0.00604532
-20.8661 18.151 -0.00977882 0.420247 -0.907409 0.00102233
-21.8126 17.6987 -0.00980937 0.438792 -0.898587 0.00197669
-22.7111 17.2463 -0.0101813 0.45815 -0.888845 -0.00723915
-23.6447 16.7621 -0.0111434 0.464946 -0.885315 -0.00642943
-23.924 16.6142 -0.0111091 0.469046 -0.883172 -0.00157017
-23.8294 16.665 -0.975 0.471772 -0.88172 -0.00076351
-22.8706 17.1717 -0.974299 0.461078 -0.887332 -0.00698113
-21.9427 17.6341 -0.96977 0.441291 -0.897349 0.00517617
-21.0175 18.0785 -0.966212 0.428726 -0.903429 0.00304446
-19.9831 18.5506 -0.960254 0.408403 -0.912799 0.00234106
-18.881 19.0216 -0.953331 0.380957 -0.924582 0.00441272
-17.8267 19.4386 -0.946567 0.364619 -0.931151 -0.00322058
-16.8616 19.8047 -0.94096 0.340481 -0.940232 -0.00599125
-15.9124 20.1268 -0.934707 0.306416 -0.951889 0.00416737
-14.8436 20.4476 -0.927936 0.269223 -0.963078 -0.000244731
-13.8754 20.7017 -0.922245 0.230561 -0.973037 -0.00641152
-12.799 20.9356 -0.91614 0.192689 -0.981228 -0.00789009
-11.7799 21.1106 -0.910855 0.156033 -0.987714 -0.00868495
-10.763 21.2622 -0.908634 0.127706 -0.991812 -0.000934241
-9.75169 21.3632 -0.907654 0.0776785 -0.99697 0.00418241
-8.66199 21.4216 -0.905458 0.0387409 -0.999241 -0.00400975
-7.57032 21.4484 -0.904693 0.00861486 -0.999915 -0.00980994
-6.47757 21.4292 -0.904772 -0.0342661 -0.999388 0.0070662
-5.39131 21.3752 -0.904924 -0.0634753 -0.997922 0.0110714
-4.384 21.2982 -0.906087 -0.0837003 -0.996482 0.00428357
-3.27868 21.1854 -0.90974 -0.133509 -0.990965 0.0127612
-2.28324 21.0364 -0.912202 -0.162445 -0.986615 0.0142595
-1.13443 20.82 -0.916734 -0.208312 -0.977947 0.0150448
-0.0429528 20.5623 -0.92095 -0.255313 -0.96682 0.00862515
1.12874 20.2249 -0.925171 -0.305668 -0.952138 0.000307259
2.23247 19.8556 -0.930341 -0.326787 -0.945081 0.00564521
3.19335 19.5103 -0.935169 -0.357046 -0.934057 0.00743169
4.14755 19.1276 -0.939853 -0.379597 -0.925152 0.000285079
5.10668 18.7195 -0.944558 -0.407766 -0.913081 0.00314605
6.06563 18.285 -0.948926 -0.421762 -0.9067 0.00345688
7.08305 17.8009 -0.953929 -0.436623 -0.899629 0.00527596
8.00668 17.3462 -0.956486 -0.446931 -0.894568 0.00130785
8.92541 16.8804 -0.960828 -0.462793 -0.886463 0.00237978
9.30027 16.6817 -0.962483 -0.469131 -0.883129 0.000492753
9.30609 16.6793 -1.92752 -0.465369 -0.885117 4.61527e-05
8.37694 17.1613 -1.92421 -0.452443 -0.891793 0.000848604
7.39522 17.6457 -1.91726 -0.435049 -0.900404 0.00239604
6.32 18.1617 -1.90561 -0.424538 -0.905391 0.00583327
5.25739 18.6465 -1.89582 -0.410804 -0.911718 0.00325731
4.287 19.0682 -1.88637 -0.3863 -0.922332 0.008716
3.29744 19.4671 -1.87523 -0.361867 -0.932191 0.00850585
2.18876 19.8683 -1.86413 -0.322635 -0.946521 0.00201792
1.1282 20.2273 -1.85252 -0.305045 -0.952324 -0.00521563
0.12819 20.5204 -1.84409 -0.254059 -0.967166 -0.00663862
-0.943517 20.7777 -1.8342 -0.223422 -0.974697 0.00701385
-1.94154 20.9733 -1.82694 -0.16134 -0.98689 0.00426772
-3.07166 21.1473 -1.81905 -0.140377 -0.990082 0.005635
-4.15028 21.2759 -1.81444 -0.0996335 -0.994982 0.00912556
-5.19337 21.3587 -1.80957 -0.0652972 -0.99777 0.0138257
-6.2632 21.4122 -1.80904 -0.0405408 -0.999154 0.00695042
-7.44222 21.4415 -1.80907 -0.0080042 -0.99984 0.0160142
-8.54566 21.4247 -1.81101 0.0384774 -0.99914 0.015421
-9.60772 21.3607 -1.81388 0.0668852 -0.997606 0.0175593
-10.769 21.2589 -1.81817 0.09863 -0.995103 0.00650814
-11.9073 21.0985 -1.82626 0.155228 -0.987809 -0.011708
-13.0022 20.8975 -1.8342 0.205621 -0.978602 -0.00757461
-13.9997 20.675 -1.84347 0.238552 -0.97112 0.00433906
-15.0489 20.391 -1.85496 0.275548 -0.961246 -0.00893844
-16.0462 20.0882 -1.86657 0.309511 -0.950882 -0.00517398
-17.0065 19.754 -1.87727 0.341529 -0.939868 -0.00241636
-18.1354 19.321 -1.89058 0.368997 -0.929424 -0.00339587
-19.2949 18.848 -1.90348 0.390997 -0.920391 -0.00100971
-20.3061 18.4064 -1.91528 0.409966 -0.912089 0.0046269
-21.3039 17.9406 -1.92713 0.432327 -0.901717 0.000175689
-22.211 17.4985 -1.93318 0.44132 -0.89735 0.000247157
-23.1465 17.0257 -1.93983 0.457394 -0.889256 0.00382173
-23.8096 16.6766 -1.9413 0.471041 -0.882108 0.00221284
-23.9173 16.6177 -2.91256 0.467142 -0.884179 0.00250085
-22.9767 17.1092 -2.90487 0.458645 -0.888618 0.00167739
-21.9896 17.6078 -2.89494 0.439497 -0.898243 -0.00127219
-21.0554 18.0599 -2.88041 0.43097 -0.902365 0.00117602
-20.1258 18.4892 -2.86535 0.411254 -0.911517 -0.00277478
-19.142 18.9163 -2.85087 0.391414 -0.920211 0.00254107
-18.0827 19.3472 -2.83215 0.372627 -0.92798 -0.00129407
-17.0946 19.7235 -2.81576 0.3437 -0.939067 -0.00477265
-16.1056 20.0699 -2.79674 0.311196 -0.950346 0.000414799
-15.0737 20.3886 -2.78135 0.275222 -0.961367 -0.00508483
-14.0892 20.6529 -2.76364 0.24355 -0.969847 0.00895648
-13.0345 20.8907 -2.75125 0.194165 -0.980966 0.00258186
-11.9372 21.0953 -2.73809 0.166068 -0.986113 0.00174901
-10.8358 21.2436 -2.72624 0.114395 -0.993381 0.0104068
-9.82264 21.3333 -2.71986 0.0755318 -0.997125 0.00600674
-8.66264 21.4158 -2.71505 0.0486897 -0.998797 -0.00578581
-7.54788 21.4347 -2.71263 -0.0138244 -0.999864 0.00903693
-6.50621 21.4141 -2.71123 -0.0325781 -0.999414 0.0104798
-5.40536 21.3683 -2.71388 -0.0545863 -0.998497 0.00484006
-4.28272 21.2842 -2.71881 -0.0980103 -0.995179 0.00346808
-3.18576 21.1583 -2.72803 -0.137918 -0.990433 0.00460457
-2.13622 20.9983 -2.73753 -0.166485 -0.986023 0.00637489
-1.09163 20.8033 -2.7498 -0.20298 -0.979182 0.00144456
-0.0953528 20.5752 -2.76208 -0.243767 -0.969793 0.00887872
0.919042 20.292 -2.77573 -0.296024 -0.955154 0.00709205
1.94923 19.9502 -2.79451 -0.328577 -0.944477 0.000339611
3.06677 19.5495 -2.81169 -0.348038 -0.937475 0.00321533
4.17423 19.1108 -2.83045 -0.384458 -0.923142 0.000485703
5.10226 18.7116 -2.84585 -0.404717 -0.914439 0.00239151
6.11754 18.255 -2.86015 -0.417885 -0.9085 -0.000405761
7.06382 17.8074 -2.87223 -0.432751 -0.901495 -0.00583418
8.0059 17.3485 -2.88484 -0.447274 -0.894377 -0.00594723
9.05399 16.8115 -2.89365 -0.466683 -0.884424 0.00119036
9.28724 16.6884 -2.89498 -0.467807 -0.883829 0.00164196
9.28635 16.6879 -3.86719 -0.467895 -0.883781 0.00248899
8.38434 17.1579 -3.85808 -0.453318 -0.891349 -0.00051731
7.43819 17.6324 -3.84104 -0.438845 -0.898544 -0.00578418
6.49168 18.0841 -3.82548 -0.422063 -0.906566 -0.00123298
5.37838 18.5897 -3.8027 -0.406667 -0.913569 -0.00383586
4.33993 19.0413 -3.78125 -0.391899 -0.919992 -0.00543164
3.33273 19.447 -3.75617 -0.358598 -0.933432 -0.0106122
2.19842 19.8638 -3.73091 -0.332696 -0.943015 -0.00596631
1.22765 20.1911 -3.7083 -0.294052 -0.955764 0.00700469
0.235322 20.4829 -3.68821 -0.256496 -0.966543 0.00221693
-0.799943 20.7353 -3.67059 -0.222926 -0.974796 0.00872248
-1.79346 20.9368 -3.65405 -0.181548 -0.983382 0.000579788
-2.94139 21.1212 -3.63797 -0.143739 -0.989547 0.0116623
-4.00346 21.2515 -3.62749 -0.112592 -0.993641 0.000129423
-5.00478 21.3416 -3.61903 -0.076102 -0.997099 -0.00153998
-6.12452 21.3999 -3.61224 -0.0353423 -0.999374 0.00138347
-7.23384 21.4243 -3.61164 -0.0132734 -0.999905 0.00377432
-8.4154 21.4206 -3.61347 0.031303 -0.999262 0.02226
-9.54354 21.3606 -3.61949 0.0838813 -0.996465 -0.00456893
-10.5855 21.2651 -3.62907 0.0999517 -0.994992 -0.000821781
-11.6618 21.128 -3.64393 0.149974 -0.988576 0.0150182
-12.6696 20.9618 -3.65868 0.177471 -0.984123 0.00249345
-13.6854 20.7452 -3.67541 0.219767 -0.975516 0.00848481
-14.733 20.4836 -3.69752 0.264797 -0.964293 0.00470577
-15.7962 20.1676 -3.72154 0.30926 -0.95096 -0.00570219
-16.7773 19.835 -3.74305 0.333957 -0.942588 -0.000875151
-17.7268 19.4882 -3.76849 0.35923 -0.933247 0.00200124
-18.7242 19.0884 -3.78989 0.37594 -0.926642 -0.0020082
-19.6571 18.6929 -3.81178 0.397086 -0.91778 0.00174724
-20.5985 18.2683 -3.83192 0.416139 -0.909214 0.0126061
-21.5171 17.8374 -3.85023 0.427678 -0.903931 0.000947138
-22.5362 17.3361 -3.86704 0.454078 -0.890942 -0.00593943
-23.5543 16.8086 -3.88163 0.463458 -0.886115 -0.00272064
-23.8301 16.6644 -3.88522 0.465175 -0.885206 -0.00467277
-23.9147 16.6251 -4.86301 0.46769 -0.883878 -0.00499092
-23.0161 17.0965 -4.84718 0.458339 -0.888718 -0.0102622
-22.037 17.5908 -4.8276 0.439485 -0.898249 -0.00159384
-21.0275 18.0668 -4.80267 0.418288 -0.908308 -0.00326251
-20.1117 18.4904 -4.77793 0.413744 -0.910385 -0.00379113
-19.1261 18.9228 -4.74898 0.381714 -0.924272 0.00389951
-18.1619 19.3179 -4.719 0.36923 -0.929336 0.00196003
-17.083 19.7286 -4.6874 0.342172 -0.93961 0.00708707
-16.1314 20.0544 -4.66 0.318565 -0.94789 0.0046527
-15.1163 20.3743 -4.63016 0.271037 -0.962565 0.00285049
-14.0922 20.6481 -4.60021 0.233221 -0.972423 0.00112423
-13.08 20.8689 -4.57638 0.202905 -0.97919 0.00400241
-11.917 21.08 -4.55254 0.163944 -0.986449 0.00637236
-10.8434 21.2349 -4.5381 0.123558 -0.992337 0.00121816
-9.78151 21.3476 -4.52262 0.0872104 -0.996117 -0.0120922
-8.72403 21.4103 -4.5146 0.0234695 -0.999724 0.00127879
-7.65509 21.4241 -4.51026 -0.00116576 -0.999996 0.00270888
-6.62799 21.416 -4.51053 -0.0261294 -0.99962 -0.00882956
-5.53391 21.3685 -4.51586 -0.0611136 -0.998122 0.0042211
-4.53107 21.3004 -4.52438 -0.0872542 -0.996178 0.00401449
-3.49637 21.1907 -4.53504 -0.127707 -0.991756 0.0105497
-2.50472 21.049 -4.55135 -0.149917 -0.988617 0.0126753
-1.51262 20.8811 -4.56956 -0.196887 -0.980331 0.013632
-0.46825 20.6534 -4.5912 -0.231251 -0.972878 0.00560692
0.712504 20.3424 -4.6205 -0.283414 -0.958963 0.00816241
1.69275 20.038 -4.64976 -0.311605 -0.950203 0.00399854
2.74684 19.672 -4.67928 -0.343036 -0.939288 -0.00800497
3.82835 19.2566 -4.71214 -0.368736 -0.929516 -0.00586985
4.83835 18.836 -4.74326 -0.393213 -0.919419 -0.0071822
5.8303 18.3901 -4.76893 -0.410941 -0.911658 -0.00271162
6.78902 17.9483 -4.79366 -0.430938 -0.90236 -0.00619125
7.73637 17.4869 -4.81438 -0.443047 -0.896496 -0.00216038
8.7792 16.955 -4.83676 -0.467142 -0.884172 -0.00424226
9.25385 16.7028 -4.84359 -0.468288 -0.883575 0.00101496
3.70882 19.3053 -5.65479 -0.3691 -0.929389 0.000825103
2.72072 19.683 -5.61831 -0.346629 -0.937993 0.00421459
1.69705 20.0317 -5.57928 -0.312127 -0.950039 -0.00134951
0.619563 20.3648 -5.5394 -0.264881 -0.964258 0.00667588
-0.350444 20.6204 -5.50745 -0.232849 -0.972504 0.00422854
-1.38978 20.8532 -5.47967 -0.200057 -0.979664 0.0153801
-2.38479 21.0229 -5.45751 -0.149602 -0.988743 0.00249445
-3.43787 21.1768 -5.43713 -0.138783 -0.990322 -0.00111498
-4.47989 21.2937 -5.42352 -0.0859295 -0.996301 0.000452257
-5.57059 21.3707 -5.41182 -0.0646598 -0.9979 -0.0037438
-6.59684 21.4185 -5.40619 -0.0312249 -0.999509 0.00243994
-7.68784 21.4257 -5.40658 0.00409188 -0.999983 -0.00421646
-8.78932 21.4076 -5.41131 0.0274765 -0.999614 -0.00421564
-9.91655 21.3388 -5.42297 0.0800123 -0.996781 -0.00504209
-11.0199 21.2089 -5.43993 0.144307 -0.989533 0.000149784
-12.0544 21.0571 -5.45988 0.151745 -0.988328 -0.0134618
-13.1036 20.8668 -5.48732 0.198168 -0.980106 -0.0110054
-14.1744 20.623 -5.52045 0.230212 -0.97314 -0.000287357
-15.1731 20.357 -5.55676 0.267421 -0.96358 0.000620034
-16.2038 20.0302 -5.59289 0.319124 -0.947712 -0.00148448
-16.7635 19.8388 -5.61236 0.326301 -0.945265 -0.00155344
-17.8456 19.4133 5.63477 0.363166 -0.93172 -0.00290924
-16.8189 19.7971 5.60056 0.345155 -0.93847 0.0119431
-15.8655 20.117 5.56601 0.305335 -0.952245 -0.000398645
-14.723 20.4465 5.53047 0.265835 -0.964003 -0.00539432
-13.5562 20.7472 5.49489 0.219537 -0.975599 -0.0032853
-12.5529 20.9548 5.46895 0.178706 -0.983866 -0.00844905
-11.5523 21.1124 5.44581 0.142015 -0.989863 -0.0017818
-10.4933 21.2494 5.42876 0.113936 -0.993453 -0.00830042
-9.3829 21.3544 5.41631 0.0738923 -0.997225 -0.0090472
-8.33494 21.4178 5.40791 0.0431336 -0.999037 -0.00806337
-7.27496 21.4443 5.40473 0.00799178 -0.999911 -0.0106462
-6.0839 21.429 5.40734 -0.0402627 -0.999147 -0.00920689
-4.9329 21.3624 5.41644 -0.0676696 -0.997708 0.000304963
-3.86848 21.2784 5.43166 -0.10108 -0.994864 0.00530639
-2.86468 21.1473 5.44959 -0.169485 -0.985529 0.00272121
-1.83154 20.963 5.47459 -0.192745 -0.981248 0.000919642
-0.645018 20.7005 5.51023 -0.22878 -0.973466 0.0048176
0.348076 20.4498 5.54383 -0.252909 -0.967487 0.00242509
1.51158 20.1053 5.58239 -0.298881 -0.954289 -0.0013702
2.50662 19.7695 5.62014 -0.336502 -0.941663 -0.00607022
2.74237 19.6828 5.62938 -0.340341 -0.940295 0.00361166
9.29417 16.6903 4.85441 -0.472445 -0.88136 -0.000853184
8.40773 17.1577 4.84201 -0.456014 -0.889955 -0.00557143
7.50366 17.6145 4.82387 -0.445138 -0.895462 -0.000100291
6.53349 18.0814 4.8001 -0.425192 -0.905094 -0.00404506
5.61398 18.5083 4.77508 -0.413548 -0.910458 -0.00661793
4.68898 18.9128 4.74881 -0.395628 -0.91841 0.00140298
3.70633 19.317 4.72119 -0.36956 -0.929202 0.00309536
2.7555 19.6795 4.69209 -0.350205 -0.936673 0.000876365
1.77197 20.0206 4.66176 -0.319132 -0.947708 0.00204663
0.721145 20.3433 4.63345 -0.279759 -0.96007 0.000733812
-0.355757 20.6328 4.60098 -0.24532 -0.969397 -0.00932387
-1.36555 20.8667 4.57474 -0.210655 -0.977561 -0.000236306
-2.53284 21.0927 4.55265 -0.168615 -0.98567 -0.00481418
-3.53183 21.2404 4.53646 -0.12492 -0.992167 0.000334737
-4.6137 21.3456 4.52286 -0.0873661 -0.99617 -0.00363782
-5.73507 21.4142 4.5145 -0.0586067 -0.998275 -0.00363707
-6.7897 21.4526 4.51048 -0.00504917 -0.999986 0.00164469
-7.91669 21.4374 4.51084 0.0237808 -0.999678 -0.00889118
-8.94773 21.3924 4.51491 0.0611548 -0.998078 -0.0100111
-10.0899 21.2998 4.52565 0.107938 -0.994136 -0.00653835
-11.0917 21.18 4.53805 0.133636 -0.991014 -0.0058037
-12.2411 21.0162 4.55669 0.172436 -0.985012 0.00423359
-13.247 20.8169 4.57561 0.210415 -0.9776 -0.00493845
-14.2345 20.582 4.59812 0.252504 -0.967596 0.000831632
-15.2261 20.3069 4.62167 0.27348 -0.961859 -0.00605058
-16.1887 20.0161 4.64808 0.306869 -0.951751 -0.00118354
-17.2382 19.6429 4.67537 0.34511 -0.938561 0.00170052
-18.1792 19.2853 4.70362 0.365278 -0.930898 0.000743853
-19.2511 18.8478 4.73181 0.39115 -0.92032 -0.00370151
-20.1845 18.4361 4.75679 0.412582 -0.910891 -0.00735037
-21.1627 17.9826 4.7815 0.426413 -0.904528 -0.000767767
-22.1249 17.5191 4.80143 0.444712 -0.895671 0.00208906
-23.0729 17.0393 4.82093 0.458885 -0.888492 0.00248023
-23.767 16.6791 4.8316 0.459985 -0.887922 0.00307133
-23.9499 16.5818 3.85876 0.465244 -0.885174 -0.00385953
-22.9906 17.0813 3.84965 0.458913 -0.888474 -0.00364337
-22.0699 17.5448 3.83593 0.444215 -0.895919 -0.00157397
-21.0771 18.0259 3.8197 0.427973 -0.903748 -0.00883734
-20.0346 18.5031 3.80046 0.411104 -0.911585 0.00265048
-19.1128 18.9048 3.78001 0.386776 -0.922165 0.00409409
-18.1353 19.303 3.75842 0.367971 -0.929828 -0.00404892
-17.1432 19.6832 3.73538 0.350622 -0.936511 -0.00333181
-16.024 20.0752 3.71392 0.316236 -0.94868 -0.000855728
-14.9956 20.3843 3.6947 0.271013 -0.96245 -0.015526
-13.8748 20.6829 3.67472 0.234109 -0.972161 -0.00980411
-12.8799 20.9004 3.65707 0.1982 -0.980143 -0.00603903
-11.8631 21.0767 3.64195 0.14126 -0.989947 -0.00709171
-10.7888 21.2241 3.62973 0.130393 -0.991437 -0.00710555
-9.75146 21.343 3.6203 0.0901836 -0.995925 -0.000759071
-8.71405 21.4131 3.61445 0.0564488 -0.998385 -0.00637505
-7.62733 21.4527 3.61115 0.0220103 -0.999682 -0.0122676
-6.546 21.449 3.6125 -0.0293776 -0.999529 -0.00885975
-5.42532 21.4018 3.6162 -0.0486806 -0.998811 0.00274711
-4.24028 21.3177 3.625 -0.0941478 -0.995533 0.00709326
-3.13499 21.1839 3.63618 -0.136409 -0.990642 -0.00459308
-2.00453 20.9969 3.65293 -0.189014 -0.981966 -0.00414039
-0.966046 20.7818 3.67125 -0.209744 -0.977756 -0.000459639
0.0283547 20.541 3.69091 -0.259964 -0.965615 0.00266067
1.10353 20.2288 3.71667 -0.28801 -0.957627 0.000410091
2.0874 19.9201 3.73855 -0.318795 -0.94782 0.00270967
3.13621 19.5403 3.76205 -0.355043 -0.934813 -0.00828167
4.17353 19.1273 3.78664 -0.381223 -0.924476 -0.00353729
5.23936 18.6775 3.81035 -0.400934 -0.916105 0.00184102
6.34198 18.1728 3.83374 -0.42599 -0.904724 -0.00251124
7.34732 17.6909 3.85138 -0.442968 -0.896537 0.00047417
8.28755 17.22 3.86829 -0.453047 -0.891486 -0.000849398
9.19272 16.7466 3.87799 -0.46963 -0.882863 0.00087199
9.22815 16.7278 3.87839 -0.471521 -0.881854 0.000892171
9.27073 16.7049 3.87891 -0.47341 -0.880842 0.000912347
