-41.7567 100.341 4.3697 0.0223413 -0.999742 -0.00416812
-41.7306 100.339 5.38176 0.0220654 -0.999752 -0.00293776
-41.1506 100.348 6.11054 0.0199751 -0.999784 -0.00579385
-40.0869 100.359 6.07653 0.00209265 -0.999983 -0.00535716
-39.0282 100.357 6.0809 -0.00835321 -0.999953 -0.00324308
-37.942 100.336 6.08179 -0.0271555 -0.999621 -0.00429957
-36.706 100.289 6.11061 -0.0446074 -0.998984 -0.00520354
-35.6545 100.236 6.1161 -0.0573347 -0.998354 0.00127329
-34.6326 100.175 6.12402 -0.0652517 -0.997851 -0.00422129
-33.5066 100.091 6.1199 -0.0844015 -0.996424 -0.00350729
-32.5003 99.997 6.13478 -0.102019 -0.99477 -0.00502416
-31.3629 99.8608 6.09583 -0.12888 -0.991641 -0.00611263
-30.2404 99.7015 6.11678 -0.165287 -0.986187 -0.00651047
-29.2223 99.5144 6.11637 -0.19451 -0.980898 -0.00212149
-28.1801 99.3003 6.10072 -0.210595 -0.97757 0.000645647
-27.1593 99.0547 6.08273 -0.260696 -0.965363 -0.00870181
-26.155 98.7738 6.08932 -0.29365 -0.955818 0.00748232
-25.7767 98.6403 5.17402 -0.324939 -0.945666 0.011409
-25.8081 98.6492 4.08069 -0.315757 -0.948833 -0.00251262
-25.76 98.6398 3.05523 -0.303689 -0.952733 0.00856121
-25.768 98.6411 2.04968 -0.296656 -0.954984 -0.000287975
-25.7785 98.6523 0.965718 -0.310312 -0.950624 -0.00162525
-25.8018 98.6602 -0.0547792 -0.324169 -0.945975 0.00671929
-25.8191 98.6623 -1.13744 -0.330672 -0.943737 -0.00387155
-25.8224 98.6659 -2.32991 -0.301258 -0.953527 0.00275713
-25.7756 98.6513 -3.3551 -0.311678 -0.950159 0.0055286
-25.7183 98.6251 -4.4412 -0.313576 -0.949483 0.0121728
-25.8122 98.6441 -5.54569 -0.324714 -0.945777 0.0082229
-26.4729 98.8601 -6.09534 -0.299955 -0.95395 -0.00271456
-27.4549 99.1301 -6.113 -0.238834 -0.970988 0.0117536
-28.4405 99.3588 -6.09523 -0.21105 -0.977454 0.00636292
-29.53 99.578 -6.08244 -0.177697 -0.984049 0.00760801
-30.5443 99.7443 -6.10316 -0.153991 -0.988065 0.0037581
-31.5424 99.8887 -6.12039 -0.135079 -0.990824 0.00241838
-32.6631 100.019 -6.12362 -0.106335 -0.994327 0.00253305
-33.8219 100.126 -6.10159 -0.0859682 -0.996298 -0.000182113
-34.9182 100.205 -6.11892 -0.0650577 -0.997876 0.00329331
-36.1114 100.276 -6.08711 -0.0532354 -0.998582 0.000386748
-37.2614 100.325 -6.08915 -0.0344703 -0.999404 -0.00174245
-38.3401 100.352 -6.11217 -0.0204382 -0.999788 0.00267693
-39.3837 100.368 -6.08813 -0.00499182 -0.999983 0.000382941
-40.4217 100.369 -6.08982 0.000643736 -0.999995 0.00287685
-41.4248 100.363 -6.10404 0.0123712 -0.999923 -0.000587854
-41.7162 100.358 -5.24283 0.0151444 -0.99988 -0.00315141
-41.7051 100.354 -4.17239 0.0192765 -0.999813 -0.00122588
-41.7236 100.351 -3.02192 0.0197853 -0.999798 -0.00361986
-41.7448 100.349 -1.98569 0.0195059 -0.999809 0.000991542
-41.7328 100.351 -0.955548 0.0212953 -0.999772 0.00169982
-41.7332 100.353 0.0668633 0.0195248 -0.999807 0.001328
-41.7464 100.35 1.21845 0.0223419 -0.999745 -0.00262941
-41.7409 100.347 2.27872 0.0207144 -0.99978 -0.00325285
-41.7255 100.346 3.31424 0.0168855 -0.99985 -0.00379889
-41.7536 100.342 4.17195 0.02238 -0.99974 -0.00430258
-42.6921 100.316 4.17055 0.0328873 -0.999448 -0.00472048
-42.6835 100.312 5.32049 0.0306318 -0.999528 -0.00211999
-42.6712 100.306 6.34798 0.0305383 -0.999493 -0.00891877
-42.1488 100.315 7.06239 0.0298084 -0.999514 -0.00912213
-40.9815 100.347 7.0768 0.021961 -0.999748 -0.0015689
-39.8231 100.356 7.01748 -0.00117095 -0.999994 -0.00270682
-38.7256 100.349 7.04697 -0.0116341 -0.999916 -0.00509269
-37.5769 100.32 7.03912 -0.0354663 -0.99936 -0.00468472
-36.4674 100.276 7.04502 -0.0420875 -0.999106 -0.00398932
-35.4639 100.225 7.06773 -0.058258 -0.998301 -0.000810222
-34.4282 100.158 7.07754 -0.0709921 -0.997471 -0.00348859
-33.343 100.072 7.05882 -0.0857331 -0.996294 -0.00686924
-32.255 99.964 7.0726 -0.105966 -0.994321 -0.00980279
-31.2179 99.8394 7.02589 -0.131627 -0.991277 -0.00667602
-30.2153 99.6922 7.06039 -0.157443 -0.987527 -0.00114505
-29.0554 99.4782 7.06265 -0.193241 -0.981145 -0.00362605
-28.0518 99.2761 7.06497 -0.2202 -0.975061 0.015851
-26.9553 98.9908 7.04767 -0.268792 -0.963166 -0.00719638
-25.9077 98.6847 7.05918 -0.304542 -0.952385 -0.00742484
-24.9419 98.3493 6.89772 -0.352432 -0.935744 -0.0132455
-24.9045 98.3368 5.87931 -0.357057 -0.934072 0.0045363
-24.8784 98.3195 4.80583 -0.345351 -0.938472 0.000801998
-24.8931 98.3336 3.79467 -0.357429 -0.933771 -0.0159259
-24.8604 98.3254 2.77601 -0.350933 -0.936343 -0.00826631
-24.8642 98.3282 1.70609 -0.355943 -0.934503 0.00304603
-24.8801 98.3315 0.702907 -0.354828 -0.93491 0.00562983
-24.9097 98.3366 -0.447292 -0.345629 -0.938366 0.00299583
-24.9208 98.341 -1.59869 -0.343348 -0.939202 -0.00342876
-24.9327 98.3552 -2.65077 -0.352629 -0.935754 -0.0037666
-24.8477 98.3215 -3.6609 -0.34225 -0.939581 0.00291018
-24.8445 98.3087 -4.81554 -0.354984 -0.934684 0.0187507
-24.8893 98.3156 -5.82992 -0.34186 -0.939718 0.00420984
-24.9463 98.3407 -6.96142 -0.348961 -0.937124 0.00469447
-25.9016 98.6754 -7.03255 -0.30883 -0.95111 -0.00377459
-26.8629 98.9652 -7.05127 -0.268624 -0.9632 0.00847036
-27.9685 99.2479 -7.05025 -0.228923 -0.973439 0.00322678
-29.0177 99.4797 -7.02343 -0.199465 -0.979871 0.00818042
-30.0557 99.6644 -7.06454 -0.154066 -0.988061 0.000318939
-31.1263 99.8264 -7.04995 -0.142039 -0.989843 0.00376787
-32.3497 99.9808 -7.06362 -0.113712 -0.993512 0.00192954
-33.3573 100.083 -7.04517 -0.0900617 -0.995922 0.00535304
-34.3869 100.165 -7.05058 -0.068469 -0.997649 0.0030569
-35.4016 100.233 -7.08806 -0.063666 -0.997966 0.00196478
-36.4132 100.292 -7.02611 -0.0493032 -0.998769 -0.000271145
-37.5019 100.329 -7.06436 -0.0286891 -0.999578 0.00395615
-38.5295 100.355 -7.05481 -0.0227606 -0.999739 0.00220753
-39.6195 100.368 -7.04169 -0.0037056 -0.999989 -0.000875398
-40.7741 100.367 -7.04398 0.00331745 -0.999994 0.000580292
-41.8035 100.354 -7.05563 0.0191335 -0.999812 -0.000824475
-42.6868 100.335 -6.79517 0.026002 -0.999659 0.00223355
-42.7005 100.335 -5.77937 0.0267858 -0.999641 -4.81895e-05
-42.6651 100.333 -4.72373 0.0281776 -0.999596 -0.00345708
-42.6784 100.332 -3.70187 0.0242769 -0.999705 -0.000199292
-42.6829 100.33 -2.66604 0.0216694 -0.999763 -0.00209629
-42.6901 100.329 -1.64374 0.0217863 -0.999762 0.000836947
-42.6929 100.331 -0.565086 0.0219187 -0.999758 0.00161138
-42.6823 100.33 0.555186 0.0242363 -0.999704 -0.00232178
-42.6948 100.324 1.58119 0.0288013 -0.999576 -0.00416934
-42.6717 100.322 2.5831 0.0293909 -0.999563 -0.00313854
-42.6857 100.318 3.64517 0.0339485 -0.999412 -0.00484778
-42.6924 100.316 4.13513 0.0332002 -0.999439 -0.00433787
-41.2227 100.351 4.48931 0.0176676 -0.999836 -0.00391252
-40.1711 100.365 4.49104 0.00554536 -0.999972 -0.00509178
-39.0603 100.362 4.4936 -0.00739533 -0.999972 -0.000584033
-37.9601 100.343 4.49707 -0.0272297 -0.999626 -0.0026986
-36.7556 100.295 4.50233 -0.0472096 -0.998864 -0.00644035
-35.6514 100.236 4.50835 -0.0588395 -0.998252 -0.00549187
-34.6119 100.174 4.51456 -0.061839 -0.998082 -0.00284683
-33.6122 100.104 4.52225 -0.0780694 -0.996942 -0.00351207
-32.604 100.013 4.53052 -0.0946644 -0.995509 0.000940458
-31.5145 99.888 4.54199 -0.129634 -0.991561 0.00159178
-30.4223 99.7318 4.55345 -0.154939 -0.987891 0.00806342
-29.3931 99.5505 4.56634 -0.187702 -0.982173 -0.0101728
-28.3836 99.3414 4.57813 -0.21467 -0.976677 -0.00428859
-27.2996 99.0966 4.59046 -0.233715 -0.972204 0.0140402
-26.2965 98.8098 4.59991 -0.3111 -0.950369 0.00386688
-26.3726 98.8342 3.67728 -0.299101 -0.954217 0.00285712
-27.4753 99.1357 3.66906 -0.238166 -0.97119 0.00813482
-28.4881 99.3663 3.66117 -0.209696 -0.977749 -0.00584494
-29.505 99.5728 3.65178 -0.173791 -0.984774 0.00397361
-30.5256 99.7443 3.64206 -0.155633 -0.987787 0.00744495
-31.5843 99.8984 3.63359 -0.116814 -0.993153 -0.000783143
-32.6823 100.02 3.62418 -0.0935024 -0.995617 -0.00223904
-33.9045 100.126 3.61651 -0.0782752 -0.996931 -0.0013217
-34.9023 100.197 3.61117 -0.0650859 -0.997873 -0.00356411
-35.9097 100.255 3.60601 -0.0553204 -0.998457 -0.00476915
-36.9229 100.306 3.60157 -0.0478258 -0.998852 -0.0026791
-37.9287 100.345 3.59829 -0.0315108 -0.999469 -0.00827097
-38.9376 100.362 3.59619 -0.0103673 -0.999943 -0.00240214
-40.0424 100.367 3.59398 0.00303301 -0.999995 -0.00116005
-41.0723 100.357 3.59236 0.0153688 -0.999876 -0.0033145
-41.1163 100.356 3.59234 0.0151418 -0.99988 -0.00318234
-41.1726 100.356 2.69499 0.0162084 -0.999869 -0.000210528
-40.027 100.369 2.69588 0.00350903 -0.999994 0.000542745
-38.9388 100.365 2.69761 -0.00987538 -0.999948 -0.00260105
-37.8274 100.343 2.69986 -0.0335954 -0.999429 0.00367863
-36.7576 100.3 2.70232 -0.0475975 -0.998863 -0.00257427
-35.6971 100.247 2.70594 -0.0525717 -0.998616 -0.00159145
-34.6063 100.179 2.71021 -0.0727201 -0.997351 -0.00192957
-33.5552 100.099 2.71481 -0.0788746 -0.996884 0.00044419
-32.4382 99.9936 2.71971 -0.103695 -0.994604 0.00330441
-31.328 99.863 2.72673 -0.129693 -0.991537 -0.00588702
-30.2948 99.7049 2.73314 -0.157319 -0.987541 0.00367806
-29.1485 99.5067 2.74137 -0.178948 -0.983856 -0.00218556
-28.168 99.2985 2.74694 -0.221524 -0.975116 -0.00876661
-27.0705 99.0282 2.75282 -0.25547 -0.966803 0.00518259
-26.2888 98.8016 2.75646 -0.286138 -0.958161 0.00727825
-26.2785 98.7973 1.83696 -0.277963 -0.960496 -0.0136034
-27.412 99.1212 1.83346 -0.26654 -0.963792 -0.00785961
-28.4018 99.3612 1.83048 -0.213626 -0.976846 -0.0116815
-29.4551 99.5666 1.826 -0.183913 -0.982942 -0.00114074
-30.5665 99.7511 1.82145 -0.154793 -0.987928 -0.00618099
-31.565 99.8941 1.81679 -0.125181 -0.992117 -0.00582564
-32.5896 100.009 1.81294 -0.100471 -0.994937 -0.00236059
-33.6566 100.108 1.80965 -0.0835101 -0.996498 -0.00423978
-34.7002 100.188 1.80707 -0.0700237 -0.997544 -0.00167929
-35.7477 100.252 1.80408 -0.0532199 -0.998581 -0.00192339
-36.8031 100.305 1.80187 -0.0445945 -0.999004 -0.00140246
-37.9219 100.347 1.79999 -0.029252 -0.999566 0.00362393
-38.9472 100.365 1.79898 -0.0106929 -0.999941 -0.00179476
-40.0537 100.369 1.79786 0.00851015 -0.999964 -0.000264836
-41.1675 100.358 1.79654 0.0142602 -0.999894 -0.00301781
-41.231 100.357 1.79651 0.0151926 -0.999879 -0.00331731
-41.2038 100.361 0.898726 0.0172646 -0.999851 -0.000550732
-40.1729 100.369 0.89886 0.00424588 -0.999982 -0.00414927
-38.9653 100.364 0.899839 -0.0140459 -0.999897 0.00304624
-37.9465 100.344 0.900665 -0.0253522 -0.999679 0.000146438
-36.8442 100.307 0.901239 -0.0391092 -0.999232 0.00236527
-35.6973 100.25 0.902011 -0.0571452 -0.998366 -2.87128e-05
-34.635 100.185 0.903037 -0.0671568 -0.997742 0.000263816
-33.6301 100.108 0.905179 -0.0823644 -0.996601 -0.0017878
-32.5228 100.004 0.907223 -0.100928 -0.994894 0.000619824
-31.3544 99.8675 0.909398 -0.126046 -0.992022 -0.00199962
-30.2576 99.7068 0.9112 -0.163645 -0.986519 0.000965982
-29.2295 99.5287 0.91347 -0.18018 -0.983634 0.000327364
-28.2278 99.3299 0.915277 -0.207601 -0.978194 0.00620162
-27.156 99.0581 0.917458 -0.255482 -0.966814 -0.000135541
-26.2667 98.8075 0.91957 -0.275637 -0.961252 -0.00427177
-26.325 98.8247 -0.000540228 -0.284198 -0.958704 0.0108755
-27.4602 99.1399 0.000244229 -0.251247 -0.967922 0.001327
-28.5749 99.3999 -0.000213135 -0.200169 -0.979736 0.00704738
-29.6908 99.6094 -0.000300377 -0.179942 -0.983675 0.00221923
-30.8249 99.7947 -0.000452853 -0.150491 -0.988611 -0.00111515
-32.0239 99.9512 -0.000241063 -0.113142 -0.99356 -0.00612146
-33.0231 100.055 6.43918e-05 -0.0926652 -0.995697 -0.000128854
-34.0522 100.143 -1.45898e-05 -0.0780488 -0.996945 0.00316295
-35.0581 100.212 -4.66561e-05 -0.0663714 -0.997795 -0.000301164
-36.1763 100.277 0.000302887 -0.0485948 -0.998818 0.000570664
-37.2888 100.324 0.000316646 -0.0372133 -0.999306 -0.00132196
-38.3071 100.352 -6.08708e-06 -0.0218564 -0.999761 0.000592287
-39.4353 100.368 9.57086e-05 -0.00948316 -0.999955 -0.000618621
-40.5076 100.37 0.000137749 0.00673467 -0.999977 -0.000400423
-41.0944 100.364 0.000197595 0.0155693 -0.999878 0.000867063
-41.1807 100.362 -0.898048 0.016905 -0.999854 0.00244104
-40.1173 100.371 -0.898489 -0.00283137 -0.999996 0.000281018
-38.9665 100.364 -0.899144 -0.0109981 -0.99994 -0.000130692
-37.8922 100.344 -0.900005 -0.0245567 -0.999695 -0.00246523
-36.6324 100.299 -0.900966 -0.0428813 -0.999077 -0.00243764
-35.5212 100.243 -0.901976 -0.0565471 -0.998395 -0.00323508
-34.4419 100.172 -0.903853 -0.0736532 -0.997278 -0.00355681
-33.2737 100.079 -0.906208 -0.0867836 -0.996218 -0.00429225
-32.1081 99.9617 -0.908421 -0.112487 -0.993653 -0.000905603
-31.0919 99.8342 -0.910312 -0.141774 -0.989894 -0.00303662
-29.9963 99.6619 -0.912416 -0.16916 -0.985584 -0.00305884
-28.8586 99.4518 -0.914637 -0.196098 -0.980584 -0.000387287
-27.8538 99.2357 -0.916311 -0.221107 -0.97525 0.000192285
-26.8757 98.9849 -0.917219 -0.271454 -0.962413 -0.00854146
-26.4613 98.8673 -0.917616 -0.293083 -0.956064 -0.00668672
-26.3413 98.8339 -1.83799 -0.295346 -0.955331 0.0106918
-27.3581 99.1128 -1.83459 -0.250319 -0.968131 0.00788197
-28.3932 99.3538 -1.83107 -0.214702 -0.976672 0.00382844
-29.404 99.5601 -1.82659 -0.178616 -0.983903 0.00557586
-30.5045 99.7475 -1.82224 -0.163301 -0.986573 0.00266698
-31.5501 99.8963 -1.81723 -0.117633 -0.993051 0.0034512
-32.6094 100.015 -1.81343 -0.10214 -0.994764 0.00347092
-33.705 100.117 -1.81 -0.0798453 -0.996806 -0.0012773
-34.8234 100.201 -1.80674 -0.0690669 -0.997609 -0.00232321
-35.8571 100.265 -1.80402 -0.0529337 -0.998597 -0.00156333
-37.0513 100.32 -1.8015 -0.0374636 -0.999296 -0.0018048
-38.0574 100.351 -1.79994 -0.0198717 -0.999801 -0.00182156
-39.1941 100.368 -1.79839 -0.00778295 -0.999967 -0.00223167
-40.2915 100.372 -1.79701 0.00461247 -0.999986 -0.00250803
-41.1305 100.361 -1.79662 0.0170014 -0.999855 0.00121799
-41.2549 100.359 -2.69463 0.0190467 -0.999818 -0.00140785
-40.0787 100.373 -2.69579 0.00354549 -0.99999 0.00259306
-38.9298 100.368 -2.69767 -0.0101856 -0.999946 0.00203362
-37.7803 100.346 -2.69984 -0.0244248 -0.999701 0.00129713
-36.7676 100.311 -2.70261 -0.042161 -0.999109 -0.00189594
-35.7149 100.258 -2.70625 -0.0551924 -0.998473 0.00237731
-34.6213 100.189 -2.71059 -0.0706048 -0.997504 -0.000945937
-33.5637 100.105 -2.71494 -0.0841867 -0.996445 -0.00314661
-32.455 99.9943 -2.72 -0.105908 -0.994376 0.000584814
-31.3178 99.866 -2.72725 -0.120263 -0.992739 -0.0026259
-30.3113 99.7161 -2.73396 -0.16612 -0.986105 -0.0010477
-29.3042 99.5367 -2.74095 -0.185445 -0.982651 -0.00272326
-28.2963 99.3295 -2.74693 -0.220789 -0.975316 0.003285
-27.1999 99.0684 -2.75295 -0.245294 -0.969445 -0.00280243
-26.2731 98.8073 -2.75619 -0.293189 -0.956045 0.00429496
-26.2204 98.7891 -3.67819 -0.294186 -0.955748 -0.000504527
-27.2252 99.0768 -3.6725 -0.239888 -0.970801 -1.4357e-05
-28.2936 99.328 -3.66369 -0.219047 -0.975714 0.000554109
-29.2873 99.5355 -3.65541 -0.18793 -0.982181 -0.00138888
-30.2945 99.7143 -3.64597 -0.158521 -0.987354 -0.00198436
-31.3577 99.8686 -3.63627 -0.12335 -0.992363 -0.000488803
-32.4761 99.9965 -3.62667 -0.105943 -0.994372 -0.000416225
-33.6298 100.112 -3.61839 -0.085237 -0.996361 0.000199371
-34.7031 100.196 -3.61264 -0.0688351 -0.997628 -0.000472185
-35.8027 100.263 -3.60679 -0.0517602 -0.998657 0.00233335
-36.8776 100.315 -3.60237 -0.0412962 -0.999145 -0.00199965
-37.9215 100.348 -3.59867 -0.0243186 -0.999704 0.00105578
-38.9226 100.366 -3.59593 -0.0125448 -0.999921 -0.000387542
-40.0061 100.372 -3.59372 -0.000938661 -0.999992 0.00394829
-41.0859 100.365 -3.59247 0.0169285 -0.999854 -0.00252828
-41.2128 100.362 -3.59234 0.0168698 -0.999854 -0.00258627
-41.1121 100.365 -4.48955 0.0121855 -0.999923 -0.00239205
-39.9049 100.37 -4.49143 0.000128533 -1 0.000275473
-38.8936 100.364 -4.49413 -0.0137739 -0.999897 -0.00409246
-37.8203 100.343 -4.49761 -0.0257955 -0.999667 0.00104027
-36.8081 100.311 -4.50147 -0.0359653 -0.999353 -0.000676125
-35.7247 100.257 -4.50762 -0.0563488 -0.998409 0.00213213
-34.5912 100.187 -4.5151 -0.0710621 -0.997472 -0.0001643
-33.503 100.101 -4.52298 -0.0842504 -0.996444 -0.000730615
-32.4837 100.001 -4.53325 -0.10839 -0.994107 0.00155213
-31.3913 99.8705 -4.54343 -0.126409 -0.991975 0.00244946
-30.2987 99.7121 -4.55712 -0.15416 -0.988027 -0.00613878
-29.2431 99.5288 -4.5695 -0.185961 -0.982555 -0.00203255
-28.0879 99.2803 -4.58349 -0.223634 -0.97467 0.00237711
-27.1093 99.0474 -4.59483 -0.258233 -0.966079 -0.00259402
-26.2329 98.7936 -4.60213 -0.314032 -0.949354 0.0105036
-26.3695 98.8285 -5.52724 -0.296452 -0.954987 0.0107812
-27.4545 99.1304 -5.5131 -0.245284 -0.969429 0.00664597
-28.5138 99.3777 -5.49531 -0.224178 -0.974547 0.00122429
-29.552 99.5865 -5.47814 -0.176584 -0.984285 -0.000509084
-30.6271 99.7594 -5.46201 -0.150674 -0.98857 0.00511654
-31.6729 99.9066 -5.44726 -0.123794 -0.992303 0.00327261
-32.7452 100.027 -5.43548 -0.099643 -0.995021 0.00208291
-33.8495 100.129 -5.42287 -0.0799815 -0.996796 0.000815762
-34.8789 100.204 -5.41352 -0.0658669 -0.997828 0.00034926
-35.926 100.266 -5.40537 -0.0547389 -0.998501 0.000210995
-37.0149 100.319 -5.39958 -0.0382996 -0.999261 -0.0031058
-38.1723 100.351 -5.39381 -0.0251732 -0.999683 0.000379998
-39.2298 100.368 -5.39039 -0.0100694 -0.999942 0.00390874
-40.2305 100.37 -5.38773 0.00201672 -0.999998 0.000168011
-41.1654 100.366 -5.38615 0.00812854 -0.999966 -0.0014606
-41.1647 100.35 5.38642 0.0159377 -0.999871 -0.00205834
-40.0632 100.362 5.38827 0.00356825 -0.999969 -0.0069723
-38.9082 100.357 5.39134 -0.0115661 -0.999918 -0.00549812
-37.7673 100.333 5.39583 -0.0303177 -0.999528 -0.00492878
-36.7041 100.29 5.40124 -0.0506611 -0.998716 -0.000886268
-35.6048 100.232 5.40768 -0.0552079 -0.998474 0.00146841
-34.5379 100.17 5.41673 -0.0664846 -0.997787 0.000884362
-33.4556 100.089 5.42548 -0.0853944 -0.996343 -0.0029738
-32.2831 99.9753 5.43869 -0.10888 -0.994053 -0.00192401
-31.094 99.8289 5.45474 -0.130804 -0.991405 -0.00248575
-30.0829 99.6774 5.46827 -0.159784 -0.987134 -0.00598621
-28.9232 99.4541 5.4862 -0.196377 -0.980525 0.00250198
-27.9291 99.2438 5.50411 -0.219517 -0.975589 0.00612495
-26.8483 98.9802 5.51927 -0.253951 -0.967104 -0.0147682
-26.5041 98.8787 5.52347 -0.296556 -0.954979 -0.00830001
-26.3814 98.8392 5.52482 -0.303253 -0.952888 0.00644845
