-42.5413 102.648 5.45954 0.025029 -0.999685 -0.00182655
-42.4948 102.652 4.37969 0.0203835 -0.999783 -0.00369268
-42.523 102.654 3.18671 0.0253045 -0.999678 -0.0019587
-42.516 102.657 2.02679 0.0236015 -0.999718 -0.00260029
-42.5223 102.659 0.96857 0.0230966 -0.999732 -0.0013062
-42.5148 102.661 -0.126151 0.0200258 -0.999795 -0.00281751
-42.5147 102.661 -1.15534 0.016774 -0.999858 -0.00158379
-42.4657 102.663 -2.27049 0.0183121 -0.999832 0.000622422
-42.4849 102.662 -3.37104 0.0206082 -0.999788 0.000229707
-42.5015 102.665 -4.54381 0.0232271 -0.99972 -0.00440708
-42.4549 102.669 -5.68858 0.0232153 -0.999728 -0.00224911
-41.6481 102.683 -6.08787 0.0116537 -0.999921 0.0046332
-40.5349 102.691 -6.1243 0.00375398 -0.999993 0.000179028
-39.51 102.689 -6.09794 -0.00596805 -0.999956 0.00722495
-38.4514 102.673 -6.07306 -0.0234303 -0.999723 0.00230183
-37.3389 102.645 -6.10815 -0.0287267 -0.999574 0.00435054
-36.3219 102.605 -6.11106 -0.0429641 -0.999076 -0.00107627
-35.205 102.55 -6.09416 -0.0567112 -0.998388 -0.002118
-34.1872 102.489 -6.09753 -0.062219 -0.998059 -0.00275723
-33.164 102.423 -6.12599 -0.0669348 -0.997744 0.0026799
-31.9619 102.322 -6.11106 -0.0941383 -0.995556 0.002483
-30.867 102.209 -6.08533 -0.108868 -0.994056 0.000313341
-29.8349 102.084 -6.11834 -0.133611 -0.991008 0.00299813
-28.758 101.921 -6.09398 -0.159995 -0.987117 -0.00141101
-27.7968 101.749 -5.916 -0.201257 -0.979532 0.00347026
-27.7443 101.738 -4.85102 -0.219156 -0.975674 0.00559302
-27.764 101.738 -3.71785 -0.211226 -0.977406 -0.0028011
-27.7675 101.736 -2.68345 -0.209571 -0.977787 0.00253265
-27.7705 101.733 -1.61421 -0.192821 -0.981194 -0.0053949
-27.7643 101.732 -0.395302 -0.202211 -0.979332 0.00432214
-27.7789 101.741 0.632054 -0.19733 -0.980289 0.00974538
-27.7758 101.746 1.72485 -0.215699 -0.976454 0.000929923
-27.8078 101.756 2.79064 -0.202021 -0.979272 0.00996877
-27.7772 101.751 3.80625 -0.200321 -0.979591 -0.00137831
-27.7562 101.734 4.9107 -0.20432 -0.978822 -0.0126735
-27.8227 101.745 5.99397 -0.1979 -0.980202 0.00624608
-28.9346 101.95 6.08903 -0.158288 -0.987389 -0.00273893
-30.0388 102.109 6.07542 -0.121027 -0.992624 -0.00364165
-31.1073 102.231 6.08681 -0.108295 -0.994091 -0.00739751
-32.1868 102.338 6.07607 -0.0875169 -0.996156 -0.00366181
-33.3206 102.428 6.11689 -0.0726933 -0.997347 0.00369597
-34.4812 102.503 6.07759 -0.0603004 -0.998173 -0.00387259
-35.5855 102.562 6.08486 -0.0492587 -0.998777 -0.00423202
-36.633 102.607 6.0738 -0.0395688 -0.999213 -0.00245244
-37.8046 102.647 6.10012 -0.0283183 -0.999599 0.000134664
-38.9132 102.668 6.10086 -0.0126557 -0.999917 0.00222333
-39.9786 102.677 6.13348 0.000233282 -0.999999 -0.0012334
-41.049 102.673 6.09895 0.0131555 -0.999912 -0.00150151
-42.2263 102.654 6.06295 0.0233245 -0.999721 -0.00385417
-42.5407 102.648 5.51972 0.0250161 -0.999685 -0.00181629
-43.4985 102.62 5.55163 0.0308348 -0.999515 -0.00433049
-43.4971 102.617 6.63547 0.0329485 -0.99945 -0.00371524
-42.6772 102.64 7.06244 0.0280728 -0.999599 -0.00326495
-41.5153 102.666 7.04045 0.0174489 -0.999839 -0.00369149
-40.4896 102.675 7.06277 0.0016178 -0.999996 -0.00220512
-39.4472 102.675 7.0675 -0.00641694 -0.999979 0.000777831
-38.4308 102.661 7.02586 -0.0193158 -0.999809 -0.00141078
-37.3644 102.632 7.06782 -0.0326147 -0.999461 -0.00380367
-36.2542 102.589 7.03657 -0.0428802 -0.999075 -0.00319479
-35.1499 102.538 7.04151 -0.0502988 -0.998732 -0.0019025
-34.1492 102.481 7.03721 -0.0602689 -0.99818 -0.00197726
-33.146 102.413 7.06183 -0.0743211 -0.997225 -0.00421278
-32.1234 102.328 7.03012 -0.0868813 -0.9962 -0.00616108
-31.1261 102.233 7.04151 -0.107029 -0.994254 -0.00177044
-30.0853 102.114 7.03107 -0.125888 -0.992044 -0.000465375
-29.0577 101.965 7.03971 -0.162325 -0.986708 -0.00761661
-28.0668 101.792 7.03937 -0.189358 -0.981884 -0.00688979
-27.035 101.571 7.02395 -0.24204 -0.970225 -0.00899108
-26.8239 101.524 6.00976 -0.220974 -0.975274 -0.00320569
-26.8235 101.531 4.9628 -0.224162 -0.974498 -0.0102871
-26.8323 101.537 3.80596 -0.230752 -0.973 -0.00504752
-26.8626 101.542 2.67541 -0.226236 -0.974055 0.00525615
-26.8285 101.534 1.48951 -0.227301 -0.973814 -0.00437917
-26.8612 101.542 0.366936 -0.224613 -0.97443 -0.0059268
-26.835 101.536 -0.635395 -0.224121 -0.974561 -0.000118708
-26.8282 101.532 -1.67378 -0.227412 -0.973799 0.000564978
-26.8302 101.527 -2.68171 -0.228548 -0.973522 0.00457981
-26.8308 101.525 -3.69032 -0.226647 -0.973972 -0.00299163
-26.8272 101.532 -4.92677 -0.225671 -0.974155 -0.0097198
-26.8285 101.541 -5.9909 -0.226521 -0.973994 -0.00497987
-27.0797 101.594 -7.05959 -0.209778 -0.977748 0.00099762
-28.1004 101.801 -7.06905 -0.19028 -0.981703 0.00702567
-29.2061 101.991 -7.05126 -0.14232 -0.989821 -0.000158773
-30.2841 102.135 -7.05598 -0.124445 -0.992145 0.0124572
-31.4647 102.275 -7.05492 -0.104164 -0.994541 -0.00158701
-32.5563 102.375 -7.05435 -0.0850633 -0.996351 0.00695805
-33.5791 102.452 -7.04907 -0.0715007 -0.997438 0.00208162
-34.6177 102.517 -7.03318 -0.0582975 -0.998299 -0.000188352
-35.7253 102.577 -7.04242 -0.0512366 -0.998686 0.000848533
-36.7305 102.622 -7.07303 -0.0404231 -0.999171 -0.00257346
-37.7293 102.654 -7.0424 -0.028411 -0.999595 0.000718594
-38.7712 102.679 -7.02669 -0.0160571 -0.99986 0.000991316
-39.7798 102.688 -7.04389 -0.00455327 -0.999974 0.00561423
-40.8316 102.689 -7.05658 0.00391173 -0.999991 0.000513197
-41.8926 102.68 -7.0515 0.0129177 -0.999911 0.00270836
-42.9231 102.661 -7.01804 0.0250444 -0.999681 -0.00229798
-43.4363 102.646 -6.26513 0.0272477 -0.999626 -0.00212796
-43.424 102.644 -5.26363 0.0270033 -0.999632 -0.00239012
-43.4458 102.641 -4.26093 0.0263421 -0.999649 -0.00261775
-43.4395 102.64 -3.22294 0.0251575 -0.999683 0.000532263
-43.4136 102.642 -2.16849 0.0235225 -0.999723 0.00056807
-43.447 102.64 -1.10375 0.0271293 -0.999631 -0.00127766
-43.4488 102.638 -0.00975442 0.0271709 -0.999628 -0.0024279
-43.4553 102.635 1.08988 0.0262739 -0.999652 -0.00255284
-43.4539 102.632 2.09558 0.0284364 -0.999587 -0.00409722
-43.4643 102.628 3.14059 0.0293514 -0.999563 -0.00345947
-43.442 102.626 4.24302 0.0296915 -0.999557 -0.00204579
-43.4939 102.622 5.2891 0.031067 -0.999514 -0.00269759
-43.4963 102.621 5.43444 0.0308167 -0.999516 -0.0043391
-41.984 102.66 5.3834 0.0203801 -0.999789 -0.00257094
-40.9207 102.674 5.38429 0.00928931 -0.999957 -0.000750061
-39.9158 102.677 5.38535 -0.00254554 -0.999993 -0.00273225
-38.9116 102.668 5.38686 -0.0160275 -0.999871 -0.000942242
-37.6751 102.644 5.38946 -0.0237535 -0.999716 -0.00182538
-36.667 102.611 5.39178 -0.0405118 -0.99916 -0.00619289
-35.5768 102.563 5.3953 -0.0495715 -0.99877 -0.00079988
-34.5246 102.507 5.39941 -0.0567468 -0.998389 -0.000288469
-33.5117 102.443 5.40379 -0.0707771 -0.997489 0.00234938
-32.3702 102.356 5.40925 -0.0856387 -0.996325 -0.00140314
-31.2932 102.255 5.41578 -0.103502 -0.994618 -0.00466328
-30.1152 102.119 5.42307 -0.118018 -0.993006 0.00321533
-29.1136 101.984 5.42899 -0.146338 -0.989234 0.000911364
-28.3076 101.843 5.4328 -0.190444 -0.981632 0.0114306
-28.3146 101.848 4.52607 -0.187919 -0.982168 -0.00572002
-29.3728 102.022 4.52167 -0.142425 -0.989806 -4.80358e-05
-30.4112 102.156 4.51714 -0.114792 -0.993381 -0.00410822
-31.4847 102.278 4.51234 -0.0948948 -0.995453 0.0082482
-32.4947 102.366 4.50776 -0.0825455 -0.996587 0.00103988
-33.495 102.444 4.50397 -0.073374 -0.997304 -0.00135773
-34.5579 102.511 4.50029 -0.0558227 -0.998437 -0.00254484
-35.6087 102.567 4.49679 -0.0500659 -0.998746 9.69242e-05
-36.6788 102.615 4.49388 -0.0384897 -0.999259 -0.000863971
-37.7521 102.649 4.49166 -0.0247348 -0.999687 -0.00371207
-38.9008 102.67 4.48977 -0.0131112 -0.999912 -0.00194732
-39.9103 102.679 4.48833 0.00131115 -0.999995 0.00300533
-40.965 102.674 4.48729 0.00901291 -0.999959 -0.000883374
-41.988 102.662 4.48649 0.0162675 -0.999853 -0.0054842
-41.953 102.665 3.5896 0.0131454 -0.999909 -0.00300817
-40.8645 102.676 3.59024 0.00472884 -0.999987 -0.00192523
-39.7055 102.679 3.59111 -0.00256083 -0.999996 -0.000905957
-38.6914 102.669 3.59234 -0.0150098 -0.999883 -0.0028506
-37.6135 102.647 3.59395 -0.0293126 -0.99957 -0.000167304
-36.5627 102.612 3.59576 -0.0375059 -0.999294 -0.00231836
-35.5083 102.565 3.59822 -0.0504157 -0.998725 -0.00269913
-34.3597 102.501 3.60113 -0.0622825 -0.998051 -0.0037981
-33.2795 102.428 3.60438 -0.0736295 -0.997285 0.000732044
-32.2164 102.345 3.60758 -0.0843946 -0.996423 -0.00442383
-31.0394 102.23 3.61155 -0.106339 -0.99432 -0.00437345
-29.9693 102.105 3.61501 -0.129427 -0.991589 0.000666627
-28.9588 101.962 3.61798 -0.156652 -0.987649 0.00306097
-28.339 101.858 3.61979 -0.18527 -0.982656 -0.00783014
-28.3381 101.853 2.71404 -0.174142 -0.984716 0.00287182
-29.3376 102.01 2.71243 -0.143955 -0.989547 0.00863034
-30.4272 102.161 2.71011 -0.12296 -0.992391 0.00640941
-31.4376 102.273 2.70767 -0.101324 -0.994853 0.000397245
-32.4549 102.366 2.70556 -0.0785352 -0.996909 -0.00221804
-33.5859 102.45 2.70271 -0.0700711 -0.997541 -0.00108893
-34.6516 102.521 2.70062 -0.0651184 -0.997873 -0.00306167
-35.6933 102.578 2.69849 -0.0486607 -0.998807 -0.00417975
-36.7231 102.62 2.6968 -0.0338159 -0.999419 -0.00419711
-37.7498 102.65 2.69558 -0.0233974 -0.999724 0.00191897
-38.9404 102.673 2.69403 -0.0168703 -0.999855 -0.00221054
-39.9889 102.68 2.69325 0.0019748 -0.999996 -0.00213668
-40.9951 102.678 2.69272 0.00461205 -0.999983 -0.00355299
-42.0336 102.666 2.6923 0.0189546 -0.999818 -0.00236244
-42.0463 102.668 1.79497 0.0208526 -0.999773 -0.00430742
-41.0261 102.681 1.79522 0.00629221 -0.999976 -0.00278164
-40.0058 102.681 1.7957 -0.00246034 -0.999996 -0.00118536
-38.8741 102.674 1.79617 -0.0142072 -0.999893 -0.00354485
-37.7455 102.65 1.797 -0.0237389 -0.999716 -0.00213157
-36.7135 102.621 1.79801 -0.0332958 -0.99944 -0.00324029
-35.6538 102.578 1.79917 -0.0477467 -0.998859 -0.000200445
-34.644 102.524 1.80056 -0.0601414 -0.998177 -0.00498326
-33.6265 102.456 1.80195 -0.0688441 -0.997605 -0.00674253
-32.6254 102.382 1.80326 -0.0817006 -0.996654 -0.00223193
-31.531 102.284 1.80512 -0.103172 -0.994661 -0.00225237
-30.3959 102.154 1.80679 -0.12971 -0.991539 0.00507944
-29.3241 102.003 1.80821 -0.14159 -0.989921 0.00293059
-28.3367 101.852 1.80959 -0.161028 -0.98693 0.00626208
-28.2794 101.841 0.905068 -0.185584 -0.982627 -0.00186485
-29.2942 102 0.904258 -0.142421 -0.989803 -0.00260115
-30.329 102.145 0.903576 -0.130179 -0.99148 -0.00467447
-31.3814 102.273 0.902727 -0.114789 -0.993387 0.00248464
-32.455 102.372 0.902097 -0.0827541 -0.996548 -0.00657685
-33.4766 102.452 0.90112 -0.0727889 -0.997347 -0.00117013
-34.5893 102.524 0.900602 -0.0589556 -0.998257 -0.00273043
-35.6116 102.578 0.899806 -0.044129 -0.999025 -0.00100843
-36.6176 102.62 0.899231 -0.0377844 -0.999283 -0.0025976
-37.6287 102.65 0.898666 -0.0271407 -0.999624 -0.0038178
-38.8035 102.674 0.898123 -0.0120576 -0.999918 -0.00439615
-40.0716 102.682 0.897761 -0.00551158 -0.999984 -0.00125495
-41.2015 102.682 0.897708 0.00958548 -0.999954 -0.000111016
-42.024 102.67 0.897647 0.0230183 -0.999735 -0.000195194
-42.0196 102.67 1.74586e-05 0.0183101 -0.999825 0.00382016
-40.9665 102.685 0.000133459 0.00640922 -0.999979 0.00114054
-39.9495 102.684 0.000228259 -0.00458154 -0.999983 -0.00369928
-38.7908 102.676 0.000239762 -0.0122459 -0.99992 -0.00303585
-37.715 102.654 4.4398e-05 -0.0255482 -0.999672 -0.0019308
-36.7011 102.623 0.000118723 -0.0326236 -0.999468 -0.000552389
-35.6889 102.582 9.10394e-06 -0.0454573 -0.998966 -0.000606091
-34.5811 102.524 3.79907e-05 -0.0604875 -0.998168 -0.000965132
-33.5708 102.46 8.89613e-05 -0.0655259 -0.997845 -0.00345881
-32.457 102.377 0.000156632 -0.0820412 -0.996604 -0.00712117
-31.4226 102.276 0.000226351 -0.107781 -0.994172 -0.002456
-30.3605 102.149 0.000277764 -0.131503 -0.991316 -0.000437272
-29.2832 101.998 0.000295541 -0.146402 -0.989223 -0.00201946
-28.3059 101.838 0.000254169 -0.176216 -0.984324 0.00735318
-28.2294 101.823 -0.904093 -0.18419 -0.982888 -0.00238925
-29.2306 101.991 -0.903557 -0.151776 -0.988395 -0.00627533
-30.2241 102.129 -0.903 -0.130071 -0.991505 -5.51947e-05
-31.2781 102.259 -0.902342 -0.117182 -0.993109 0.00175458
-32.3659 102.369 -0.901589 -0.0885962 -0.996068 0.000129296
-33.3951 102.449 -0.900926 -0.067675 -0.997707 -0.000589112
-34.5641 102.522 -0.900379 -0.0573886 -0.998342 0.00442318
-35.7085 102.581 -0.89962 -0.0472199 -0.998884 0.00100394
-36.7917 102.628 -0.898943 -0.035723 -0.999362 -0.000115178
-37.8703 102.658 -0.898436 -0.0260535 -0.999659 -0.00170772
-38.9645 102.68 -0.897929 -0.0141037 -0.9999 -0.00111703
-40.0185 102.686 -0.897489 -0.00245357 -0.999996 -0.00142666
-41.1848 102.68 -0.897412 0.0105201 -0.999945 -0.000470044
-42.019 102.669 -0.897354 0.0145789 -0.999894 0.000640625
-41.9861 102.67 -1.7949 0.0150278 -0.99988 -0.00363359
-40.9731 102.685 -1.79518 0.0131864 -0.999908 -0.00326071
-39.8298 102.69 -1.79562 -0.00374742 -0.999988 -0.00318659
-38.759 102.68 -1.79624 -0.0192273 -0.999815 0.000137148
-37.7019 102.655 -1.79711 -0.0299305 -0.999552 0.000760435
-36.5797 102.617 -1.79815 -0.0402939 -0.999186 0.00211812
-35.4663 102.569 -1.7994 -0.0499108 -0.998752 0.00207603
-34.3399 102.508 -1.80087 -0.0607646 -0.998152 0.000603191
-33.2307 102.435 -1.80221 -0.0698982 -0.997529 0.00703127
-32.1697 102.349 -1.80395 -0.0897565 -0.995946 0.00595806
-31.0268 102.23 -1.8053 -0.115051 -0.99336 -0.000270024
-30.0004 102.103 -1.80666 -0.132354 -0.991157 -0.00951541
-28.9345 101.947 -1.80792 -0.166724 -0.986 0.00280716
-28.3879 101.852 -1.80839 -0.179612 -0.983735 0.00242673
-28.3106 101.841 -2.71327 -0.178216 -0.983964 -0.00741395
-29.3391 102.012 -2.71167 -0.156608 -0.987661 9.03647e-05
-30.3733 102.157 -2.70953 -0.121207 -0.992614 -0.00519882
-31.4175 102.274 -2.70735 -0.105069 -0.994463 0.00170168
-32.4545 102.369 -2.70499 -0.0828133 -0.996565 -0.000486708
-33.4747 102.447 -2.70288 -0.0740562 -0.997253 -0.00167497
-34.6349 102.523 -2.70024 -0.0557191 -0.998431 0.00561111
-35.7195 102.578 -2.69835 -0.0475264 -0.998867 0.00223873
-36.7889 102.625 -2.69664 -0.0357697 -0.999358 -0.002213
-37.874 102.661 -2.69532 -0.026596 -0.999637 -0.00436428
-38.9416 102.685 -2.69414 -0.0165002 -0.999864 0.000341722
-39.9907 102.693 -2.69327 -5.07913e-05 -0.999998 0.00176075
-41.1737 102.685 -2.69253 0.0163941 -0.999863 -0.00240679
-41.8825 102.674 -2.69223 0.0174491 -0.999847 -0.000814055
-41.8566 102.675 -3.58956 0.0179323 -0.999834 -0.00314916
-40.7772 102.691 -3.59028 0.0104555 -0.999942 -0.00245389
-39.7599 102.694 -3.59119 -0.00707807 -0.999971 0.00266918
-38.7582 102.68 -3.5923 -0.01836 -0.999824 0.00392641
-37.7574 102.66 -3.59356 -0.0282792 -0.9996 -2.03883e-05
-36.6972 102.624 -3.5954 -0.0458884 -0.998944 -0.00210893
-35.6866 102.575 -3.59766 -0.0498243 -0.998757 0.00157451
-34.6466 102.521 -3.60015 -0.0531051 -0.998582 0.0038262
-33.5872 102.455 -3.60321 -0.0686517 -0.997639 0.00185732
-32.4869 102.372 -3.6064 -0.0868435 -0.99622 -0.00205918
-31.4168 102.273 -3.61004 -0.0992087 -0.995065 0.0015239
-30.2186 102.138 -3.61342 -0.129759 -0.991536 -0.0043352
-29.1311 101.984 -3.6168 -0.145822 -0.98931 -0.00120331
-28.2399 101.836 -3.61911 -0.185801 -0.982585 -0.00209412
-28.222 101.83 -4.52561 -0.181176 -0.983449 -0.00177736
-29.3731 102.019 -4.52094 -0.147255 -0.989099 0.000149175
-30.4655 102.171 -4.51629 -0.12066 -0.992692 0.00218825
-31.4653 102.276 -4.51229 -0.0971926 -0.995265 -0.00121995
-32.548 102.376 -4.50794 -0.0815541 -0.996668 0.000975288
-33.5848 102.452 -4.50343 -0.0674875 -0.997696 0.00696063
-34.5974 102.516 -4.49981 -0.0605679 -0.998156 0.00404422
-35.6651 102.573 -4.49666 -0.0508033 -0.998709 0.000532542
-36.844 102.629 -4.49358 -0.042137 -0.999111 0.00131772
-37.8564 102.661 -4.49139 -0.0249965 -0.999687 0.00083803
-38.9082 102.682 -4.4896 -0.0172437 -0.99985 -0.00152248
-39.9152 102.694 -4.48837 -0.00138753 -0.999997 0.00178585
-41.0485 102.69 -4.48728 0.00969358 -0.999947 -0.00333653
-41.9821 102.676 -4.48657 0.0181251 -0.999821 -0.00534217
-41.9289 102.68 -5.38344 0.0164581 -0.999859 -0.00345112
-40.8922 102.691 -5.38431 0.00388157 -0.999989 0.00252969
-39.8623 102.692 -5.38546 0.000179779 -0.999999 0.00128166
-38.8602 102.683 -5.38696 -0.0167879 -0.999855 -0.00276667
-37.8403 102.66 -5.38894 -0.0249039 -0.999686 0.00288256
-36.7698 102.625 -5.39185 -0.0382377 -0.999268 -0.00123407
-35.7457 102.577 -5.39498 -0.0507943 -0.998707 -0.00182848
-34.536 102.51 -5.39956 -0.0630939 -0.998008 0.000389065
-33.3156 102.432 -5.40482 -0.0645235 -0.997916 -0.000381016
-32.3011 102.354 -5.40998 -0.0888869 -0.996041 0.00134831
-31.2014 102.248 -5.41592 -0.103628 -0.994612 0.00274213
-30.1557 102.129 -5.4215 -0.125331 -0.992111 -0.00287587
-29.1074 101.978 -5.42785 -0.155815 -0.987786 0.000885146
-28.3776 101.858 -5.43182 -0.165053 -0.986271 0.00517099
-28.2851 101.843 -5.43234 -0.171716 -0.985146 0.00115431
