-9.87993 94.526 -5.39822 -0.342987 -0.939168 0.0179897
-9.85974 94.4837 -4.25051 -0.336831 -0.94114 -0.0283047
-9.84764 94.4558 -3.1469 -0.323884 -0.945977 -0.0150319
-9.85901 94.4396 -1.98812 -0.342249 -0.939602 0.00375736
-9.83415 94.4282 -0.92714 -0.329679 -0.943503 0.0290678
-9.8564 94.4526 0.107508 -0.312628 -0.949175 0.0347724
-9.87068 94.5094 1.20499 -0.344754 -0.937879 0.0369381
-9.81792 94.5029 2.21964 -0.331916 -0.942929 -0.0267636
-9.73189 94.4737 3.28517 -0.321602 -0.946267 0.033932
-9.66077 94.5003 4.37179 -0.331993 -0.940546 0.0714365
-9.67569 94.5437 5.39905 -0.362447 -0.931704 0.0231594
-9.11843 94.3609 6.06702 -0.283546 -0.958101 0.0157394
-8.04342 94.1581 6.07789 -0.0876265 -0.995658 0.0115168
-6.97442 94.1313 6.08886 -0.0142342 -0.999461 0.0217398
-5.84203 94.3206 6.08251 0.277583 -0.960697 0.00288134
-5.22093 94.5037 5.4771 0.342604 -0.939033 0.0282423
-5.21241 94.504 4.45274 0.362856 -0.931845 -0.00107629
-5.22039 94.4895 3.4296 0.394907 -0.918717 0.00265361
-5.22377 94.4829 2.38884 0.34534 -0.937943 0.000173387
-5.27655 94.4752 1.37008 0.332869 -0.942792 0.00680934
-5.21141 94.4746 0.372163 0.300912 -0.953311 0.0253792
-5.19125 94.4687 -0.845853 0.31802 -0.947658 0.0280485
-5.16966 94.4878 -1.93037 0.388912 -0.920752 -0.0110325
-5.18839 94.5261 -2.97281 0.374447 -0.926685 -0.0299368
-5.24053 94.5301 -4.11321 0.359836 -0.933005 0.00444687
-5.31381 94.4899 -5.13753 0.332858 -0.94266 0.0218413
-5.54729 94.402 -6.05294 0.297419 -0.954452 -0.0183689
-6.62862 94.1685 -6.09065 0.105264 -0.993913 -0.0324914
-7.71679 94.1139 -6.09025 0.00578994 -0.998863 -0.0473283
-8.83291 94.2102 -6.03576 -0.153795 -0.987247 -0.0373349
-9.86351 94.5118 -5.80518 -0.341732 -0.939158 0.0328243
-9.87736 94.5219 -5.56285 -0.342988 -0.939168 0.0179724
-10.7974 94.8772 -5.57857 -0.383327 -0.923533 -0.0110963
-10.7672 94.8564 -4.53807 -0.394674 -0.918797 -0.0066702
-10.7187 94.825 -3.42549 -0.443204 -0.896407 -4.48327e-05
-10.7497 94.8366 -2.2775 -0.469896 -0.882697 0.0066205
-10.6961 94.8228 -1.19344 -0.461581 -0.886919 0.0142655
-10.7188 94.8404 -0.151365 -0.436754 -0.899391 0.00202551
-10.7419 94.8583 0.907465 -0.416967 -0.908035 0.0362904
-10.719 94.8728 2.00095 -0.416611 -0.908836 0.0134279
-10.6336 94.855 3.11051 -0.464678 -0.88516 0.0237748
-10.5543 94.8553 4.11382 -0.416748 -0.907511 0.0523928
-10.5808 94.8982 5.27263 -0.389154 -0.921043 0.0154518
-10.5502 94.8975 6.28994 -0.38836 -0.92147 -0.00553568
-10.1464 94.7253 7.03849 -0.379009 -0.925374 -0.0059478
-9.15051 94.395 7.03455 -0.275857 -0.960296 0.0416579
-8.1245 94.1864 7.02839 -0.107655 -0.994133 0.0104787
-7.12422 94.1423 7.04606 0.0416589 -0.998639 0.031393
-6.06874 94.2739 7.03841 0.189584 -0.981097 0.0356823
-5.08319 94.6065 7.04291 0.393286 -0.915537 0.0843682
-4.39557 94.8829 6.50278 0.434969 -0.899629 0.0383367
-4.31905 94.8845 5.30919 0.452993 -0.891504 -0.00416262
-4.32317 94.8848 4.24371 0.419909 -0.907472 -0.0129628
-4.33829 94.8818 3.19721 0.426677 -0.904272 0.0154297
-4.36353 94.8671 2.05564 0.417156 -0.908543 0.00319154
-4.34918 94.8644 0.894776 0.439637 -0.89815 0.0066953
-4.31595 94.8727 -0.220447 0.451149 -0.892339 -0.0139934
-4.31552 94.8864 -1.26677 0.444369 -0.895779 -0.0107669
-4.31338 94.8922 -2.27167 0.441229 -0.897367 -0.00394305
-4.31876 94.91 -3.33766 0.402289 -0.915507 -0.003201
-4.35995 94.8885 -4.35105 0.415762 -0.909319 0.0167693
-4.41592 94.8577 -5.37789 0.464869 -0.885369 0.00421504
-4.40625 94.8711 -6.51356 0.433847 -0.900453 -0.0280261
-5.05515 94.581 -7.02915 0.41112 -0.911455 -0.015144
-6.03767 94.2944 -7.04586 0.212955 -0.976569 -0.0310431
-7.05998 94.1499 -7.03748 0.0577218 -0.997518 -0.0173946
-8.12772 94.1554 -7.04614 -0.0362024 -0.999342 -0.00224521
-9.20531 94.3021 -7.01893 -0.240064 -0.970743 -0.00512388
-10.1961 94.6112 -7.03986 -0.381103 -0.92447 0.0107
-10.7686 94.8554 -6.41907 -0.40899 -0.912423 0.0144995
-10.7903 94.8766 -5.73451 -0.379396 -0.924899 0.00939062
-9.31016 94.3395 -5.43161 -0.271823 -0.962342 0.00323258
-8.26617 94.1298 -5.42668 -0.10688 -0.994074 -0.0198201
-7.23472 94.0941 -5.42484 0.039459 -0.99901 -0.0205514
-6.16759 94.2376 -5.43148 0.234378 -0.972144 -0.0016805
-5.90534 94.3014 -5.43392 0.275364 -0.961029 0.0244567
-5.83346 94.3167 -4.52878 0.329693 -0.943926 0.0175282
-6.88132 94.1022 -4.52832 0.0638115 -0.997341 -0.0351861
-7.96986 94.0787 -4.52667 -0.0539071 -0.997927 -0.0351534
-9.05063 94.2485 -4.53031 -0.239543 -0.969762 -0.0466908
-9.24679 94.3001 -4.53119 -0.276938 -0.960042 -0.040322
-9.37211 94.3103 -3.62924 -0.282331 -0.959266 -0.00993747
-8.29476 94.0829 -3.63059 -0.148749 -0.988868 0.00372716
-7.27219 94.0483 -3.63001 0.0603986 -0.998149 -0.00711741
-6.13523 94.2163 -3.62472 0.235261 -0.971226 -0.0370568
-5.70891 94.3477 -3.62326 0.348262 -0.937379 -0.00588191
-5.63945 94.3441 -2.71839 0.336542 -0.939786 -0.0595176
-6.71308 94.0784 -2.71636 0.14086 -0.990024 -0.00341834
-7.86441 94.0228 -2.71984 -0.0748068 -0.996996 -0.0200616
-9.00471 94.2 -2.7209 -0.2211 -0.975097 -0.0173408
-9.32381 94.2839 -2.72145 -0.271146 -0.962473 -0.0112286
-9.32168 94.2618 -1.81113 -0.252168 -0.967668 0.00538622
-8.18964 94.0486 -1.81007 -0.0925218 -0.995707 0.00262037
-7.14398 94.0391 -1.81137 0.0828323 -0.995856 -0.0375563
-6.07021 94.2101 -1.81082 0.221855 -0.975047 -0.00795148
-5.64492 94.3155 -1.80959 0.270872 -0.962451 -0.0177706
-5.81008 94.2695 -0.898429 0.281668 -0.959022 0.0306676
-6.80083 94.0816 -0.899986 0.105976 -0.994358 -0.00461847
-7.8243 94.044 -0.90002 -0.0709215 -0.997477 0.00319339
-8.83888 94.1658 -0.898248 -0.16386 -0.986385 0.0139874
-9.29629 94.2609 -0.899506 -0.256892 -0.965168 0.0495769
-9.34234 94.293 0.00403635 -0.233966 -0.971698 0.0326015
-8.3249 94.0889 0.00694304 -0.100877 -0.99473 -0.0183432
-7.27334 94.046 0.00650467 0.0152313 -0.999794 -0.0134182
-6.17298 94.2013 0.0085403 0.186737 -0.982096 0.0248237
-5.76005 94.2983 0.00750244 0.272944 -0.96046 0.0549326
-5.7449 94.3244 0.909428 0.283097 -0.958959 0.0159312
-6.75179 94.1044 0.909022 0.161398 -0.986851 -0.00875495
-7.84189 94.044 0.909767 -0.0443513 -0.998488 0.0324829
-8.97586 94.2195 0.90912 -0.231042 -0.972437 0.0314027
-9.30741 94.3123 0.908414 -0.271482 -0.962249 0.0193277
-9.28643 94.3056 1.81002 -0.313792 -0.948841 0.0351383
-8.13524 94.0843 1.81358 -0.137451 -0.990095 0.0286314
-7.01685 94.0561 1.81324 0.0827521 -0.995534 0.0454261
-6.02762 94.2466 1.81335 0.229852 -0.973217 -0.00399865
-5.79174 94.3044 1.81312 0.280999 -0.959655 -0.0100376
-5.72728 94.32 2.71595 0.301431 -0.953445 0.00911297
-6.94583 94.07 2.72033 0.070259 -0.996986 -0.0328996
-7.98415 94.0864 2.71764 -0.118803 -0.99265 -0.0230796
-8.98331 94.2503 2.71372 -0.202122 -0.978711 -0.0356541
-9.24175 94.3061 2.71307 -0.284208 -0.958715 0.00955124
-9.15507 94.3033 3.61923 -0.265217 -0.963737 0.0295001
-8.06396 94.1082 3.62047 -0.114822 -0.993378 0.00410753
-7.01026 94.0845 3.61864 0.0720127 -0.997147 0.0226416
-6.01998 94.2414 3.61906 0.197322 -0.980329 -0.00432088
-5.69515 94.3279 3.61936 0.274365 -0.96151 0.0148745
-5.73614 94.3114 4.52187 0.265428 -0.963657 0.030217
-6.80676 94.1076 4.51818 0.0335959 -0.999435 0.000533697
-7.97305 94.132 4.51913 -0.0898689 -0.995634 0.0252353
-9.12882 94.3367 4.52042 -0.239026 -0.970494 0.031733
-9.02312 94.3314 5.41944 -0.259779 -0.964842 0.0399342
-7.93956 94.151 5.41666 -0.0632786 -0.997977 0.00617267
-6.85996 94.118 5.4222 0.0384454 -0.999088 -0.0185566
-5.90592 94.279 5.4258 0.278167 -0.959993 0.0322031
-5.74824 94.3264 5.42623 0.28727 -0.957608 0.0214928
