-25.6246 17.0129 4.63851 0.460984 -0.887408 0.000597496
-25.5963 17.0302 5.76694 0.461804 -0.886977 0.00294823
-24.8266 17.4308 6.06191 0.459934 -0.88795 0.00188906
-23.8988 17.9093 6.13659 0.45742 -0.88925 0.000547997
-22.8813 18.4256 6.10513 0.445661 -0.895192 -0.00328162
-21.9242 18.8965 6.09263 0.43557 -0.900155 -0.00045497
-20.9891 19.3397 6.11413 0.423837 -0.905738 0.000144416
-19.9664 19.7945 6.11602 0.398196 -0.917295 -0.00305787
-19.0073 20.2076 6.11798 0.390687 -0.920523 0.00145463
-17.9209 20.6444 6.07562 0.365072 -0.930953 -0.00673439
-16.9747 21.0042 6.12432 0.350121 -0.936697 -0.00360458
-15.9844 21.3394 6.09862 0.28948 -0.957158 0.00704959
-15.0156 21.6158 6.1208 0.265242 -0.964177 -0.00317097
-13.9332 21.9032 6.11112 0.247191 -0.968907 -0.01077
-12.9344 22.1221 6.10232 0.181893 -0.983317 -0.001385
-11.9318 22.283 6.09645 0.138499 -0.99032 -0.00913736
-10.8515 22.4169 6.0872 0.102875 -0.994654 -0.00831554
-9.82147 22.5164 6.08185 0.0869303 -0.996099 -0.0151703
-8.70602 22.5943 6.07534 0.0469736 -0.99887 -0.00706549
-7.5492 22.6293 6.11649 0.0113385 -0.999936 -0.000345147
-6.49459 22.6262 6.12096 -0.0167141 -0.999843 -0.00514963
-5.46958 22.5994 6.11682 -0.045447 -0.998903 -0.000830408
-4.46022 22.5383 6.1174 -0.0701239 -0.99749 0.00984195
-3.32208 22.4314 6.09815 -0.130139 -0.991462 0.00605722
-2.13525 22.2486 6.0835 -0.168485 -0.9857 0.00274757
-1.10481 22.0535 6.10098 -0.204642 -0.978821 0.00565341
-0.11397 21.8176 6.06888 -0.245828 -0.969308 0.00176714
0.945128 21.5315 6.07198 -0.283269 -0.95903 -0.00439102
2.06135 21.1808 6.10956 -0.312367 -0.949961 0.000628738
3.12192 20.8147 6.11418 -0.335802 -0.941932 -0.00124664
4.1719 20.4011 6.10285 -0.386022 -0.922462 0.00715733
5.1948 19.9619 6.11408 -0.405093 -0.914274 -0.000832636
6.1213 19.5436 6.1254 -0.417555 -0.908652 0.000478899
7.037 19.1157 6.15081 -0.428948 -0.903326 -0.00216882
7.98177 18.6609 6.10298 -0.440231 -0.897881 -0.000346283
8.87916 18.2122 6.11783 -0.452274 -0.891875 0.000450205
9.86572 17.7032 6.10548 -0.462956 -0.886375 0.00320412
10.7685 17.2242 6.05773 -0.469087 -0.883132 0.00569431
11.0092 17.0916 5.05467 -0.467262 -0.884112 0.00344219
11.0257 17.0808 4.00158 -0.46964 -0.882855 -0.00238374
11.0106 17.0901 2.97583 -0.467573 -0.883951 -0.000980406
11.0335 17.0778 1.95731 -0.469899 -0.88272 -9.2521e-05
11.0409 17.0723 0.945664 -0.469841 -0.88275 0.00139556
11.0197 17.081 -0.182942 -0.471591 -0.881813 0.00263262
11.0123 17.085 -1.21275 -0.471685 -0.881759 -0.00360366
11.0347 17.0767 -2.3142 -0.472153 -0.881515 0.00145568
11.0008 17.0931 -3.43689 -0.469721 -0.882814 -0.000764392
11.0311 17.0794 -4.54157 -0.4697 -0.882825 -0.00135676
11.0307 17.0834 -5.62665 -0.469519 -0.882922 -0.000918878
10.4242 17.4067 -6.10005 -0.466631 -0.884446 -0.000800385
9.47852 17.8968 -6.12714 -0.453816 -0.891094 -0.00171008
8.54104 18.3688 -6.11439 -0.444249 -0.895903 0.000389393
7.4453 18.9072 -6.10785 -0.439687 -0.898151 -0.000862713
6.35361 19.4218 -6.07696 -0.419853 -0.907589 0.00209613
5.41882 19.8498 -6.08688 -0.407593 -0.913161 0.000471782
4.45584 20.2654 -6.11477 -0.38801 -0.921635 0.0035973
3.52836 20.6453 -6.12633 -0.36521 -0.930861 0.00160896
2.48581 21.0338 -6.09289 -0.328402 -0.944536 0.00196223
1.47147 21.3697 -6.12274 -0.298962 -0.954253 -0.00472183
0.491149 21.6516 -6.11221 -0.26246 -0.964922 -0.00638091
-0.485109 21.9005 -6.12938 -0.232714 -0.97248 -0.00867319
-1.49119 22.1098 -6.11927 -0.172517 -0.984944 0.0108409
-2.52816 22.2784 -6.0656 -0.148298 -0.988936 0.00353769
-3.64815 22.4246 -6.0937 -0.111325 -0.993733 0.0100361
-4.76524 22.5239 -6.11594 -0.0748068 -0.997197 0.00128249
-5.8482 22.5872 -6.09872 -0.0401605 -0.999193 4.45418e-06
-6.8973 22.6227 -6.08548 -0.0260136 -0.999652 0.00239225
-7.9287 22.6316 -6.07745 0.00792787 -0.999967 -0.00147711
-8.99549 22.6101 -6.10384 0.0383099 -0.999245 -0.00345785
-10.0042 22.5517 -6.11173 0.094634 -0.995358 0.0175409
-11.0207 22.4374 -6.09836 0.135382 -0.990774 -0.00617587
-12.0691 22.2866 -6.08047 0.154885 -0.987933 -7.65843e-05
-13.0631 22.1059 -6.11604 0.195762 -0.980649 -0.00218231
-14.0717 21.8922 -6.11337 0.228068 -0.97364 0.00310561
-15.0928 21.6337 -6.10998 0.255843 -0.966646 0.0118071
-16.079 21.3402 -6.11437 0.316045 -0.948707 0.00842646
-17.0929 20.9883 -6.12305 0.343131 -0.939285 0.00211521
-18.0436 20.6251 -6.11471 0.376794 -0.926293 0.00278322
-19.0249 20.2223 -6.12344 0.385345 -0.922765 -0.00113743
-19.9599 19.8241 -6.10948 0.400968 -0.916072 0.000162703
-21.0087 19.352 -6.08883 0.416875 -0.908929 -0.00788475
-21.9587 18.9087 -6.0899 0.430345 -0.902652 -0.00255827
-22.8956 18.4471 -6.13079 0.450142 -0.892929 -0.00699081
-23.7943 17.9894 -6.11078 0.458579 -0.888653 0.000829917
-24.7379 17.4937 -6.1194 0.470761 -0.882254 -0.00249907
-25.5493 17.0516 -5.79048 0.478591 -0.878031 -0.00339061
-25.5834 17.0309 -4.67622 0.477867 -0.878431 0.00124302
-25.5902 17.0307 -3.51682 0.473965 -0.88054 0.00265277
-25.5933 17.0293 -2.48746 0.469701 -0.882824 -0.00154395
-25.6053 17.022 -1.4855 0.468357 -0.883539 1.61898e-05
-25.6101 17.0215 -0.39 0.467134 -0.884181 0.00308069
-25.6182 17.0185 0.615547 0.46677 -0.884379 0.000256257
-25.6024 17.0271 1.69822 0.464074 -0.885793 0.00205031
-25.6089 17.0254 2.73165 0.46029 -0.887766 -0.000514487
-25.5983 17.0277 3.83784 0.457662 -0.889122 -0.00236774
-25.6228 17.0136 4.4126 0.459944 -0.887945 -0.00116947
-26.4643 16.5792 4.38363 0.459285 -0.888284 -0.00308922
-26.4296 16.6002 3.32622 0.460001 -0.887916 -0.00140606
-26.4526 16.5853 2.22658 0.461646 -0.887056 0.00366887
-26.4423 16.5872 1.12915 0.459202 -0.888331 0.00135716
-26.4611 16.5754 0.118987 0.463179 -0.886257 0.0036999
-26.4377 16.5835 -0.982454 0.464819 -0.885396 0.00402856
-26.4319 16.5837 -2.10096 0.465818 -0.884879 0.00192713
-26.4191 16.5882 -3.18295 0.472358 -0.881401 0.00325529
-26.4164 16.5827 -4.26631 0.470239 -0.882521 0.00525949
-26.4145 16.5824 -5.30367 0.472368 -0.881397 -0.00224146
-26.3996 16.5926 -6.36774 0.474692 -0.88015 0.00182673
-25.9555 16.8332 -7.05444 0.479717 -0.877423 0.000981471
-24.9983 17.3555 -7.06597 0.478262 -0.878202 -0.0048552
-23.9761 17.8958 -7.05386 0.462369 -0.886687 0.000507618
-23.0097 18.3928 -7.07374 0.450689 -0.89268 -0.00144366
-21.9957 18.8942 -7.04558 0.434256 -0.90078 -0.000928483
-20.9922 19.3657 -7.03635 0.413956 -0.910297 -9.50819e-06
-19.9722 19.8187 -7.04418 0.401415 -0.915896 0.000390681
-18.9612 20.2527 -7.05151 0.383489 -0.923535 -0.00433403
-18.0068 20.6395 -7.05624 0.363651 -0.931494 -0.00681119
-16.9112 21.0503 -7.05667 0.337776 -0.941206 0.00504409
-15.9205 21.3904 -7.04233 0.301802 -0.953261 0.00297709
-14.9468 21.6678 -7.0518 0.257225 -0.966342 0.00422924
-13.8376 21.9452 -7.04795 0.221486 -0.975163 0.00133374
-12.7206 22.179 -7.04214 0.182245 -0.983246 -0.00382399
-11.5862 22.3621 -7.02639 0.138489 -0.990364 0.000561821
-10.5108 22.4956 -7.05014 0.101336 -0.994783 0.0117662
-9.41531 22.5863 -7.05499 0.060021 -0.998005 0.0196041
-8.31863 22.6256 -7.03446 0.0206652 -0.999742 0.00943566
-7.2517 22.6279 -7.02961 -0.00580474 -0.999958 0.00704687
-6.13153 22.5981 -7.05664 -0.0360812 -0.999317 0.00799938
-5.12071 22.5498 -7.04469 -0.0559908 -0.99841 0.0064503
-4.03408 22.4616 -7.05468 -0.104408 -0.994533 -0.00148814
-2.88749 22.3283 -7.01529 -0.127231 -0.991808 0.0113411
-1.8896 22.1739 -7.04647 -0.17206 -0.985069 0.0058706
-0.881219 21.9829 -7.05398 -0.208693 -0.977924 0.0105965
0.2005 21.7295 -7.06921 -0.261024 -0.965325 0.00364382
1.21041 21.4472 -7.07528 -0.288799 -0.957374 0.00546272
2.18127 21.136 -7.05726 -0.324909 -0.945728 0.00566847
3.28776 20.7365 -7.0494 -0.35604 -0.934364 0.00529782
4.30898 20.3249 -7.07171 -0.386224 -0.922398 0.00311293
5.28122 19.9084 -7.03389 -0.402387 -0.915469 0.000354852
6.20666 19.488 -7.0504 -0.418945 -0.908003 0.00389403
7.12914 19.0569 -7.05286 -0.428278 -0.903644 0.00236501
8.05648 18.6095 -7.06701 -0.443419 -0.896312 -0.0021051
8.95906 18.1605 -7.04756 -0.448732 -0.893664 0.00219717
9.94064 17.6627 -7.05844 -0.455888 -0.890021 -0.00393756
11.0039 17.1023 -7.03764 -0.472613 -0.881261 -0.00367234
11.8651 16.6433 -6.76496 -0.46653 -0.884492 -0.00483086
11.8822 16.6317 -5.75293 -0.466212 -0.884672 -0.000977179
11.863 16.6388 -4.60153 -0.468619 -0.883398 -0.00172248
11.8474 16.6465 -3.4803 -0.464007 -0.885827 -0.00230014
11.8668 16.6319 -2.35182 -0.468604 -0.883386 -0.00629103
11.8764 16.6222 -1.33753 -0.471912 -0.881638 -0.00374443
11.8572 16.6336 -0.325893 -0.468643 -0.883379 0.00392154
11.8743 16.6289 0.707355 -0.468237 -0.883587 0.00536094
11.8712 16.6345 1.80031 -0.465536 -0.885026 0.00240114
11.8699 16.6385 2.9104 -0.463563 -0.886061 0.00245469
11.8608 16.6424 4.02489 -0.462167 -0.886776 -0.00372722
11.8433 16.6501 5.12357 -0.468088 -0.88368 0.000399813
11.8594 16.6435 6.17202 -0.470988 -0.882138 0.000216854
11.6221 16.7696 7.03296 -0.474025 -0.880505 -0.00343383
10.7332 17.2486 7.03084 -0.474344 -0.880323 0.0054872
9.83308 17.7243 7.05762 -0.461221 -0.887284 0.00134556
8.88696 18.2059 7.06088 -0.449468 -0.893292 -0.00245566
7.9207 18.6872 7.05868 -0.441282 -0.897365 -0.00252206
6.86837 19.1942 7.07604 -0.427438 -0.904034 -0.00436961
5.86439 19.6597 7.04911 -0.413234 -0.910625 -0.000371259
4.92593 20.077 7.05026 -0.40109 -0.91602 -0.00594117
3.97716 20.4817 7.04424 -0.381423 -0.9244 0.000470796
2.87829 20.8973 7.06942 -0.336175 -0.941774 -0.00695252
1.89353 21.2383 7.04051 -0.312457 -0.949924 -0.000126916
0.830923 21.5661 7.02264 -0.271267 -0.962502 -0.000194825
-0.204639 21.8454 7.03018 -0.247798 -0.968803 0.00407922
-1.29118 22.0923 7.05014 -0.193285 -0.981114 -0.00752658
-2.29371 22.2809 7.03169 -0.170368 -0.985312 0.00208947
-3.34994 22.4328 7.04637 -0.118052 -0.992895 -0.0124101
-4.4619 22.5426 7.06703 -0.0712415 -0.997369 0.0131455
-5.63199 22.6051 7.05416 -0.0369264 -0.999295 -0.00287503
-6.65371 22.6267 7.05959 -0.0101094 -0.999937 -0.00362577
-7.73392 22.6222 7.05733 0.0157823 -0.99987 -0.00319043
-8.85441 22.5787 7.03619 0.0632438 -0.997926 -0.0116354
-9.86781 22.5047 7.02915 0.0846664 -0.996349 -0.00950094
-11.0575 22.3891 7.02516 0.115477 -0.993309 0.00131653
-12.0647 22.2588 7.04171 0.149959 -0.988683 -0.00434124
-13.1086 22.0781 7.03959 0.199116 -0.979714 -0.0226722
-14.1623 21.8352 7.04842 0.247686 -0.968765 -0.0121047
-15.174 21.5698 7.06083 0.264884 -0.964256 -0.00676406
-16.1727 21.2699 7.04301 0.314841 -0.948976 -0.0154581
-17.2399 20.8969 7.05771 0.353943 -0.935186 -0.0122806
-18.2827 20.495 7.05037 0.36544 -0.930785 -0.00964194
-19.3628 20.0554 7.03615 0.394241 -0.919003 0.00151235
-20.3106 19.6423 7.06337 0.400753 -0.916186 -0.000622983
-21.3225 19.1838 7.03346 0.427994 -0.903729 0.0097172
-22.3003 18.7096 7.05817 0.440508 -0.897733 -0.00470275
-23.2474 18.2383 7.07007 0.452028 -0.891995 -0.00391882
-24.14 17.7853 7.08362 0.453591 -0.891209 -0.000544834
-25.07 17.3059 7.04078 0.462774 -0.886474 0.00133052
-26.0054 16.8136 7.05195 0.467644 -0.883893 -0.00645291
-26.4701 16.5733 6.41524 0.463038 -0.886325 -0.00367533
-26.4491 16.5849 5.40244 0.461704 -0.887034 -0.000659857
-26.4665 16.5775 4.55013 0.459286 -0.888283 -0.00309101
-25.1766 17.2456 4.85122 0.460046 -0.887891 0.00287591
-24.2411 17.7305 4.84126 0.458602 -0.888639 0.00210125
-23.1243 18.3007 4.82632 0.450352 -0.89285 0.000871016
-22.2009 18.7623 4.80936 0.441056 -0.897478 -0.00192129
-21.2356 19.2246 4.78769 0.427388 -0.904067 -0.00159343
-20.2937 19.6548 4.76505 0.408354 -0.912796 -0.00708716
-19.3235 20.078 4.73836 0.392183 -0.919884 -0.0025401
-18.3872 20.4671 4.7115 0.374763 -0.927121 6.19273e-05
-17.3151 20.8793 4.68364 0.34671 -0.937947 -0.00684209
-16.3496 21.2241 4.65659 0.326434 -0.945218 0.00167838
-15.3885 21.5151 4.63309 0.27309 -0.961937 -0.00999266
-14.3401 21.803 4.60453 0.25473 -0.966971 -0.00892915
-13.1465 22.081 4.57633 0.194423 -0.980867 0.00993193
-11.9912 22.285 4.55355 0.15234 -0.988306 -0.00666747
-10.9628 22.4183 4.53525 0.123006 -0.992393 -0.00501908
-9.89036 22.5361 4.52295 0.0853692 -0.996155 -0.0196685
-8.81064 22.6043 4.51359 0.0516225 -0.998589 -0.0124363
-7.73824 22.6401 4.50964 0.00766527 -0.999962 -0.00412516
-6.69852 22.6408 4.509 -0.0104563 -0.999898 -0.00969112
-5.68646 22.6158 4.51239 -0.0369129 -0.999255 -0.0112241
-4.62371 22.5597 4.52151 -0.0681831 -0.997614 -0.0107959
-3.56368 22.4658 4.53311 -0.110847 -0.99383 0.00380003
-2.55493 22.3232 4.55051 -0.16298 -0.986617 0.00498944
-1.50925 22.1294 4.57201 -0.190424 -0.981695 -0.00364751
-0.373825 21.8871 4.599 -0.226562 -0.973925 -0.011838
0.654923 21.6237 4.62894 -0.269964 -0.962865 -0.00324155
1.61269 21.3325 4.65197 -0.303378 -0.952786 -0.0127137
2.61538 20.996 4.68157 -0.32112 -0.947037 0.00141787
3.5914 20.632 4.71376 -0.377426 -0.92604 6.14176e-05
4.58762 20.222 4.74526 -0.385831 -0.922567 0.0020872
5.54092 19.8092 4.77373 -0.406517 -0.913641 -0.00228559
6.56412 19.3422 4.80238 -0.422766 -0.906238 -0.00133626
7.52215 18.8873 4.82506 -0.433081 -0.901349 -0.00319312
8.46362 18.4246 4.84512 -0.45121 -0.892418 -0.000312654
9.36718 17.9616 4.86203 -0.460911 -0.887446 -0.000917159
10.3656 17.4328 4.87567 -0.470364 -0.882471 0.00171307
10.3758 17.4273 4.87578 -0.47006 -0.882633 0.00146415
10.3973 17.4161 3.89701 -0.47091 -0.882178 -0.00244448
9.39168 17.9473 3.88666 -0.462579 -0.886573 0.00286348
8.37912 18.467 3.87159 -0.450129 -0.892964 -6.81891e-05
7.42777 18.9352 3.85646 -0.432029 -0.90186 -0.000105497
6.40791 19.4163 3.83529 -0.420686 -0.907205 0.00156882
5.48631 19.8365 3.81482 -0.406291 -0.913713 0.00754167
4.52482 20.2469 3.7942 -0.386648 -0.922225 0.00223427
3.58257 20.6321 3.77041 -0.372362 -0.928079 0.00398536
2.44726 21.0592 3.74257 -0.329245 -0.944244 0.000404629
1.47101 21.3849 3.72085 -0.302164 -0.953243 -0.00502921
0.499949 21.671 3.70028 -0.264548 -0.964354 -0.00597618
-0.483599 21.9213 3.68011 -0.208919 -0.977804 -0.0158953
-1.46276 22.1286 3.66105 -0.199513 -0.979684 -0.0203341
-2.60564 22.3343 3.64414 -0.149901 -0.988679 -0.00652532
-3.70403 22.4831 3.62922 -0.122521 -0.992432 0.00825275
-4.81452 22.5779 3.61915 -0.0636808 -0.997903 -0.0115853
-6.00061 22.6332 3.61206 -0.0343333 -0.999388 -0.00676043
-7.15981 22.6513 3.60965 -0.000530638 -0.999984 -0.00557415
-8.17953 22.64 3.61254 0.0337941 -0.999326 -0.0143653
-9.24541 22.5904 3.61873 0.0647149 -0.997798 -0.0145158
-10.3217 22.4985 3.6264 0.107567 -0.994139 -0.0108139
-11.4263 22.3638 3.63648 0.127673 -0.991811 -0.00323889
-12.4957 22.2068 3.6507 0.165411 -0.98621 0.00547919
-13.5861 21.9913 3.67221 0.203288 -0.979099 -0.00628683
-14.5627 21.7589 3.68944 0.244426 -0.96963 -0.00857894
-15.5282 21.4868 3.70938 0.290328 -0.956926 -0.00169975
-16.5166 21.1648 3.728 0.323889 -0.94607 -0.00681496
-17.4657 20.8296 3.74971 0.34152 -0.939874 -0.00118354
-18.4098 20.4591 3.76886 0.376408 -0.926453 -0.00123186
-19.4412 20.0295 3.79015 0.392825 -0.919613 0.000296445
-20.5085 19.5597 3.81176 0.411108 -0.911579 0.00365181
-21.5041 19.1002 3.82859 0.427688 -0.903924 -0.00232326
-22.4562 18.6394 3.84462 0.444593 -0.895726 -0.00351163
-23.4523 18.1359 3.85703 0.455846 -0.890056 -0.00215384
-24.4471 17.6228 3.86842 0.459272 -0.888294 -0.00162806
-25.1794 17.2434 3.8733 0.45784 -0.889033 -0.00129873
-25.121 17.2773 2.89946 0.459494 -0.888177 -0.00272825
-24.2295 17.7389 2.89347 0.459453 -0.88819 -0.00460972
-23.2628 18.2362 2.886 0.453575 -0.891216 -0.00192269
-22.3602 18.6899 2.8775 0.445093 -0.895484 -0.000734186
-21.3375 19.1807 2.8632 0.423727 -0.905784 -0.00328391
-20.4076 19.6035 2.85213 0.409162 -0.912459 -0.00212715
-19.4044 20.0475 2.83798 0.39831 -0.91725 -0.00146454
-18.3242 20.4986 2.82336 0.374207 -0.927332 -0.00497273
-17.3014 20.8937 2.80732 0.353068 -0.935598 0.000383994
-16.2708 21.2528 2.79164 0.315474 -0.94885 -0.0126682
-15.2448 21.5813 2.77818 0.283774 -0.958791 -0.0138329
-14.2379 21.854 2.76312 0.21478 -0.976562 -0.0140014
-13.1726 22.0805 2.7471 0.190967 -0.981558 -0.00873617
-12.0112 22.2864 2.7345 0.149768 -0.988718 0.00256788
-10.9944 22.4244 2.7255 0.122425 -0.992451 -0.00728761
-9.95057 22.5378 2.71838 0.0920777 -0.995747 -0.00307532
-8.92097 22.6119 2.71419 0.0567379 -0.998375 -0.00526614
-7.91587 22.649 2.71036 0.0170872 -0.999827 -0.00731498
-6.82746 22.6556 2.70946 -0.00806268 -0.99996 -0.00375461
-5.68073 22.6271 2.71133 -0.038376 -0.999244 -0.00620354
-4.6346 22.5724 2.71687 -0.0639755 -0.997945 0.00351865
-3.60049 22.4727 2.72433 -0.118105 -0.992992 -0.00427289
-2.60936 22.3384 2.73427 -0.154738 -0.987922 -0.00811916
-1.55386 22.157 2.74624 -0.189263 -0.981919 -0.00373898
-0.545107 21.9462 2.7595 -0.241015 -0.970484 -0.00848439
0.576046 21.6559 2.77776 -0.265742 -0.964022 -0.00646216
1.64428 21.3318 2.79425 -0.305063 -0.952264 0.0114111
2.77887 20.937 2.81319 -0.348533 -0.937291 0.00318159
3.88605 20.5054 2.83345 -0.373242 -0.92773 0.00268262
4.85241 20.1069 2.8503 -0.390457 -0.920564 0.0102645
5.82523 19.6798 2.86573 -0.410346 -0.911927 0.00246389
6.79073 19.2378 2.88212 -0.423753 -0.905769 0.00396954
7.76137 18.7732 2.89433 -0.437461 -0.899236 0.00168538
8.70395 18.301 2.90576 -0.456811 -0.889563 0.00116137
9.5989 17.8374 2.91431 -0.464032 -0.885811 0.00363807
10.3881 17.4217 2.92062 -0.470008 -0.882662 -0.000356238
10.5559 17.332 1.94855 -0.469432 -0.882967 0.00151201
9.66037 17.8052 1.94436 -0.462898 -0.886412 0.00030904
8.70606 18.2991 1.93776 -0.454098 -0.890949 -0.00227922
7.72857 18.7864 1.92881 -0.437562 -0.899159 0.00728762
6.75955 19.2499 1.92084 -0.42655 -0.904453 0.00445691
5.78828 19.6955 1.91054 -0.410958 -0.911654 -6.92989e-05
4.66972 20.1796 1.89779 -0.3828 -0.92383 0.00117539
3.58892 20.6198 1.88572 -0.372847 -0.927892 0.00120674
2.56078 21.0137 1.87259 -0.338103 -0.941072 0.00831952
1.51657 21.3712 1.862 -0.30906 -0.951038 0.00290202
0.481596 21.6856 1.8507 -0.277386 -0.960756 0.00235598
-0.526129 21.9481 1.8395 -0.224389 -0.974488 -0.00478065
-1.59021 22.1691 1.83071 -0.176491 -0.984282 -0.00633914
-2.66258 22.3468 1.8245 -0.143249 -0.989668 0.00610462
-3.69396 22.4762 1.81718 -0.113742 -0.993388 0.0155919
-4.78055 22.5849 1.81134 -0.0690387 -0.997611 -0.00242365
-5.86652 22.635 1.80922 -0.0322869 -0.999477 0.00152616
-7.04042 22.6591 1.8086 -0.0041137 -0.999978 0.00512431
-8.1973 22.6463 1.80775 0.0304864 -0.999533 -0.00207368
-9.29427 22.5919 1.81055 0.0715583 -0.997426 -0.00456965
-10.4093 22.4991 1.81735 0.100185 -0.994966 -0.00214692
-11.4093 22.3763 1.82147 0.129749 -0.991542 -0.00324514
-12.4057 22.2257 1.8273 0.165761 -0.986115 -0.0100111
-13.5221 22.0189 1.83503 0.197915 -0.980187 -0.00798675
-14.5774 21.7784 1.84408 0.2324 -0.972596 0.00694692
-15.6428 21.4728 1.85404 0.30079 -0.953533 -0.0173395
-16.5913 21.1546 1.86279 0.331532 -0.943269 -0.0181541
-17.6056 20.7801 1.87287 0.351516 -0.936179 -0.00240326
-18.6043 20.3895 1.88109 0.378718 -0.925512 -1.66709e-05
-19.5857 19.9747 1.88954 0.397459 -0.917592 -0.00708363
-20.5114 19.5642 1.898 0.409146 -0.912389 -0.012042
-21.5127 19.1044 1.9069 0.427205 -0.904142 -0.00476422
-22.4277 18.6607 1.91381 0.445964 -0.895038 -0.00485073
-23.3224 18.2094 1.91959 0.452827 -0.891595 -0.00236623
-24.2959 17.709 1.92384 0.459988 -0.887919 -0.00325269
-25.1678 17.255 1.92837 0.463781 -0.885949 -0.00124927
-25.1109 17.2852 0.958591 0.465056 -0.885277 -0.0027966
-24.0889 17.8175 0.953551 0.459883 -0.88798 0.00056521
-23.1661 18.2926 0.951666 0.455695 -0.890129 -0.00362896
-22.1371 18.8112 0.948396 0.43823 -0.898838 -0.00668177
-21.1778 19.271 0.944916 0.420593 -0.907234 -0.00528164
-20.1916 19.719 0.942099 0.409053 -0.912469 -0.00868151
-19.2302 20.1377 0.938461 0.39492 -0.918623 -0.0130391
-18.2169 20.5486 0.934743 0.361928 -0.932199 -0.003729
-17.1675 20.9523 0.9314 0.355543 -0.934586 -0.0117946
-16.1953 21.3034 0.927591 0.325382 -0.94558 -0.00206513
-15.1863 21.6124 0.923769 0.27318 -0.961953 0.00442635
-14.1333 21.8848 0.919681 0.232283 -0.972642 -0.00337774
-13.0548 22.1172 0.915519 0.186778 -0.982098 -0.0244306
-12.0246 22.2937 0.91256 0.158005 -0.987436 -0.00198825
-10.9729 22.4402 0.908056 0.120999 -0.992615 -0.00861543
-9.97477 22.5444 0.908705 0.0806328 -0.996742 -0.00212498
-8.85356 22.6175 0.90698 0.0393425 -0.999068 0.0177767
-7.83463 22.6485 0.904857 0.0209612 -0.99977 -0.00445668
-6.80134 22.654 0.905165 -0.0212131 -0.99976 0.00548549
-5.71124 22.6234 0.906275 -0.0348152 -0.99934 0.0103454
-4.64508 22.5633 0.907052 -0.0737101 -0.997127 0.0174355
-3.5484 22.455 0.909326 -0.109904 -0.993942 0.000599141
-2.4249 22.307 0.912374 -0.144867 -0.989429 0.00661712
-1.39266 22.1282 0.917364 -0.186477 -0.982438 0.00651467
-0.34772 21.9092 0.922105 -0.227459 -0.973765 0.00668453
0.66768 21.6332 0.926652 -0.288663 -0.957425 -0.00329695
1.6291 21.3313 0.932355 -0.314086 -0.949381 0.00509859
2.59058 21.0006 0.937458 -0.34189 -0.939735 0.00318512
3.6093 20.6134 0.943541 -0.374206 -0.927328 -0.00565599
4.58828 20.2134 0.94928 -0.386925 -0.922111 -0.000568407
5.51986 19.8146 0.954194 -0.403999 -0.914757 0.00212712
6.54193 19.3506 0.959663 -0.421687 -0.90674 0.00162777
7.45232 18.9171 0.964452 -0.435028 -0.900416 0.00122793
8.37704 18.4634 0.967633 -0.447017 -0.89452 0.00302018
9.30069 17.9928 0.970762 -0.463395 -0.886152 0.00078909
10.2575 17.4889 0.97354 -0.468623 -0.883398 0.000755643
10.6061 17.3037 0.974258 -0.469388 -0.882992 0.000814679
10.4781 17.3704 0.000447215 -0.468449 -0.88349 0.00117546
9.54493 17.8612 9.47665e-05 -0.459414 -0.888209 0.00490929
8.63054 18.3305 0.000894045 -0.449838 -0.893082 0.00714043
7.7205 18.7839 0.00124738 -0.442185 -0.89692 0.00247402
6.71288 19.2676 0.00122461 -0.427491 -0.904018 0.00132571
5.79849 19.6902 0.00189575 -0.416679 -0.909052 0.00179786
4.81353 20.1221 0.0026425 -0.388635 -0.921377 -0.00520922
3.72098 20.5717 0.00188772 -0.37124 -0.928536 -0.00086582
2.65895 20.9785 0.00143188 -0.338287 -0.941015 -0.00718516
1.58632 21.3442 0.00138498 -0.307976 -0.951393 -0.00155187
0.494339 21.6845 0.00130649 -0.277148 -0.960826 0.00156238
-0.651867 21.968 0.0011003 -0.207509 -0.978221 0.00494758
-1.69182 22.1748 -0.000530522 -0.190353 -0.981707 -0.00405906
-2.84825 22.3713 0.000131343 -0.137544 -0.990494 0.00159431
-4.00643 22.4978 -7.83128e-05 -0.0900379 -0.995906 0.00807582
-5.06743 22.5791 0.000760218 -0.0599452 -0.998116 0.0130483
-6.08701 22.627 -0.000297461 -0.0397586 -0.999154 0.0105263
-7.12847 22.6568 0.00225464 -0.00874439 -0.999945 0.00585183
-8.1421 22.6439 0.00202387 0.0264564 -0.999601 -0.00989233
-9.19994 22.6066 -0.000659558 0.0408345 -0.999149 -0.00573143
-10.3244 22.5245 -0.00115154 0.092367 -0.995595 -0.0160636
-11.4935 22.3782 -0.000339775 0.143468 -0.989652 -0.00235584
-12.5607 22.2127 -0.00176216 0.158163 -0.987375 -0.00866387
-13.6445 22.0001 -0.00182151 0.206317 -0.978459 -0.00711212
-14.8363 21.7062 -0.0041704 0.249023 -0.968481 -0.00571808
-15.8025 21.4326 -0.00452391 0.289782 -0.957093 0.000226004
-16.8255 21.0883 -0.00572358 0.342048 -0.939613 -0.0114511
-17.8294 20.7059 -0.00777701 0.373693 -0.927551 -0.0015155
-18.7641 20.3337 -0.00915913 0.371523 -0.928419 -0.002919
-19.7508 19.9249 -0.0103558 0.392867 -0.919556 -0.00847283
-20.7203 19.4871 -0.0124415 0.420563 -0.907253 -0.00434979
-21.6286 19.0605 -0.0130978 0.430623 -0.902531 -0.00146737
-22.6031 18.5808 -0.014087 0.448463 -0.893794 -0.00361247
-23.4993 18.1227 -0.0145051 0.458346 -0.888772 -0.00206344
-24.4 17.6585 -0.0131904 0.458991 -0.888437 -0.00269262
-25.006 17.3416 -0.0130489 0.467415 -0.884038 -0.000367666
-25.1441 17.267 -0.983943 0.469082 -0.883153 0.00134354
-24.0724 17.8295 -0.982413 0.460131 -0.887846 -0.00306687
-23.117 18.3199 -0.980068 0.454686 -0.890652 -0.000155943
-22.0763 18.839 -0.975462 0.441103 -0.897442 0.00511303
-21.1508 19.2852 -0.969825 0.425826 -0.904802 0.00234177
-20.1154 19.7615 -0.963415 0.407169 -0.91334 0.00488981
-19.0854 20.2037 -0.95695 0.377589 -0.925945 0.00727636
-18.0092 20.6303 -0.949213 0.364594 -0.931129 0.00833001
-17.0352 21.0091 -0.942214 0.357996 -0.933721 0.00208193
-15.8884 21.4066 -0.934503 0.297724 -0.954626 0.00699843
-14.795 21.7221 -0.927492 0.255047 -0.966928 -0.00131987
-13.7108 21.9925 -0.921118 0.219716 -0.975549 -0.00546381
-12.6392 22.2038 -0.915541 0.170758 -0.985309 0.0027467
-11.6306 22.3607 -0.911887 0.14602 -0.989281 -0.00057392
-10.5301 22.511 -0.908492 0.12212 -0.992415 -0.014127
-9.52028 22.598 -0.90677 0.0554425 -0.998458 -0.002683
-8.47822 22.6401 -0.905152 0.0337302 -0.999427 -0.00272434
-7.40728 22.6528 -0.903803 -0.00608813 -0.999974 0.00388281
-6.39498 22.6287 -0.90271 -0.0369397 -0.999276 0.00914622
-5.34018 22.5837 -0.904302 -0.0477583 -0.998774 0.0130562
-4.27923 22.5151 -0.905321 -0.0770194 -0.997026 -0.00284434
-3.10268 22.3962 -0.909879 -0.138095 -0.990408 0.00471615
-2.09391 22.2415 -0.913188 -0.165294 -0.98619 0.0103663
-1.08987 22.0598 -0.915741 -0.197066 -0.980389 0.00174533
-0.0334347 21.8262 -0.921407 -0.251148 -0.967947 -0.0019654
0.956806 21.5474 -0.925706 -0.298557 -0.954388 0.00249611
2.07335 21.1834 -0.932339 -0.317165 -0.948369 -0.0018137
3.02101 20.8488 -0.93741 -0.336491 -0.941687 0.000178807
3.97719 20.4755 -0.942019 -0.379011 -0.925391 -0.00153274
5.06643 20.0164 -0.94748 -0.398166 -0.917311 0.00193248
5.97928 19.606 -0.952609 -0.420461 -0.907306 0.00281627
6.97449 19.1402 -0.958082 -0.42959 -0.902973 0.00959645
7.88991 18.6942 -0.962433 -0.444922 -0.895554 0.00523743
8.84365 18.2142 -0.967846 -0.454313 -0.890832 0.00423216
9.81852 17.7135 -0.970653 -0.459676 -0.888083 0.00253603
10.4478 17.3848 -0.970776 -0.466766 -0.88438 0.00155873
10.5315 17.3431 -1.94409 -0.468243 -0.883597 -0.00215528
9.53306 17.862 -1.93776 -0.457769 -0.889061 -0.0042886
8.56665 18.3544 -1.93055 -0.448982 -0.893541 0.000314639
7.5811 18.8414 -1.92345 -0.440112 -0.897931 0.00449491
6.66729 19.2794 -1.91323 -0.42317 -0.906033 0.00562275
5.68993 19.7341 -1.90406 -0.418555 -0.908152 0.00848308
4.72728 20.158 -1.89527 -0.396294 -0.918123 0.00134811
3.66227 20.6048 -1.88324 -0.367581 -0.929977 0.00526119
2.56559 21.008 -1.87114 -0.329958 -0.943946 0.00963791
1.5579 21.3537 -1.86057 -0.314 -0.949415 0.00389334
0.414098 21.7044 -1.84696 -0.273886 -0.961762 2.92719e-05
-0.677159 21.9677 -1.83683 -0.208539 -0.977988 0.0070854
-1.72746 22.1717 -1.82788 -0.179891 -0.983659 0.00735133
-2.74655 22.3341 -1.82088 -0.153382 -0.988099 0.0115841
-3.78802 22.4702 -1.81425 -0.0963425 -0.995348 0.000144908
-4.83139 22.5499 -1.80999 -0.0580287 -0.998276 0.00876747
-6.00422 22.6066 -1.8074 -0.0382692 -0.999241 0.00721795
-7.12489 22.6425 -1.80749 -0.0177633 -0.999832 0.00462745
-8.18267 22.6492 -1.8098 0.0125449 -0.999921 0.00126348
-9.24472 22.6135 -1.81113 0.0526733 -0.998606 0.00338724
-10.328 22.5347 -1.8168 0.0912092 -0.995797 -0.00829351
-11.3477 22.4029 -1.82201 0.141225 -0.989977 -0.000964821
-12.4697 22.2339 -1.83056 0.163518 -0.986539 -0.00135029
-13.5009 22.0362 -1.83948 0.199134 -0.979958 0.00518006
-14.5642 21.7813 -1.85047 0.255225 -0.96687 0.00472388
-15.5417 21.5082 -1.86122 0.285713 -0.958315 0.000442933
-16.5182 21.1969 -1.87115 0.32041 -0.947266 0.00486464
-17.5505 20.8143 -1.88551 0.366322 -0.930423 -0.0110325
-18.59 20.403 -1.89842 0.370317 -0.928855 -0.00966546
-19.5276 20.0155 -1.91138 0.392636 -0.919694 -0.000232131
-20.5677 19.5569 -1.92359 0.412906 -0.910774 0.000208205
-21.5315 19.1038 -1.93346 0.435063 -0.9004 -0.000459883
-22.486 18.6374 -1.94322 0.444337 -0.895858 -0.00181625
-23.4629 18.1446 -1.95065 0.455291 -0.890342 -0.00152538
-24.4302 17.6449 -1.95527 0.461905 -0.886925 -0.00273413
-25.1361 17.2717 -1.95648 0.469407 -0.882982 -0.000701509
-25.1039 17.2905 -2.93248 0.468656 -0.883378 -0.00210255
-24.161 17.7872 -2.92563 0.461039 -0.887377 -0.0020507
-23.2089 18.2776 -2.91656 0.452705 -0.891641 -0.00586516
-22.1783 18.7916 -2.90429 0.443686 -0.89618 -0.00211941
-21.2215 19.2527 -2.89081 0.430867 -0.902415 -0.000187965
-20.1822 19.7323 -2.87376 0.410142 -0.91202 0.00160878
-19.1797 20.1637 -2.85434 0.386255 -0.92239 -0.00182494
-18.1968 20.566 -2.83594 0.376028 -0.926607 -0.00144563
-17.0757 20.9985 -2.81471 0.349731 -0.93685 0.000547287
-16.0148 21.3687 -2.79541 0.298243 -0.95442 -0.0115907
-15.0302 21.6561 -2.78013 0.262191 -0.965014 0.0018732
-13.9646 21.9259 -2.76375 0.223312 -0.974727 0.00625925
-12.9611 22.1417 -2.74964 0.201705 -0.979388 0.0107094
-11.909 22.3201 -2.7374 0.144624 -0.989478 0.00418096
-10.8992 22.4557 -2.72597 0.113902 -0.993422 0.011761
-9.8747 22.5609 -2.71944 0.0858437 -0.995989 0.0252404
-8.64581 22.632 -2.71217 0.0222498 -0.999751 0.00149613
-7.57843 22.6394 -2.71055 -0.0137305 -0.999795 0.0148599
-6.57231 22.6186 -2.70999 -0.0289989 -0.999561 0.00609519
-5.53759 22.5791 -2.71281 -0.0462801 -0.998909 0.00621389
-4.5135 22.5213 -2.71722 -0.0638941 -0.997947 0.00434249
-3.3681 22.4142 -2.72601 -0.114489 -0.993406 0.00598858
-2.27781 22.2541 -2.73526 -0.157337 -0.987544 0.00144401
-1.28385 22.0874 -2.74738 -0.184314 -0.982853 0.00534197
-0.174801 21.8494 -2.76317 -0.233915 -0.972237 0.00618796
0.87816 21.5692 -2.7804 -0.288113 -0.957457 0.0163275
1.83315 21.256 -2.79517 -0.321903 -0.946749 -0.00668223
2.78545 20.9293 -2.81142 -0.328915 -0.944359 -8.70129e-05
3.78535 20.5572 -2.82747 -0.363531 -0.931575 -0.00369729
4.78544 20.1307 -2.84385 -0.399542 -0.916713 -0.00164094
5.72422 19.7111 -2.86008 -0.415362 -0.909644 0.0046634
6.70291 19.2582 -2.87555 -0.424816 -0.905279 0.000620287
7.75683 18.7536 -2.89074 -0.436593 -0.899658 0.00141254
8.73755 18.2684 -2.90138 -0.45197 -0.892033 -5.34702e-05
9.70492 17.7756 -2.90975 -0.457536 -0.889191 -0.00107557
10.5998 17.3081 -2.91781 -0.472173 -0.8815 0.00316998
10.5843 17.3162 -3.89361 -0.470682 -0.882301 -0.00189779
9.67552 17.7908 -3.88333 -0.45806 -0.888919 -0.00204694
8.77233 18.252 -3.87312 -0.448685 -0.893689 -0.00122145
7.79501 18.7344 -3.85897 -0.438287 -0.898835 0.000590598
6.84695 19.1909 -3.83855 -0.429525 -0.903044 -0.00440243
5.88709 19.6345 -3.81928 -0.413129 -0.910667 0.00324456
4.93408 20.0625 -3.79873 -0.404684 -0.914451 0.0032633
3.87543 20.5176 -3.77396 -0.377742 -0.925909 0.00159583
2.873 20.8941 -3.7503 -0.337988 -0.941141 -0.004338
1.87755 21.242 -3.7278 -0.316926 -0.948446 -0.00288391
0.759669 21.5893 -3.70336 -0.277198 -0.960745 0.0113836
-0.273184 21.8703 -3.68133 -0.235337 -0.971837 0.0122318
-1.2592 22.079 -3.66319 -0.183082 -0.983098 -0.000395624
-2.2543 22.2519 -3.64821 -0.153343 -0.988165 -0.00399978
-3.34019 22.4021 -3.63167 -0.117146 -0.99308 0.00833608
-4.43311 22.5132 -3.62232 -0.0699682 -0.997508 0.00907272
-5.48528 22.5725 -3.61473 -0.0498921 -0.998751 0.00273907
-6.48919 22.6115 -3.61245 -0.0225018 -0.999745 -0.00166612
-7.53806 22.6294 -3.61206 -0.0131965 -0.999904 -0.00413463
-8.60439 22.6301 -3.61605 0.0235666 -0.999709 0.00520998
-9.7166 22.5639 -3.6217 0.0839519 -0.996458 0.00484632
-10.7344 22.4676 -3.63149 0.111249 -0.993784 -0.00423929
-11.7768 22.3347 -3.64447 0.145291 -0.989345 0.00927788
-12.8635 22.1585 -3.65999 0.190345 -0.981673 0.00933854
-14.0014 21.9118 -3.68358 0.220991 -0.975274 0.00207551
-15.1169 21.6323 -3.70489 0.255621 -0.966776 0.00169168
-16.0982 21.3447 -3.72742 0.303711 -0.952751 -0.00509268
-17.187 20.9573 -3.75267 0.35158 -0.936156 0.00178594
-18.2104 20.5608 -3.77965 0.36893 -0.929438 -0.00595647
-19.1533 20.1787 -3.80363 0.382517 -0.923943 -0.00301561
-20.3068 19.6744 -3.8308 0.41454 -0.91003 0.00123489
-21.4124 19.16 -3.85732 0.428942 -0.903325 0.00368797
-22.4705 18.6519 -3.87739 0.442207 -0.896908 -0.00303978
-23.5398 18.1124 -3.89386 0.457982 -0.888955 -0.00339555
-24.5902 17.5644 -3.90625 0.466412 -0.88456 -0.00360073
-25.0847 17.3013 -3.9102 0.471337 -0.881949 0.00280636
-25.0906 17.2999 -4.89142 0.477974 -0.878371 -0.00241066
-24.1712 17.7903 -4.87896 0.461683 -0.887038 -0.00343669
-23.2369 18.2718 -4.8632 0.45468 -0.890655 -0.000511012
-22.2935 18.7431 -4.8444 0.434174 -0.900826 0.00236073
-21.2151 19.2496 -4.81721 0.423226 -0.906024 0.000710599
-20.2193 19.7089 -4.78789 0.414639 -0.909982 0.00252777
-19.156 20.1755 -4.75619 0.39096 -0.920386 0.00626608
-18.1923 20.574 -4.7232 0.369911 -0.929065 -0.0021399
-17.2313 20.9427 -4.6923 0.349158 -0.937045 -0.00592297
-16.2386 21.2961 -4.65894 0.318001 -0.948088 -0.0023057
-15.2718 21.5948 -4.63184 0.269879 -0.962843 -0.00990378
-14.1844 21.8697 -4.60256 0.217866 -0.975979 0.000536105
-13.0762 22.1089 -4.57608 0.200679 -0.979639 0.00595549
-11.9407 22.3069 -4.55263 0.150419 -0.988596 0.00723233
-10.8812 22.4542 -4.53557 0.120178 -0.992751 -0.0013703
-9.85622 22.5609 -4.52208 0.0872836 -0.99617 0.00522229
-8.84734 22.6207 -4.51498 0.0328052 -0.99946 -0.00191105
-7.64321 22.6347 -4.51027 -0.0106407 -0.99994 -0.00248631
-6.62358 22.6163 -4.51032 -0.027118 -0.999632 -0.000567081
-5.57186 22.5767 -4.51436 -0.0493301 -0.998783 0.000201151
-4.47874 22.5085 -4.52349 -0.0741133 -0.997247 0.00241237
-3.3956 22.4051 -4.5373 -0.123446 -0.99235 0.00134164
-2.19517 22.2382 -4.55858 -0.153033 -0.988205 0.00569581
-1.16037 22.0571 -4.57824 -0.204462 -0.978808 0.0113732
-0.0975526 21.8142 -4.60485 -0.248206 -0.968689 0.0059117
0.937059 21.527 -4.63281 -0.280897 -0.959738 -0.000563619
1.96368 21.2104 -4.66202 -0.308643 -0.951177 0.00153797
2.94018 20.8715 -4.6893 -0.354554 -0.935028 -0.00376691
3.92326 20.4953 -4.7207 -0.370932 -0.928628 0.00773164
4.92248 20.0677 -4.74947 -0.404852 -0.91438 -0.00206511
5.87661 19.6412 -4.77729 -0.413667 -0.910424 -0.0027091
6.88646 19.1735 -4.80457 -0.429119 -0.903248 -0.000338238
7.87163 18.698 -4.8295 -0.437025 -0.899448 -0.00128984
8.77234 18.2549 -4.84807 -0.448382 -0.893841 0.0011106
9.73182 17.7647 -4.86235 -0.459322 -0.888269 -0.00139571
10.5355 17.3446 -4.87271 -0.467955 -0.883747 -0.00309248
2.41932 21.0557 -5.60644 -0.322091 -0.946707 -0.001634
1.3191 21.4171 -5.56982 -0.303313 -0.952891 -0.000509592
0.34281 21.6911 -5.53593 -0.251774 -0.967782 0.0026453
-0.643302 21.9385 -5.506 -0.2237 -0.974632 0.00714645
-1.62616 22.1365 -5.47896 -0.16916 -0.98552 0.0116146
-2.66891 22.3024 -5.45395 -0.146298 -0.98921 0.0077961
-3.79133 22.4425 -5.43008 -0.0994876 -0.99503 0.00420226
-4.89545 22.5355 -5.41698 -0.070761 -0.997482 0.0047175
-6.02772 22.5949 -5.40786 -0.0386959 -0.999243 0.00410031
-7.09849 22.6279 -5.40384 -0.0246245 -0.999695 -0.00164587
-8.11487 22.6327 -5.40596 0.0147015 -0.999892 0.000858486
-9.33487 22.5987 -5.41444 0.0457817 -0.998951 0.00135547
-10.3343 22.5208 -5.42741 0.115329 -0.993324 -0.00248995
-11.3717 22.387 -5.44401 0.138972 -0.990289 -0.00383008
-12.4657 22.2226 -5.46994 0.17335 -0.984855 -0.00309005
-13.5723 22.0019 -5.49918 0.201768 -0.979427 -0.00350951
-14.5974 21.7682 -5.53347 0.24077 -0.970568 0.00530615
-15.6085 21.4919 -5.56562 0.278437 -0.960451 -0.00265524
-16.6428 21.1526 -5.6058 0.323253 -0.946281 0.00770124
-17.6465 20.7836 -5.64579 0.356274 -0.93438 0.00163885
-17.4286 20.8362 5.62434 0.351975 -0.936009 0.000322207
-16.4099 21.2024 5.59168 0.304692 -0.952446 0.00286903
-15.3712 21.5166 5.55505 0.275929 -0.961177 0.00166969
-14.2847 21.8152 5.52216 0.254987 -0.966938 0.00358002
-13.1328 22.087 5.48597 0.217017 -0.976149 -0.00612337
-12.1118 22.2621 5.46099 0.147615 -0.988979 -0.0114463
-11.0291 22.4031 5.43695 0.120263 -0.992673 -0.0116929
-9.97634 22.5141 5.42132 0.101287 -0.994652 -0.020225
-8.86991 22.593 5.4097 0.0464666 -0.998856 -0.0112922
-7.84306 22.6296 5.40466 0.0164326 -0.999782 -0.0128867
-6.62514 22.6324 5.40423 -0.0139069 -0.99989 -0.00513803
-5.56763 22.604 5.41011 -0.0476597 -0.998864 -3.28914e-05
-4.48456 22.5388 5.42078 -0.069633 -0.997532 -0.00902818
-3.41713 22.4419 5.43625 -0.127243 -0.991863 -0.0040596
-2.25199 22.2687 5.46312 -0.167813 -0.985785 -0.00811545
-1.22379 22.0785 5.49029 -0.205556 -0.978636 -0.00430063
-0.145955 21.8253 5.52186 -0.241888 -0.970257 -0.00958708
0.906315 21.5475 5.55889 -0.289856 -0.957041 -0.00741879
1.95283 21.2162 5.59606 -0.30872 -0.95115 -0.00244717
2.98254 20.8647 5.6333 -0.338208 -0.941069 0.00213286
3.09035 20.8256 5.63725 -0.340775 -0.940134 0.00450765
