-34.3603 107.18 -3.80058 -0.0371941 -0.999308 0.000268789
-34.3479 107.18 -2.69338 -0.0352376 -0.999378 0.00159676
-34.3265 107.182 -1.60357 -0.035477 -0.999369 0.0018852
-34.2957 107.183 -0.516635 -0.0396291 -0.999206 0.00401544
-34.2557 107.182 0.542371 -0.037209 -0.999306 -0.00182812
-34.3021 107.182 1.56798 -0.0369665 -0.999316 -0.00101126
-34.2703 107.178 2.59704 -0.0382682 -0.999264 -0.00260362
-34.3264 107.178 3.59985 -0.0397023 -0.999211 -0.00102371
-34.3203 107.179 4.63698 -0.0363507 -0.999336 0.00234187
-34.3017 107.179 5.72696 -0.0299128 -0.999552 -0.000552047
-33.3455 107.147 5.93684 -0.0356716 -0.999363 0.000811884
-32.1844 107.1 5.937 -0.0467315 -0.998905 0.00243863
-31.2338 107.051 5.67008 -0.0541195 -0.998533 0.000415618
-31.1813 107.049 4.59747 -0.0531632 -0.998585 -0.00144019
-31.1796 107.051 3.49724 -0.0517296 -0.99866 -0.00135534
-31.1881 107.052 2.44589 -0.0512464 -0.998683 -0.00217659
-31.1887 107.053 1.35694 -0.0506157 -0.998713 0.00101128
-31.1869 107.051 0.344923 -0.0530391 -0.998588 0.00180698
-31.1836 107.051 -0.87316 -0.0543954 -0.998507 -0.00386221
-31.1468 107.049 -1.91741 -0.051576 -0.998667 -0.00179935
-31.1828 107.048 -2.93954 -0.0488137 -0.998805 0.00248685
-31.1634 107.044 -4.01623 -0.055413 -0.998463 0.000289927
-31.1739 107.041 -5.03489 -0.0547816 -0.998485 0.00508069
-31.5315 107.054 -5.94039 -0.0530753 -0.998575 0.00564142
-32.7152 107.11 -5.92255 -0.0407541 -0.999162 0.00379851
-33.7783 107.154 -5.91611 -0.0399052 -0.999202 0.00101629
-34.3206 107.176 -5.29733 -0.0386907 -0.99925 0.00149874
-34.351 107.178 -4.29184 -0.038514 -0.999255 0.00236117
-34.3595 107.18 -3.8545 -0.0383012 -0.999265 0.000974906
-35.4206 107.217 -3.81472 -0.034729 -0.999397 0.00040088
-35.4017 107.217 -2.77022 -0.0350615 -0.999384 0.00123715
-35.3873 107.219 -1.66479 -0.0343895 -0.999405 0.00243606
-35.3888 107.222 -0.636195 -0.0350521 -0.999382 0.00249547
-35.3459 107.222 0.374994 -0.0358081 -0.999359 -0.000458969
-35.386 107.222 1.59357 -0.0374347 -0.999299 -0.000357565
-35.3554 107.22 2.7254 -0.0377536 -0.999286 -0.00145591
-35.3871 107.219 3.82309 -0.0366183 -0.999327 -0.00208574
-35.3922 107.216 4.94427 -0.0328982 -0.999448 -0.00412255
-35.4063 107.211 6.03739 -0.0292246 -0.99957 -0.002329
-35.0751 107.201 6.98436 -0.0282848 -0.9996 -0.000681186
-33.9446 107.167 7.01305 -0.0313122 -0.999509 -0.000771755
-32.88 107.129 7.00147 -0.0365604 -0.999328 -0.00242646
-31.7992 107.082 7.00203 -0.0485556 -0.99882 0.000373221
-30.7597 107.029 6.96487 -0.0510911 -0.998685 0.00406231
-30.135 106.994 6.37584 -0.0543342 -0.998523 -0.000558712
-30.1386 106.991 5.28667 -0.0535695 -0.998563 -0.00118864
-30.1106 106.989 4.23917 -0.0639429 -0.997933 0.00634798
-30.1264 106.987 3.13129 -0.069049 -0.997612 -0.00135662
-30.1042 106.986 2.10489 -0.0697097 -0.997567 0.000908777
-30.107 106.985 1.00237 -0.0678667 -0.997693 0.00117144
-30.1127 106.982 -0.0145763 -0.0728701 -0.997338 0.00262377
-30.0963 106.983 -1.17217 -0.0704873 -0.997494 -0.00602685
-30.0953 106.985 -2.20349 -0.0660096 -0.997819 0.000134189
-30.1072 106.984 -3.22579 -0.0657437 -0.997832 0.00306584
-30.0988 106.98 -4.48163 -0.0679079 -0.997688 0.0026698
-30.1107 106.977 -5.53612 -0.0614342 -0.998103 0.0036396
-30.1233 106.973 -6.54033 -0.0555536 -0.998443 0.00493088
-30.834 107.01 -7.00771 -0.0562187 -0.9984 0.00604396
-31.9801 107.072 -7.01495 -0.0489203 -0.9988 0.00180659
-33.0046 107.119 -6.98457 -0.0440876 -0.999026 0.00166553
-34.1423 107.168 -6.99158 -0.0414839 -0.999139 -0.000116168
-35.1982 107.212 -6.97303 -0.0411686 -0.999152 -0.000764278
-35.3811 107.218 -5.89266 -0.039925 -0.999201 -0.001896
-35.4099 107.217 -4.76937 -0.0374963 -0.999296 -0.00150512
-35.4264 107.217 -4.02349 -0.034951 -0.999389 0.000737133
-33.7522 107.155 -4.48488 -0.0394604 -0.999221 0.00111029
-32.6841 107.112 -4.48496 -0.0403915 -0.999184 0.00037018
-31.8261 107.076 -4.48507 -0.0435799 -0.999049 0.0010718
-31.7201 107.071 -3.58796 -0.0455204 -0.998963 0.000721726
-32.7978 107.117 -3.5879 -0.0415452 -0.999134 0.00217816
-33.6585 107.153 -3.58785 -0.0399918 -0.999197 0.00252728
-33.7102 107.158 -2.69077 -0.0366049 -0.999329 0.000922239
-32.5901 107.111 -2.69081 -0.0427068 -0.99908 0.00381096
-31.9044 107.082 -2.69084 -0.0443055 -0.999014 0.00291153
-31.7301 107.078 -1.79373 -0.0434646 -0.999053 0.00177746
-32.7489 107.121 -1.79371 -0.0423568 -0.999099 0.00254226
-33.6722 107.158 -1.79371 -0.0366992 -0.999325 0.00156368
-33.726 107.16 -0.896628 -0.0404427 -0.999182 0.000320478
-32.5767 107.114 -0.896611 -0.0408441 -0.999166 -6.55691e-05
-31.8309 107.082 -0.896604 -0.0448151 -0.998994 -0.00149232
-31.8977 107.085 0.000535441 -0.0435727 -0.99905 0.000140672
-33.0435 107.133 0.000494582 -0.0403575 -0.999184 0.00129094
-33.6788 107.159 0.000467418 -0.0408895 -0.999164 0.000494935
-33.5515 107.154 0.897591 -0.0393045 -0.999227 0.000863531
-32.5482 107.114 0.897629 -0.0412352 -0.999149 0.00135623
-31.7651 107.08 0.897684 -0.0459321 -0.998943 0.00175274
-31.7389 107.08 1.79482 -0.0426873 -0.999088 0.000313332
-32.8546 107.126 1.79474 -0.0387314 -0.999245 -0.00291088
-33.5819 107.155 1.79469 -0.0370256 -0.999309 -0.00336884
-33.6874 107.156 2.69175 -0.038542 -0.999251 -0.00342526
-32.6729 107.116 2.69183 -0.0403976 -0.999179 -0.00304785
-31.7108 107.076 2.69193 -0.0452635 -0.998975 -0.00027702
-31.7397 107.077 3.58901 -0.0439797 -0.999032 0.000647374
-32.7554 107.118 3.58886 -0.0393684 -0.999224 0.000908491
-33.7172 107.154 3.58876 -0.0385815 -0.999255 0.00129867
-33.7389 107.157 4.48573 -0.0384347 -0.999254 0.00376523
-32.6836 107.118 4.48587 -0.0384229 -0.999255 0.00351299
-31.7548 107.077 4.48607 -0.0465551 -0.998916 -1.40147e-05
-32.1909 107.099 5.38298 -0.0463531 -0.998924 0.00128218
-33.3009 107.145 5.3827 -0.0363545 -0.999339 0.00061046
-33.38 107.148 5.38268 -0.0360276 -0.99935 0.0012885
-32.9693 107.122 -5.38202 -0.0404507 -0.999179 0.0020254
-31.9864 107.081 -5.3822 -0.0444695 -0.99901 0.00156825
-31.9502 107.079 -5.3822 -0.0470946 -0.998888 0.0023841
