-16.5425 2.23827 -3.79775 0.107502 -0.994192 -0.00508805
-16.5111 2.24503 -4.83211 0.110201 -0.993909 -0.00100779
-16.4563 2.25169 -5.91711 0.109123 -0.994028 0.00075886
-15.4164 2.36477 -6.10107 0.108837 -0.994057 0.0021161
-14.4156 2.47401 -6.06967 0.108342 -0.994114 -0.000184446
-13.3884 2.58388 -6.06881 0.104546 -0.99452 -0.00100711
-12.3875 2.68313 -6.10559 0.0929017 -0.995674 -0.00133015
-11.1836 2.79176 -6.08863 0.0846397 -0.996408 -0.00274991
-10.1652 2.86659 -6.09643 0.0641672 -0.997938 -0.00125891
-9.11117 2.92352 -6.12924 0.046561 -0.998907 0.00238625
-8.06973 2.95567 -6.092 0.0139165 -0.999903 0.000958368
-7.0148 2.95529 -6.09343 -0.0102367 -0.999946 0.00194094
-5.98044 2.94124 -6.10452 -0.0195463 -0.999809 -9.82931e-05
-4.9479 2.90316 -6.11624 -0.0511136 -0.99864 0.0086185
-3.77496 2.82709 -6.12767 -0.0734438 -0.997297 0.00194586
-2.59469 2.73244 -6.11637 -0.089908 -0.995945 -0.00251722
-1.56528 2.63303 -6.06771 -0.100668 -0.99492 -5.42449e-05
-0.37552 2.50765 -6.10121 -0.107612 -0.994192 0.00164595
0.620812 2.39513 -6.11443 -0.112134 -0.993673 0.00627687
1.61473 2.28407 -6.05846 -0.109776 -0.993925 0.00786109
1.80201 2.26898 -5.11165 -0.110038 -0.993917 0.00444562
1.77943 2.27153 -4.04037 -0.108329 -0.994113 -0.00207515
1.79455 2.27205 -2.98845 -0.106383 -0.994286 0.00883716
1.81341 2.27965 -1.92457 -0.103692 -0.994594 0.00473809
1.83205 2.27784 -0.868111 -0.104917 -0.994478 -0.0022378
1.83007 2.27675 0.173284 -0.106901 -0.994262 0.00389328
1.82937 2.2809 1.23408 -0.107437 -0.9942 0.00476969
1.79717 2.28819 2.32552 -0.104849 -0.994485 0.00026762
1.80539 2.28448 3.4181 -0.107033 -0.994249 -0.00364105
1.79356 2.28604 4.49116 -0.103478 -0.994632 0.000138032
1.78246 2.28667 5.65911 -0.103667 -0.994608 -0.00149899
1.04567 2.36597 6.10091 -0.109547 -0.993982 0.000483822
-0.00197939 2.48264 6.11295 -0.111053 -0.993813 -0.000818303
-1.10157 2.59996 6.10102 -0.102063 -0.994777 -0.00112986
-2.16633 2.70555 6.10836 -0.0951659 -0.995458 -0.0026809
-3.25856 2.79959 6.08124 -0.0774193 -0.996995 -0.00285475
-4.35691 2.87973 6.09583 -0.0700453 -0.997542 -0.00183626
-5.42568 2.93964 6.08461 -0.0446084 -0.998997 -0.00385005
-6.48689 2.97516 6.04503 -0.0126473 -0.999916 -0.00272514
-7.62523 2.97656 6.0804 0.0111596 -0.999934 -0.00139346
-8.62588 2.95507 6.08822 0.0307767 -0.999508 0.00600528
-9.76171 2.90109 6.11546 0.0586662 -0.99826 -0.00454839
-10.8352 2.8218 6.09899 0.0862517 -0.99627 -0.00205176
-11.8924 2.71965 6.09896 0.0982673 -0.995152 -0.00407995
-12.8895 2.61846 6.09773 0.102611 -0.994713 -0.00423236
-14.0653 2.49333 6.09573 0.109496 -0.993983 -0.00279543
-15.0664 2.37897 6.07957 0.114816 -0.993378 -0.00415077
-16.0908 2.25864 6.10588 0.117957 -0.993009 -0.00428748
-16.5242 2.21075 5.32125 0.117697 -0.993035 -0.005425
-16.4758 2.22267 4.18011 0.117486 -0.993068 -0.00253476
-16.5057 2.21898 3.08182 0.114998 -0.993365 0.000960643
-16.5047 2.21844 1.98959 0.112219 -0.99368 -0.00272474
-16.5201 2.21864 0.942215 0.109451 -0.993991 -0.000813757
-16.5231 2.22186 -0.0871345 0.109208 -0.994006 -0.00511773
-16.5031 2.22988 -1.28409 0.108079 -0.994132 -0.00456589
-16.5087 2.23399 -2.34915 0.106357 -0.994316 -0.00497755
-16.5259 2.23763 -3.37228 0.106982 -0.994246 -0.00537524
-16.5416 2.23822 -3.77175 0.107399 -0.9942 -0.00569565
-17.4658 2.13727 -3.75821 0.111154 -0.993801 -0.00206014
-17.4442 2.13578 -2.75727 0.106937 -0.994252 -0.0051928
-17.468 2.12686 -1.56852 0.107036 -0.994241 -0.00532944
-17.4729 2.1213 -0.509606 0.107457 -0.994201 -0.00418989
-17.4532 2.11836 0.509595 0.10857 -0.994077 -0.00482568
-17.4537 2.11321 1.54666 0.110808 -0.993837 -0.00297758
-17.4416 2.11248 2.63844 0.11054 -0.993871 -0.00101904
-17.4228 2.11305 3.73634 0.116625 -0.993173 -0.00146634
-17.4366 2.10614 4.79073 0.117701 -0.993024 -0.00711596
-17.4787 2.09461 5.89052 0.117499 -0.993069 -0.0022898
-17.3622 2.10783 6.95889 0.114282 -0.993448 0.000971081
-16.3031 2.2303 7.07965 0.115545 -0.993299 -0.0021714
-15.1987 2.35956 7.02725 0.115387 -0.99331 -0.00461911
-14.1255 2.48368 7.03847 0.113581 -0.993525 -0.00236201
-13.1036 2.59493 7.04301 0.104322 -0.994542 -0.000276803
-12.0499 2.70227 7.05424 0.100714 -0.994914 0.00139079
-11.0366 2.80139 7.03789 0.0912236 -0.995829 0.000626543
-10.0011 2.88152 7.04493 0.0683233 -0.997625 -0.00872564
-8.96797 2.94178 7.02854 0.0377499 -0.999282 -0.00328748
-7.96326 2.96926 7.06524 0.0151443 -0.999866 -0.00584962
-6.96353 2.97823 7.03329 -0.00717543 -0.99989 0.00593275
-5.92555 2.95594 7.04327 -0.031016 -0.999507 -0.00484743
-4.79247 2.90684 7.04473 -0.0577488 -0.998326 0.000475515
-3.79125 2.83758 7.06503 -0.0727029 -0.997352 -0.00174594
-2.72203 2.75312 7.05578 -0.0878237 -0.996131 -0.00311602
-1.61887 2.65132 7.05328 -0.0944546 -0.995526 -0.00258665
-0.482584 2.53437 7.0578 -0.107841 -0.994167 -0.000101994
0.629507 2.41233 7.04893 -0.109313 -0.994007 -0.000300634
1.65198 2.29944 7.05306 -0.107946 -0.994154 -0.00233448
2.69952 2.19174 6.89988 -0.0997823 -0.994983 -0.00718337
2.75436 2.18773 5.79957 -0.101878 -0.994797 0.000218235
2.73991 2.189 4.66532 -0.101976 -0.994786 0.00144382
2.75356 2.18599 3.65964 -0.10147 -0.994838 0.000665992
2.75478 2.18603 2.44806 -0.104977 -0.994474 0.000860196
2.7624 2.18227 1.34458 -0.102411 -0.994736 0.0032168
2.76624 2.17895 0.315662 -0.100873 -0.994897 0.00168228
2.77721 2.17769 -0.781949 -0.105799 -0.994386 -0.00154657
2.77208 2.17849 -1.82699 -0.105487 -0.994419 0.00115343
2.73753 2.17694 -2.88086 -0.0994676 -0.995006 0.00814244
2.73139 2.17196 -3.89075 -0.100898 -0.994891 0.00189949
2.75139 2.16524 -5.03234 -0.107834 -0.994157 0.00480381
2.76338 2.15939 -6.11271 -0.106598 -0.994295 0.00358888
2.5299 2.18086 -7.05375 -0.104825 -0.994491 0.000542887
1.52019 2.28707 -7.04408 -0.106215 -0.994309 0.00795752
0.464495 2.4067 -7.05504 -0.115798 -0.99325 0.00662973
-0.773579 2.54986 -7.05209 -0.107805 -0.994161 0.00431291
-1.79339 2.65467 -7.02688 -0.100636 -0.99492 0.00182365
-2.79946 2.75055 -7.06607 -0.0779512 -0.996953 0.00273995
-3.90718 2.83284 -7.07449 -0.0685866 -0.997628 0.0058655
-4.97293 2.90055 -7.05997 -0.0588847 -0.998243 0.00631216
-5.97215 2.93935 -7.05946 -0.0281186 -0.99958 0.00484606
-7.0553 2.95495 -7.0561 -0.00486203 -0.999988 0.000428343
-8.07252 2.95364 -7.04859 0.0124078 -0.999899 0.0043539
-9.20978 2.91771 -7.06039 0.0450662 -0.99898 -0.00273541
-10.2775 2.85916 -7.02977 0.0688898 -0.997611 0.00516966
-11.2867 2.78442 -7.04297 0.0833862 -0.996514 -0.00222257
-12.367 2.68797 -7.04521 0.0957616 -0.9954 -0.00224979
-13.446 2.57901 -7.02191 0.103257 -0.994653 -0.00202391
-14.5044 2.46378 -7.02932 0.114351 -0.993439 0.00183754
-15.552 2.34646 -7.05885 0.107983 -0.994145 0.00378413
-16.6793 2.22692 -7.04993 0.103785 -0.994596 -0.00163699
-17.4588 2.14334 -6.54249 0.1077 -0.994166 -0.00584699
-17.4646 2.13888 -5.54143 0.111939 -0.993715 -0.000855611
-17.4657 2.13807 -4.44389 0.111923 -0.993716 -0.00116415
-17.4667 2.13733 -3.83041 0.110933 -0.993826 -0.00172306
-15.9661 2.29935 -3.59706 0.108112 -0.994123 -0.00559056
-14.9552 2.41218 -3.59644 0.112937 -0.993597 -0.00312243
-13.9144 2.52989 -3.59561 0.110799 -0.993839 -0.00267986
-12.8305 2.6434 -3.5946 0.09919 -0.995068 0.00050018
-11.8284 2.73879 -3.59356 0.0875701 -0.996156 -0.00209188
-10.8233 2.81771 -3.5926 0.0737725 -0.997271 0.00294214
-9.78981 2.88912 -3.59178 0.0638593 -0.997958 0.00159693
-8.63632 2.94968 -3.59114 0.0354376 -0.999372 -0.000654099
-7.46579 2.96884 -3.59105 0.00477806 -0.999983 0.00341874
-6.32177 2.95489 -3.59087 -0.0199607 -0.999795 0.0034879
-5.30449 2.92332 -3.59114 -0.0452707 -0.998974 -0.00104315
-4.21345 2.86237 -3.59148 -0.0641083 -0.997942 0.00154809
-3.13744 2.7846 -3.59218 -0.0789421 -0.996869 0.00447011
-2.09034 2.6909 -3.59263 -0.0997029 -0.994996 0.00650338
-0.919049 2.56993 -3.59326 -0.104304 -0.994537 0.00407538
0.110019 2.45896 -3.59361 -0.110829 -0.993839 0.000654431
1.1721 2.33769 -3.5937 -0.113228 -0.993564 -0.00324483
1.27063 2.32872 -4.49262 -0.111195 -0.993798 -0.00113836
0.0735905 2.46084 -4.49233 -0.108181 -0.994129 0.00185014
-1.04237 2.57945 -4.49171 -0.104023 -0.994572 0.00258361
-2.23115 2.69805 -4.49072 -0.0950975 -0.995459 0.004161
-3.24933 2.78986 -4.48994 -0.0810998 -0.996701 0.00319737
-4.30164 2.86647 -4.48895 -0.0647848 -0.997896 0.0025667
-5.36614 2.92545 -4.4883 -0.0487092 -0.998799 0.00533211
-6.3872 2.95279 -4.48801 -0.0179751 -0.999824 0.00544539
-7.5154 2.96514 -4.48805 -0.0010728 -0.999995 0.00290655
-8.54906 2.9511 -4.48845 0.0328824 -0.999439 0.00630405
-9.75494 2.8926 -4.4891 0.0588254 -0.998268 -0.000588523
-10.891 2.81407 -4.4906 0.0727684 -0.997342 -0.00377933
-11.903 2.73163 -4.49182 0.0894196 -0.995976 0.0060695
-13.0219 2.62447 -4.49312 0.0979853 -0.995182 0.00341523
-14.1389 2.50584 -4.49446 0.108105 -0.994139 0.000924492
-15.2506 2.382 -4.49554 0.109715 -0.993959 -0.00299687
-15.8632 2.31523 -4.49601 0.107749 -0.994174 -0.00272444
-15.9248 2.31054 -5.39513 0.109733 -0.99396 0.00126256
-14.8374 2.42845 -5.39411 0.107591 -0.994195 0.000183371
-13.7095 2.5502 -5.39286 0.105512 -0.994417 0.00140446
-12.7147 2.65251 -5.39125 0.0994554 -0.995041 0.00117633
-11.6897 2.74752 -5.38961 0.0855912 -0.996324 0.00365719
-10.5994 2.83666 -5.38791 0.0689647 -0.997619 -0.0010565
-9.56946 2.90071 -5.38627 0.0536421 -0.998559 -0.00121516
-8.53936 2.94582 -5.38522 0.0260039 -0.999646 0.00571049
-7.47529 2.96107 -5.38473 -0.00307388 -0.999994 0.00164508
-6.41 2.94899 -5.38481 -0.0136017 -0.9999 0.00382274
-5.33802 2.92403 -5.38536 -0.0407214 -0.999159 -0.00490172
-4.26679 2.86271 -5.38634 -0.0657816 -0.997827 0.00372672
-3.26742 2.78914 -5.38759 -0.0781855 -0.996937 0.00197986
-2.27116 2.70211 -5.38891 -0.097168 -0.995253 -0.00551799
-1.1659 2.59161 -5.39025 -0.103464 -0.994633 -0.000632453
-0.0769571 2.47551 -5.39114 -0.108839 -0.994059 -0.000118167
1.00375 2.35618 -5.39175 -0.110464 -0.993873 0.00377553
1.20493 2.33382 -5.3918 -0.110915 -0.99382 0.00449205
1.31896 2.32481 -2.6951 -0.103143 -0.994638 0.00749057
0.18246 2.45212 -2.69492 -0.110637 -0.993859 0.00172178
-0.983239 2.57851 -2.69477 -0.104297 -0.994544 0.00188983
-2.13982 2.69601 -2.69449 -0.0971658 -0.995267 -0.0012382
-3.18528 2.78946 -2.69419 -0.0788027 -0.99689 -0.00106484
-4.2422 2.86678 -2.69389 -0.0696545 -0.997571 2.30581e-05
-5.38179 2.92785 -2.69361 -0.0414201 -0.999138 0.00280903
-6.51488 2.96237 -2.69352 -0.0182758 -0.999797 0.00849172
-7.51646 2.9721 -2.69344 0.00692716 -0.999951 0.00710996
-8.56098 2.95386 -2.6936 0.0353749 -0.999374 0.000395038
-9.69723 2.89738 -2.69406 0.0615446 -0.998074 0.00782776
-10.8058 2.82103 -2.69476 0.0737184 -0.997271 0.00413536
-11.8294 2.73774 -2.69542 0.0884445 -0.996078 -0.00252647
-12.8924 2.63713 -2.69622 0.100231 -0.994958 -0.00349333
-14.027 2.51523 -2.69692 0.113516 -0.993535 -0.00143873
-15.0837 2.39431 -2.69759 0.113708 -0.993509 -0.00331138
-16.0397 2.28697 -2.69822 0.108751 -0.994054 -0.00551017
-15.9948 2.28779 -1.79932 0.10906 -0.994034 -0.00172081
-14.9081 2.41151 -1.79882 0.114177 -0.993455 -0.00339544
-13.8688 2.53015 -1.79822 0.111478 -0.993765 -0.0019437
-12.7717 2.6476 -1.79764 0.101065 -0.994867 -0.00501583
-11.7358 2.74574 -1.79717 0.0885553 -0.996064 0.00375879
-10.6947 2.83237 -1.79675 0.077572 -0.996983 0.00289643
-9.66197 2.90139 -1.79635 0.0571839 -0.998351 0.00499376
-8.58829 2.95209 -1.79623 0.0339016 -0.999425 -0.000601282
-7.56343 2.97548 -1.79599 0.0103497 -0.999942 0.00304313
-6.54267 2.96894 -1.79592 -0.0241844 -0.999693 0.00539141
-5.49007 2.93353 -1.79615 -0.0386582 -0.999251 0.00148292
-4.41177 2.88178 -1.7961 -0.0653823 -0.99784 0.00640816
-3.41372 2.80875 -1.79618 -0.0786627 -0.996895 0.00344113
-2.40132 2.72235 -1.79633 -0.0971159 -0.995273 0.000713917
-1.3458 2.61654 -1.79642 -0.103111 -0.99467 0.000558138
-0.285433 2.50435 -1.79653 -0.108039 -0.994147 0.00044992
0.838078 2.38224 -1.79649 -0.106369 -0.994322 0.0031295
1.25207 2.3381 -1.79645 -0.104321 -0.994532 0.00490565
1.3317 2.33118 -0.897982 -0.106682 -0.994293 -0.000688919
0.18297 2.45479 -0.898059 -0.106991 -0.994258 0.00217723
-0.917381 2.57336 -0.898189 -0.106103 -0.994355 0.000872937
-2.01748 2.68678 -0.898155 -0.0973414 -0.995249 0.00210409
-3.05658 2.78281 -0.89821 -0.0878109 -0.996133 0.00296045
-4.16753 2.87042 -0.898278 -0.0709693 -0.997458 0.0064469
-5.16912 2.92392 -0.898348 -0.0489543 -0.998758 0.00929845
-6.35088 2.9663 -0.898516 -0.0334319 -0.999435 0.00339703
-7.55213 2.97702 -0.89841 0.0102503 -0.999946 0.0014349
-8.58263 2.95047 -0.898358 0.033186 -0.999447 0.00212721
-9.59885 2.90646 -0.898578 0.0532863 -0.998577 0.00199962
-10.7637 2.83066 -0.898866 0.0696789 -0.997567 0.00236261
-11.883 2.73512 -0.899048 0.0939425 -0.995572 0.00325487
-12.8894 2.63448 -0.899316 0.105037 -0.994461 -0.00384784
-13.9024 2.52408 -0.89967 0.112768 -0.993619 -0.00194807
-14.9099 2.40789 -0.89997 0.114946 -0.993365 -0.00378399
-15.9891 2.28434 -0.900496 0.110445 -0.99387 -0.00496699
-15.9718 2.28256 -0.00151148 0.110468 -0.993876 -0.00282779
-14.9507 2.40072 -0.00117077 0.116013 -0.993246 -0.00173961
-13.8499 2.52873 -0.000901745 0.113146 -0.993577 -0.00185552
-12.7213 2.65194 -0.00081771 0.103899 -0.994588 0.000375362
-11.6053 2.76384 -0.000701672 0.0884807 -0.996062 0.00561121
-10.5935 2.84455 -0.00064454 0.0655963 -0.997846 0.000139095
-9.4982 2.91207 -0.000695167 0.0515853 -0.998668 -0.000731175
-8.493 2.95617 -0.000619033 0.0323109 -0.99947 0.00393999
-7.39376 2.98278 -0.000447253 0.00744243 -0.999972 -3.27831e-05
-6.21014 2.9656 -0.000189551 -0.0298656 -0.99954 0.00524934
-5.1684 2.92617 -0.00027989 -0.0422419 -0.999102 0.00320008
-4.16279 2.87358 -0.000305752 -0.0711046 -0.997469 -0.000606287
-3.11022 2.79132 -0.000148529 -0.0862695 -0.996261 0.00469273
-1.9908 2.68732 3.81027e-05 -0.0978344 -0.995201 0.00169458
-0.864318 2.56964 0.00026251 -0.107561 -0.994196 0.00204265
0.158363 2.4595 0.000346042 -0.106722 -0.994286 0.00238676
1.25697 2.33903 0.000576653 -0.111175 -0.993801 0.000466898
1.27801 2.33927 0.899069 -0.110104 -0.993908 0.00482699
0.243536 2.45172 0.898815 -0.107036 -0.994254 0.0011548
-0.852714 2.56971 0.898603 -0.107359 -0.994219 0.00160893
-2.0258 2.69297 0.898262 -0.100194 -0.994968 5.31486e-05
-3.02526 2.78799 0.897977 -0.0864696 -0.996254 0.000710095
-4.05603 2.86638 0.897837 -0.063025 -0.998012 -0.000552226
-5.0835 2.92459 0.897692 -0.0490207 -0.998797 0.000891591
-6.08559 2.96505 0.897666 -0.0285784 -0.99959 0.00181107
-7.11859 2.98206 0.897416 -0.0035128 -0.999967 -0.00730553
-8.17109 2.96618 0.897322 0.029149 -0.999572 0.00247545
-9.34392 2.91816 0.89732 0.0533591 -0.998575 -0.00025093
-10.3643 2.85989 0.8975 0.0645372 -0.997914 0.00164591
-11.5745 2.76817 0.897597 0.0941976 -0.995553 0.000840788
-12.6678 2.65914 0.897665 0.105395 -0.994428 0.00225474
-13.687 2.54719 0.897819 0.113986 -0.993482 0.000789294
-14.7159 2.42736 0.897849 0.11648 -0.993193 -0.000307258
-15.8519 2.29469 0.897438 0.11446 -0.993426 -0.00208219
-15.9187 2.28705 0.897423 0.114283 -0.993448 -0.0010944
-15.9886 2.27807 1.79655 0.114047 -0.993475 -0.000794344
-14.9656 2.39839 1.79655 0.116003 -0.993248 0.000972204
-13.931 2.51927 1.7966 0.115467 -0.993311 -0.00085578
-12.8681 2.63845 1.79635 0.105502 -0.994419 0.000172234
-11.8232 2.74502 1.79601 0.0999871 -0.994988 0.00115047
-10.8261 2.83034 1.79568 0.0660204 -0.997812 0.00361606
-9.7606 2.89724 1.79534 0.0587109 -0.998267 0.00397959
-8.74863 2.94758 1.79511 0.0433355 -0.999053 0.00379127
-7.70234 2.9768 1.79505 0.0138886 -0.999901 0.00244567
-6.50674 2.97372 1.79514 -0.0175614 -0.999846 -0.000260232
-5.4173 2.94119 1.79536 -0.0448548 -0.998989 -0.00314717
-4.37816 2.8857 1.79554 -0.0560344 -0.998411 0.00604677
-3.27423 2.811 1.79593 -0.0784503 -0.996917 -0.00153897
-2.17662 2.70812 1.79639 -0.100202 -0.994962 -0.00317167
-1.05707 2.59288 1.79686 -0.105868 -0.994379 0.00167742
0.0808017 2.47023 1.79731 -0.10833 -0.994112 0.00224664
1.28617 2.34167 1.79768 -0.10471 -0.9945 0.00231733
1.32395 2.3377 1.79769 -0.104941 -0.994473 0.00327447
1.217 2.34946 2.69619 -0.106554 -0.994306 -0.000933292
0.171319 2.46202 2.69588 -0.107885 -0.994162 0.00172684
-0.91614 2.57979 2.69511 -0.106358 -0.994327 0.00115016
-1.91357 2.68077 2.69458 -0.0989776 -0.995089 0.00119022
-2.92807 2.77841 2.69409 -0.0899488 -0.995946 0.000802202
-3.97171 2.85885 2.69355 -0.0676167 -0.997703 0.00416762
-4.98676 2.92046 2.69317 -0.0498123 -0.998759 0.000165605
-6.014 2.96318 2.69285 -0.0373982 -0.999297 -0.00277902
-7.0992 2.97895 2.69291 0.00149249 -0.999999 0.000523504
-8.18069 2.96758 2.69291 0.0267149 -0.999641 0.00223661
-9.22585 2.92844 2.69313 0.0508663 -0.998701 0.00310774
-10.4209 2.85938 2.69354 0.0658837 -0.997827 0.00117543
-11.4269 2.78116 2.69417 0.0884841 -0.996057 -0.00633952
-12.5727 2.66674 2.6948 0.103425 -0.994635 -0.00230879
-13.6005 2.55627 2.69506 0.11054 -0.993871 -0.00079238
-14.8115 2.41698 2.6954 0.11574 -0.99328 0.000181688
-15.8727 2.29239 2.69556 0.116654 -0.993173 0.000405794
-15.8661 2.29396 3.59464 0.116633 -0.993174 0.00124502
-14.8186 2.41589 3.59451 0.115265 -0.993334 -0.0010359
-13.8117 2.53043 3.59409 0.113415 -0.993541 -0.00353665
-12.7795 2.64356 3.59358 0.107291 -0.994224 -0.00255097
-11.6535 2.75617 3.59262 0.0929977 -0.995666 -0.00125838
-10.5363 2.85047 3.59179 0.0743349 -0.99723 -0.00248314
-9.52216 2.91299 3.59092 0.0530052 -0.998594 -3.07742e-05
-8.41396 2.96031 3.59033 0.0226056 -0.999744 -0.000120347
-7.37815 2.97734 3.59008 0.00333071 -0.999994 -0.00128089
-6.34881 2.97131 3.59006 -0.0115638 -0.999933 -0.000570727
-5.213 2.929 3.59048 -0.0445421 -0.999003 -0.00283514
-4.17362 2.87257 3.59116 -0.0625947 -0.998037 -0.001918
-3.08843 2.78985 3.59196 -0.0821119 -0.996622 0.00135627
-2.04023 2.69527 3.5927 -0.0962612 -0.995353 0.00247448
-1.01876 2.59121 3.59336 -0.104893 -0.994482 0.00167513
0.164092 2.46324 3.59424 -0.108603 -0.994085 -5.82141e-05
1.28383 2.34052 3.59484 -0.108172 -0.99413 -0.00212722
1.23204 2.34601 4.49362 -0.107403 -0.994215 -0.000562698
0.233674 2.45552 4.4929 -0.110445 -0.993882 0.00105762
-0.881813 2.57784 4.49204 -0.106684 -0.994293 0.00060305
-1.88797 2.68165 4.49106 -0.0984449 -0.99514 -0.00200632
-2.90164 2.77525 4.49003 -0.0807093 -0.996735 0.0022603
-3.94143 2.85457 4.48901 -0.0711833 -0.997463 -0.000963759
-4.9424 2.91582 4.48813 -0.0516323 -0.998665 0.00173898
-5.94831 2.96223 4.48753 -0.0356414 -0.999341 0.00693717
-7.12267 2.97908 4.48742 0.00263043 -0.999989 0.00386971
-8.20353 2.96501 4.48767 0.0292579 -0.999572 0.000381963
-9.3499 2.92008 4.48847 0.0499814 -0.998738 0.00494985
-10.5019 2.85173 4.48972 0.0730854 -0.99732 -0.00339435
-11.5014 2.76658 4.49078 0.0914973 -0.995788 -0.00584129
-12.5522 2.66348 4.49195 0.105741 -0.994369 -0.00695325
-13.5537 2.55527 4.49305 0.111128 -0.993793 -0.00509544
-14.6358 2.43385 4.49363 0.112154 -0.993685 -0.00329482
-15.6451 2.31848 4.4941 0.114833 -0.993381 -0.00259573
-15.8832 2.2911 4.49415 0.114975 -0.993353 -0.00561022
-15.9516 2.27836 5.39373 0.116892 -0.993131 -0.0052288
-14.8643 2.40544 5.39337 0.113597 -0.993523 -0.00263628
-13.7784 2.52698 5.39235 0.107344 -0.994215 -0.00380317
-12.6847 2.64319 5.39079 0.102873 -0.994677 -0.00591004
-11.5195 2.76001 5.38913 0.0978621 -0.995177 -0.00671794
-10.4599 2.85374 5.38734 0.0777014 -0.99694 -0.0085337
-9.41193 2.92003 5.386 0.0470589 -0.998887 0.00315213
-8.35085 2.96297 5.38485 0.0341302 -0.999417 0.000646467
-7.18516 2.97983 5.3842 0.00225026 -0.999994 0.00279997
-6.16639 2.96926 5.38442 -0.0231435 -0.999727 0.00327107
-5.15935 2.92819 5.38517 -0.0511464 -0.998691 0.000517721
-4.15233 2.86784 5.38628 -0.0701935 -0.997525 -0.00416215
-3.12209 2.79194 5.38764 -0.079068 -0.996869 -0.000465486
-2.08942 2.69995 5.38907 -0.0978422 -0.995201 -0.00107973
-1.00595 2.59055 5.39052 -0.10335 -0.994645 0.000552313
0.207385 2.45894 5.39181 -0.112132 -0.993693 0.000503259
1.03409 2.36719 5.39232 -0.10814 -0.994135 -0.00113609
1.15188 2.35443 5.39241 -0.107694 -0.994183 -0.00138626
