4.52025 24.1182 -5.00678 -0.39123 -0.920286 0.00240473
4.68715 24.0478 -5.95892 -0.396991 -0.917819 0.000610646
5.72099 23.5918 -5.9511 -0.41444 -0.910064 0.00201882
6.67577 23.145 -5.9909 -0.428719 -0.903436 0.00166814
7.59997 22.7 -5.99131 -0.438344 -0.898805 0.002071
8.62196 22.1984 -5.99919 -0.441328 -0.897344 0.00207281
9.53308 21.7485 -6.01355 -0.443394 -0.896318 0.00389927
10.528 21.2589 -6.01878 -0.439437 -0.898273 0.00122734
11.5727 20.7519 -6.00202 -0.435796 -0.900043 -0.0019582
12.5437 20.2838 -5.98907 -0.428607 -0.903486 -0.00279469
13.4784 19.8437 -5.9786 -0.426546 -0.904433 -0.0076619
14.4153 19.3992 -5.94682 -0.427164 -0.904136 -0.00829799
14.6021 19.3047 -4.93752 -0.416145 -0.909292 -0.00339345
14.5984 19.3027 -3.92509 -0.428855 -0.903373 -0.000726809
14.5766 19.3134 -2.80271 -0.428127 -0.903717 -0.000906629
14.5775 19.3121 -1.78712 -0.416905 -0.908941 0.00152171
14.6102 19.3008 -0.77953 -0.423213 -0.905948 0.0122349
14.615 19.3011 0.309614 -0.428161 -0.903702 -0.000111775
14.6074 19.3059 1.35417 -0.424836 -0.905269 0.00124341
14.6049 19.3069 2.54479 -0.418636 -0.90815 -0.00261159
14.6011 19.3053 3.6429 -0.423669 -0.90581 -0.00353555
14.6075 19.302 4.6681 -0.418384 -0.908268 0.000229832
14.583 19.3163 5.75032 -0.415855 -0.909413 0.00579073
13.6872 19.7437 5.98032 -0.435365 -0.900253 0.000667489
12.7052 20.2152 5.98169 -0.435842 -0.900019 -0.00143482
11.571 20.7718 5.99074 -0.442851 -0.896592 -0.00228883
10.6576 21.2222 6.01017 -0.439389 -0.898295 -0.00182093
9.72882 21.6735 6.00251 -0.435014 -0.900423 -0.00041574
8.65021 22.1952 5.97679 -0.435388 -0.900242 0.000802681
7.7253 22.6403 5.98479 -0.42956 -0.903038 -0.000739039
6.68363 23.1329 5.973 -0.425934 -0.904747 -0.00377646
5.73339 23.5734 5.99349 -0.415518 -0.909582 -0.00249042
4.71912 24.0216 5.96886 -0.401201 -0.915878 0.0125677
4.56155 24.0847 5.01967 -0.387834 -0.921672 -0.0102122
4.55346 24.1008 3.97975 -0.388781 -0.921312 -0.00580044
4.54501 24.1059 2.83729 -0.394591 -0.918855 0.00173528
4.54423 24.102 1.79331 -0.393646 -0.919235 0.00209611
4.55232 24.095 0.76787 -0.390879 -0.920307 0.0110228
4.55504 24.0991 -0.265228 -0.396511 -0.918021 -0.00380249
4.56132 24.1042 -1.48538 -0.386709 -0.922161 -0.00690935
4.55165 24.1107 -2.48666 -0.395759 -0.918353 0.00144679
4.5474 24.1139 -3.62138 -0.394679 -0.918815 0.00251436
4.52551 24.1172 -4.78909 -0.39141 -0.920199 0.00575352
4.52286 24.1177 -4.88357 -0.391111 -0.920327 0.00545495
3.57423 24.5042 -4.90177 -0.356893 -0.93406 -0.00634594
3.58167 24.4993 -5.912 -0.352369 -0.935859 -0.00216855
3.82746 24.4026 -7.0087 -0.37022 -0.928936 0.00301536
4.78681 24.0032 -7.03125 -0.39647 -0.918042 0.00313362
5.84424 23.5294 -6.98004 -0.41279 -0.910808 0.00575759
6.75309 23.1069 -7.03491 -0.433434 -0.901185 0.000911179
7.78917 22.6052 -7.00871 -0.440411 -0.897795 0.00145817
8.75748 22.1277 -7.02607 -0.443121 -0.896454 0.00372703
9.7526 21.6369 -7.05361 -0.440777 -0.897613 0.001113
10.6549 21.1992 -7.04744 -0.432596 -0.901563 -0.00668977
11.5727 20.7559 -7.02852 -0.436905 -0.899493 -0.00520367
12.5455 20.2887 -7.01556 -0.428013 -0.903766 -0.00356677
13.4661 19.8574 -7.02517 -0.422847 -0.906182 -0.00597594
14.4787 19.3832 -7.00471 -0.421278 -0.906844 -0.0125318
15.4797 18.9236 -6.88527 -0.40513 -0.914251 -0.00388217
15.5563 18.8863 -5.74596 -0.394757 -0.918784 -0.000595654
15.5438 18.8795 -4.71251 -0.402188 -0.915482 -0.00864551
15.5309 18.8726 -3.57055 -0.405738 -0.913989 -0.00123682
15.524 18.8759 -2.42714 -0.407299 -0.913285 0.00384575
15.5324 18.8786 -1.41386 -0.407569 -0.913158 0.0039992
15.5353 18.884 -0.315083 -0.408843 -0.912601 0.00266725
15.5423 18.8792 0.708824 -0.411164 -0.911558 -0.00245606
15.5373 18.8799 1.77675 -0.415271 -0.909696 -0.00161128
15.5343 18.879 2.91722 -0.415923 -0.909396 -0.00270593
15.5299 18.8802 4.01247 -0.406266 -0.913754 0.00113141
15.5602 18.8768 5.15635 -0.403583 -0.91489 0.00984711
15.5506 18.8832 6.16257 -0.404291 -0.914608 -0.00637208
15.2138 19.0295 6.98385 -0.413895 -0.910292 -0.00773765
14.1685 19.5167 7.01983 -0.429236 -0.903176 0.00550877
13.2306 19.9618 7.02018 -0.430452 -0.902611 -0.00204901
12.2214 20.4526 7.02782 -0.438538 -0.898705 0.00376499
11.2744 20.9161 7.02913 -0.44023 -0.897884 -0.0010093
10.3401 21.3744 7.04026 -0.439449 -0.898261 -0.0029507
9.33776 21.8626 7.02792 -0.436498 -0.899705 0.000442948
8.38319 22.3239 7.01519 -0.433981 -0.900922 0.000637765
7.45378 22.7661 7.02122 -0.426312 -0.904569 -0.00363247
6.43795 23.2438 7.00694 -0.424028 -0.905631 -0.00570486
5.49015 23.6799 7.01388 -0.415348 -0.909612 -0.00959316
4.53641 24.1143 7.01976 -0.401825 -0.915711 -0.00315414
3.59515 24.4999 6.83445 -0.356369 -0.934299 0.009257
3.57575 24.4998 5.72165 -0.373966 -0.92738 0.0107985
3.62098 24.4783 4.69005 -0.376744 -0.926317 -0.000485541
3.57201 24.5008 3.60632 -0.364226 -0.931306 0.00237225
3.58057 24.4963 2.4343 -0.358244 -0.933624 -0.00292294
3.59366 24.4866 1.42829 -0.358746 -0.933299 0.0159356
3.58683 24.4858 0.396146 -0.360303 -0.932827 -0.00380626
3.60018 24.4844 -0.653041 -0.35641 -0.934316 -0.00511097
3.59049 24.4941 -1.66824 -0.352982 -0.935625 -0.00300041
3.58891 24.4942 -2.82671 -0.35453 -0.935008 0.00831101
3.57049 24.5005 -3.84138 -0.358352 -0.933583 -0.00154736
3.57685 24.5019 -4.77681 -0.365862 -0.930641 -0.00634456
5.1014 23.8731 -4.50904 -0.394656 -0.918767 0.0106734
6.036 23.4487 -4.51453 -0.4221 -0.906546 0.00247433
7.08318 22.9524 -4.52003 -0.430879 -0.902408 0.00159698
8.01353 22.5001 -4.52517 -0.439986 -0.898003 0.00171766
8.97698 22.0269 -4.52874 -0.440263 -0.897866 0.00229728
9.90109 21.573 -4.53195 -0.441785 -0.897115 0.00314078
10.8823 21.0897 -4.53321 -0.441057 -0.897471 0.00377858
11.8034 20.6377 -4.53393 -0.437101 -0.899412 0.000818244
12.8057 20.1546 -4.53431 -0.426367 -0.904548 -0.00175733
13.8174 19.6759 -4.53461 -0.429272 -0.903175 -0.000775249
14.0952 19.5432 -4.53484 -0.432089 -0.901831 -0.000834243
14.0669 19.5562 -3.62764 -0.431564 -0.902082 0.00029648
13.0724 20.0283 -3.62699 -0.428022 -0.903768 -0.000708559
12.1091 20.4902 -3.62647 -0.434265 -0.90078 0.00315248
11.1219 20.9741 -3.62573 -0.442173 -0.896929 0.00118306
10.2241 21.4167 -3.62446 -0.441034 -0.89749 0.0013301
9.19101 21.9241 -3.62315 -0.440561 -0.897721 0.00176703
8.26746 22.3777 -3.61957 -0.440752 -0.897628 0.00155729
7.29722 22.8512 -3.61595 -0.435357 -0.900254 0.00287151
6.28111 23.3362 -3.61195 -0.428338 -0.903618 0.00131802
5.36873 23.7572 -3.60871 -0.414006 -0.910262 -0.00469744
5.06053 23.8928 -3.60753 -0.397194 -0.917733 0.00157603
5.20087 23.8279 -2.70619 -0.407374 -0.913258 -0.00226909
6.13778 23.404 -2.70841 -0.42224 -0.906483 -0.00175137
7.12422 22.9353 -2.71117 -0.436295 -0.899799 -0.00289296
8.08359 22.4691 -2.71373 -0.439365 -0.898308 0.000636049
9.09328 21.9738 -2.71549 -0.441597 -0.897212 0.00179003
10.0344 21.5111 -2.71681 -0.441505 -0.897257 0.0016596
10.9592 21.0553 -2.71794 -0.44252 -0.896758 0.000981573
11.9626 20.5636 -2.71877 -0.438419 -0.89877 0.00126356
13.0425 20.0431 -2.71953 -0.430598 -0.902543 0.00121355
13.9951 19.59 -2.71996 -0.429255 -0.903183 -0.000119493
14.037 19.5701 -2.71998 -0.429522 -0.903056 -0.000408574
14.0705 19.5534 -1.81201 -0.431291 -0.902213 -0.000170065
13.0696 20.0311 -1.81178 -0.430423 -0.902625 0.00178107
11.9698 20.5615 -1.81148 -0.437227 -0.89935 0.00120088
10.9255 21.0734 -1.81093 -0.442554 -0.896739 0.00216961
9.93642 21.5606 -1.8106 -0.441391 -0.897314 0.00119584
8.99691 22.0226 -1.80987 -0.441353 -0.897332 0.00148039
8.09316 22.4652 -1.80837 -0.437051 -0.899436 -0.000888871
7.04611 22.9718 -1.80701 -0.436144 -0.899876 -0.00133685
6.1036 23.4208 -1.80518 -0.417216 -0.908799 0.00381328
5.19375 23.8297 -1.80419 -0.406462 -0.913666 -0.00181238
5.03333 23.8958 -0.901249 -0.402695 -0.915312 -0.00631044
5.94833 23.488 -0.901635 -0.416216 -0.90926 -0.00328982
6.86331 23.059 -0.901761 -0.434328 -0.900749 -0.00318672
7.83908 22.5874 -0.902743 -0.434404 -0.900718 -0.000371293
8.78487 22.1272 -0.903407 -0.440611 -0.897698 -9.7083e-05
9.75034 21.6533 -0.904026 -0.439755 -0.898113 0.00298196
10.7273 21.1741 -0.903889 -0.441303 -0.897347 0.00455362
11.6452 20.7208 -0.903964 -0.440893 -0.897554 0.00302376
12.7194 20.1995 -0.904004 -0.429644 -0.902997 0.00167849
13.6914 19.736 -0.904494 -0.431631 -0.902048 0.00198706
14.0176 19.5799 -0.904579 -0.430092 -0.902775 0.00427306
14.1131 19.5382 0.00264162 -0.427203 -0.904154 0.00182403
13.1909 19.9783 0.00267611 -0.430372 -0.902643 0.00405754
12.2312 20.4399 0.00327627 -0.438397 -0.898761 0.00601102
11.291 20.9022 0.00326174 -0.443278 -0.89636 0.0066288
10.2831 21.3971 0.0028825 -0.437653 -0.899128 0.00523687
9.28583 21.8829 0.00303612 -0.437958 -0.898995 0.000421061
8.22527 22.4001 0.00276808 -0.437716 -0.89911 -0.00232445
7.31017 22.8411 0.00267359 -0.433926 -0.900943 -0.00330875
6.38504 23.2816 0.00196633 -0.423789 -0.905761 0.000263887
5.32998 23.7597 0.00144654 -0.404591 -0.914486 -0.00460285
5.06763 23.8753 0.00130768 -0.402856 -0.915259 -0.00288969
5.13402 23.8442 0.904211 -0.403832 -0.914832 -0.00160378
6.06314 23.4277 0.905481 -0.41549 -0.909582 -0.0052894
7.00248 22.9841 0.90634 -0.433272 -0.901246 -0.00563481
7.99234 22.5078 0.907216 -0.435331 -0.900251 -0.00596699
8.98311 22.0292 0.908357 -0.435528 -0.900172 -0.00251607
9.94274 21.5649 0.909307 -0.435249 -0.90031 5.75354e-05
10.998 21.0532 0.90979 -0.437762 -0.899072 0.00587234
11.9123 20.6014 0.909622 -0.441922 -0.897033 0.00603905
12.9522 20.0953 0.91006 -0.434687 -0.900577 0.00288985
13.9597 19.612 0.910154 -0.434719 -0.900566 0.000378784
13.9839 19.6003 0.91015 -0.433678 -0.901066 0.00174627
14.0481 19.567 1.81808 -0.431108 -0.902296 -0.00266398
12.9998 20.0735 1.818 -0.436504 -0.899702 -0.000564305
12.0054 20.5599 1.81759 -0.438921 -0.89852 0.00316353
11.058 21.0239 1.81688 -0.438806 -0.898582 -0.000276214
10.1457 21.4678 1.81559 -0.435345 -0.900264 0.000395335
9.16207 21.9416 1.81436 -0.432726 -0.901525 0.000611257
8.22387 22.3923 1.81291 -0.432825 -0.901475 -0.00240582
7.1222 22.9224 1.81123 -0.433473 -0.901162 -0.00282145
6.16463 23.3787 1.80894 -0.421122 -0.907004 -0.000137011
5.19067 23.8196 1.80751 -0.402186 -0.915553 0.003151
5.02095 23.8941 1.80721 -0.402741 -0.915301 0.00493512
5.05802 23.8828 2.70952 -0.402058 -0.915609 0.00320759
5.98311 23.4641 2.71176 -0.425214 -0.905093 0.000574089
6.91274 23.0215 2.714 -0.430615 -0.902536 0.000181876
7.87185 22.5622 2.71715 -0.433208 -0.90129 0.00256057
8.90462 22.0665 2.72006 -0.43248 -0.90164 0.00241593
9.87397 21.601 2.72219 -0.433655 -0.901077 0.00156252
10.8045 21.1485 2.72356 -0.439643 -0.898173 0.00010843
11.7569 20.6824 2.72465 -0.437843 -0.89905 -0.00155718
12.7417 20.2008 2.72545 -0.441523 -0.89725 0.000128491
13.6538 19.7552 2.72582 -0.43314 -0.901325 -0.00197303
14.0623 19.5595 2.72601 -0.42987 -0.902882 -0.00396641
14.1199 19.5312 3.63362 -0.430235 -0.902716 0.000740994
13.1879 19.9804 3.6329 -0.438558 -0.898701 -0.00181278
12.2073 20.4619 3.63233 -0.438819 -0.898575 0.000710985
11.2489 20.9306 3.63162 -0.439161 -0.898406 0.00209646
10.2361 21.4268 3.63 -0.437595 -0.899167 0.00294378
9.27918 21.8883 3.62757 -0.433169 -0.901313 0.000741168
8.30896 22.3555 3.62418 -0.43397 -0.900924 0.00239037
7.27767 22.8496 3.62012 -0.429553 -0.903032 0.00412823
6.33538 23.2964 3.61635 -0.42774 -0.903902 -0.000184386
5.36453 23.748 3.61268 -0.417554 -0.908638 -0.00515792
5.02643 23.8992 3.61147 -0.399937 -0.916525 -0.00560152
5.08971 23.8656 4.51233 -0.398386 -0.91721 -0.00372763
6.13931 23.3863 4.51824 -0.422938 -0.906155 -0.00244613
7.11996 22.928 4.52398 -0.425854 -0.904787 0.00304353
8.04089 22.4877 4.52899 -0.436106 -0.899884 0.0044641
9.02139 22.0134 4.53355 -0.434302 -0.900766 0.00167028
10.0632 21.5117 4.53723 -0.435112 -0.900375 0.00154738
11.0312 21.0401 4.53968 -0.441141 -0.897434 0.00270548
12.0635 20.5326 4.54116 -0.441339 -0.89734 -0.000440244
13.0289 20.0577 4.54111 -0.437746 -0.899097 0.00166
14.0167 19.5789 4.5409 -0.434953 -0.900453 -0.000646486
14.027 19.574 4.5409 -0.427337 -0.904091 -0.0017783
13.6501 19.7595 5.44855 -0.434475 -0.90067 0.00509625
12.7494 20.1952 5.44933 -0.437531 -0.899201 -0.00203856
11.6717 20.7236 5.44905 -0.445324 -0.895361 -0.00398878
10.6826 21.2116 5.4476 -0.439674 -0.898151 -0.00344946
9.75612 21.6607 5.44465 -0.433255 -0.901271 0.000261425
8.73774 22.1524 5.43967 -0.435866 -0.90001 0.00165075
7.79024 22.6103 5.43373 -0.430458 -0.902607 -0.00270464
6.87722 23.043 5.42638 -0.425057 -0.905166 0.000904216
5.96337 23.4693 5.4195 -0.415054 -0.909796 -0.000908022
5.23142 23.7962 5.4139 -0.394801 -0.918766 0.000738057
5.3169 23.7739 -5.4109 -0.404291 -0.914627 0.00244694
6.33993 23.3045 -5.41972 -0.426085 -0.904683 0.00107812
7.28043 22.8568 -5.42705 -0.436922 -0.899496 0.00234792
8.2765 22.3695 -5.43392 -0.44102 -0.897496 0.00145559
9.25536 21.888 -5.43794 -0.442479 -0.896775 0.00267156
10.2403 21.402 -5.44081 -0.441796 -0.897104 0.00459769
11.1429 20.9598 -5.44201 -0.437034 -0.899445 -0.00042381
12.0726 20.507 -5.44191 -0.438281 -0.898829 -0.00394609
13.0618 20.037 -5.44157 -0.426729 -0.904368 -0.00454243
13.7212 19.7249 -5.44111 -0.43018 -0.90273 -0.00476669
13.8214 19.6771 -5.44112 -0.430137 -0.902749 -0.00517784
