6.09782 24.7198 2.69945 -0.418914 -0.908025 0.000445707
6.12472 24.7011 3.70158 -0.423258 -0.906005 -0.00235141
6.12877 24.6978 4.75558 -0.426046 -0.904701 -0.000872645
6.1791 24.6725 5.78328 -0.430356 -0.902652 -0.00254147
7.03398 24.2603 6.01303 -0.433905 -0.900916 -0.0083421
7.96112 23.8131 6.01994 -0.437461 -0.899236 -0.00166489
8.943 23.3351 6.00944 -0.437573 -0.899181 0.00118087
9.86706 22.8894 6.03972 -0.434006 -0.900909 0.000692204
10.8528 22.4165 6.0347 -0.433591 -0.90111 -0.000155308
11.797 21.962 6.04067 -0.433306 -0.901247 -9.90093e-05
12.7814 21.4934 6.03135 -0.427677 -0.90393 -0.00154145
13.7437 21.0402 6.04403 -0.421798 -0.90669 -0.000152955
14.6732 20.6167 5.99101 -0.406704 -0.913559 0.000495182
15.6054 20.205 6.01044 -0.400219 -0.916399 -0.00396282
15.8619 20.093 5.11403 -0.393916 -0.919145 0.00151167
15.8492 20.0951 4.1002 -0.391485 -0.920161 0.00656289
15.8474 20.0909 2.9487 -0.401756 -0.915744 0.00224496
15.8297 20.0941 1.79225 -0.403522 -0.91495 0.00336654
15.8501 20.0855 0.789791 -0.403101 -0.915154 -0.000658374
15.8453 20.0865 -0.381505 -0.40695 -0.91345 0.00093675
15.8281 20.0953 -1.581 -0.399974 -0.916513 -0.00487465
15.8518 20.0904 -2.7186 -0.394746 -0.918781 -0.00404661
15.8699 20.0859 -3.76501 -0.393736 -0.919219 -0.00284476
15.8486 20.0991 -4.83188 -0.389269 -0.921085 -0.00850382
15.8031 20.1263 -5.85776 -0.390308 -0.920667 -0.00555426
14.8847 20.5181 -6.06921 -0.398792 -0.916978 -0.0107794
13.9464 20.9402 -6.05887 -0.413979 -0.910226 -0.0104711
12.9827 21.3867 -6.05064 -0.423731 -0.905766 -0.00630771
11.9916 21.854 -6.01795 -0.425646 -0.904889 0.00130599
10.9065 22.3709 -6.00924 -0.436458 -0.899723 0.00180265
9.97457 22.828 -6.01968 -0.440951 -0.897526 0.00308133
9.0098 23.3029 -6.01789 -0.443408 -0.896318 0.00164341
8.08699 23.7602 -6.02491 -0.443612 -0.896215 0.00254185
7.11146 24.2408 -5.97538 -0.439854 -0.898064 0.00295547
6.20058 24.6774 -5.90992 -0.42616 -0.90462 -0.00705504
6.13011 24.707 -4.71839 -0.42729 -0.904111 -0.00138852
6.14882 24.7044 -3.62064 -0.423031 -0.906111 0.00282755
6.14511 24.7108 -2.56342 -0.41823 -0.908338 0.00182161
6.13131 24.7168 -1.47675 -0.419898 -0.907562 -0.00132862
6.12671 24.7128 -0.355044 -0.422915 -0.906169 -6.20842e-05
6.10429 24.7156 0.749623 -0.421158 -0.906924 -0.0107084
6.11551 24.7101 1.92266 -0.422619 -0.906301 0.00333246
6.09827 24.7192 2.45342 -0.419687 -0.907668 0.0014706
5.19145 25.1314 2.40672 -0.399745 -0.916616 0.00436071
5.18795 25.131 1.3642 -0.402627 -0.915361 0.00104226
5.2097 25.1213 0.346079 -0.402528 -0.915401 -0.00348843
5.2339 25.1175 -0.709772 -0.405212 -0.914176 -0.00929146
5.23276 25.126 -1.74436 -0.409369 -0.912364 -0.00299938
5.25836 25.1155 -2.87107 -0.411809 -0.911269 0.00142322
5.24908 25.1163 -3.96078 -0.416656 -0.909061 0.00228568
5.20927 25.1328 -5.00477 -0.405443 -0.91412 0.000144403
5.22242 25.1283 -6.00807 -0.40252 -0.9154 -0.000831401
5.37865 25.0577 -6.9787 -0.410307 -0.911948 0.000309997
6.31254 24.6259 -7.03373 -0.43018 -0.902692 0.00481557
7.22657 24.1798 -7.01114 -0.439788 -0.898094 0.00380033
8.15226 23.7245 -7.04028 -0.441618 -0.897191 0.00463306
9.13218 23.2403 -7.00974 -0.443425 -0.896308 0.00253969
10.066 22.7787 -7.02046 -0.442987 -0.896518 0.00437133
11.0918 22.2771 -7.01649 -0.43315 -0.901304 -0.00498111
12.1325 21.7866 -7.03777 -0.422371 -0.906423 0.000260284
13.1458 21.3191 -7.03245 -0.416629 -0.909011 -0.0108531
14.0873 20.888 -7.05839 -0.416838 -0.908898 -0.0123097
15.1599 20.4053 -7.04612 -0.405775 -0.913943 -0.0072956
16.1833 19.9643 -7.019 -0.392954 -0.919554 0.00270889
16.7687 19.7155 -6.5368 -0.392446 -0.919767 0.00384627
16.7778 19.7118 -5.51683 -0.388563 -0.9214 -0.00644813
16.768 19.7063 -4.29346 -0.389536 -0.920984 -0.00658122
16.7802 19.6941 -3.22037 -0.393879 -0.919156 -0.00339828
16.7509 19.7023 -2.20184 -0.392308 -0.919825 -0.0039069
16.7481 19.6989 -1.19779 -0.386985 -0.922086 -0.000821595
16.7619 19.6938 -0.175668 -0.385735 -0.922596 0.00495129
16.757 19.6961 0.907505 -0.380297 -0.924864 0.000452952
16.7565 19.6972 1.99975 -0.383294 -0.923545 0.0109066
16.7612 19.7121 3.18535 -0.379529 -0.925112 0.0104902
16.7687 19.7148 4.29841 -0.374074 -0.927398 -0.000848237
16.7929 19.7079 5.33544 -0.369059 -0.929406 -0.000197922
16.766 19.7126 6.47353 -0.376184 -0.926507 -0.00702075
16.1674 19.9608 7.02674 -0.389742 -0.920924 0.00118589
15.2315 20.3666 7.02832 -0.404977 -0.914323 -0.00263444
14.2823 20.7932 7.00957 -0.414118 -0.91021 0.00257931
13.1641 21.3122 7.03621 -0.426922 -0.904288 0.00108904
12.2445 21.7474 7.01832 -0.42938 -0.903123 0.000238903
11.2878 22.2074 7.0362 -0.43525 -0.900305 0.002117
10.2615 22.7005 7.02298 -0.433022 -0.901383 0.000549177
9.34235 23.1436 7.02355 -0.435559 -0.900158 0.00202829
8.31952 23.64 7.02671 -0.434993 -0.90043 0.00014437
7.41717 24.0711 7.01091 -0.428981 -0.903309 -0.00277793
6.41007 24.5549 7.03841 -0.438158 -0.89888 -0.00567999
5.47538 25.0013 7.02539 -0.425156 -0.905083 -0.00643584
5.26174 25.1038 6.08044 -0.421521 -0.906817 0.00183683
5.23693 25.1103 5.06686 -0.414747 -0.909885 0.00972666
5.21295 25.1189 4.03599 -0.4113 -0.911498 -0.00184116
5.19185 25.1322 2.90615 -0.400939 -0.916089 -0.00397695
5.18808 25.1332 2.48543 -0.399892 -0.916557 0.00299793
6.66546 24.4472 2.7215 -0.431406 -0.902158 -0.000668968
7.58486 24.0027 2.72081 -0.43659 -0.899659 0.00190253
8.56442 23.5263 2.72 -0.437591 -0.899171 0.00237912
9.50753 23.062 2.71927 -0.440764 -0.897622 0.00148098
10.4951 22.5829 2.71838 -0.432644 -0.901564 0.00145824
11.4113 22.1446 2.71707 -0.42983 -0.90291 -0.000844753
12.3261 21.7099 2.71552 -0.428926 -0.903339 0.000899977
13.2843 21.2543 2.71342 -0.429536 -0.903043 0.00360063
14.1974 20.8304 2.71166 -0.415086 -0.909772 0.00438458
15.127 20.4088 2.71101 -0.409463 -0.912327 0.000358401
15.383 20.2951 2.71096 -0.405666 -0.91402 0.00188885
15.388 20.2933 3.61065 -0.409119 -0.912467 0.00501699
14.4661 20.7132 3.61212 -0.419506 -0.907737 0.00529422
13.5054 21.1525 3.6146 -0.422966 -0.906145 -0.000681863
12.5809 21.5878 3.61751 -0.430411 -0.902633 -0.000655367
11.6005 22.0555 3.62032 -0.430085 -0.902785 0.00257142
10.6615 22.5044 3.62288 -0.432109 -0.901819 0.00202122
9.69806 22.9691 3.62406 -0.436641 -0.899636 -0.000706729
8.70046 23.4584 3.62525 -0.440679 -0.897663 -0.00168122
7.65302 23.97 3.62629 -0.43699 -0.899465 -0.00163763
6.66641 24.4465 3.62617 -0.427243 -0.904132 -0.00279712
6.70835 24.4244 4.53128 -0.427817 -0.903865 -0.00032885
7.61258 23.9885 4.53137 -0.438618 -0.89867 -0.00244635
8.60827 23.5009 4.53142 -0.439855 -0.898065 -0.00273728
9.51483 23.0583 4.5301 -0.435935 -0.899978 -0.000410416
10.5005 22.5843 4.52801 -0.431874 -0.90193 0.00282469
11.4219 22.1432 4.52451 -0.432127 -0.901812 0.000862337
12.36 21.6931 4.52127 -0.431619 -0.902055 0.00171776
13.2748 21.2599 4.51697 -0.421862 -0.906659 0.00128064
14.3071 20.784 4.51271 -0.413201 -0.910636 -0.00251031
15.228 20.3696 4.50921 -0.404043 -0.914738 0.00198213
15.2879 20.3431 4.50901 -0.404396 -0.914577 0.00347843
15.2543 20.3587 5.40627 -0.404242 -0.914652 6.82411e-05
14.3279 20.7712 5.41209 -0.409632 -0.912228 -0.00637616
13.3902 21.2064 5.41819 -0.425703 -0.904862 -0.00137739
12.3895 21.6794 5.42462 -0.428965 -0.903321 -0.000786033
11.3314 22.1871 5.42971 -0.433224 -0.901285 -0.00109633
10.2322 22.7143 5.43419 -0.431714 -0.90201 0.0006698
9.23905 23.1916 5.43629 -0.434366 -0.900736 3.17159e-05
8.33955 23.6296 5.43722 -0.438202 -0.898875 -0.00167684
7.36649 24.1041 5.43741 -0.436567 -0.899657 -0.00513143
6.80964 24.3735 5.43732 -0.429706 -0.902956 -0.00486116
6.68509 24.4379 1.81739 -0.43449 -0.900676 -0.000530463
7.76716 23.9112 1.81611 -0.442464 -0.896786 -0.00035518
8.73639 23.4349 1.81527 -0.440575 -0.897705 0.00439729
9.71413 22.9596 1.81481 -0.43873 -0.898617 0.00166014
10.7175 22.4762 1.81356 -0.430799 -0.902448 -0.000714534
11.6564 22.028 1.81277 -0.43059 -0.902548 0.000191574
12.6312 21.564 1.81184 -0.429358 -0.903134 0.000769719
13.6364 21.087 1.81091 -0.42608 -0.904684 0.0017066
14.5722 20.6571 1.81043 -0.412194 -0.911096 0.00103023
15.3625 20.303 1.81011 -0.408526 -0.912746 0.00113398
15.3893 20.2906 0.908776 -0.40872 -0.91266 -0.000234323
14.3833 20.7425 0.90868 -0.414821 -0.909902 0.00142558
13.4395 21.1794 0.908925 -0.427516 -0.904003 0.00283717
12.4872 21.6303 0.909318 -0.428684 -0.903443 0.00460324
11.5832 22.0617 0.909182 -0.433459 -0.901165 0.00373317
10.5278 22.567 0.909735 -0.431759 -0.901989 0.000394072
9.4757 23.0749 0.910384 -0.437299 -0.899314 -0.00201374
8.5687 23.5171 0.911281 -0.441135 -0.897441 5.43564e-05
7.60543 23.9919 0.912268 -0.441654 -0.897175 -0.00424211
6.71431 24.426 0.912632 -0.433704 -0.901043 -0.00471704
6.56732 24.5017 0.00792978 -0.433646 -0.901067 -0.0053384
7.48419 24.056 0.0066596 -0.440066 -0.897961 -0.00291137
8.44811 23.582 0.00613993 -0.441831 -0.897086 -0.00468847
9.36109 23.1331 0.00551797 -0.440116 -0.897938 -0.00221128
10.3021 22.6752 0.0054287 -0.436441 -0.899733 0.000258957
11.254 22.2151 0.00584048 -0.435266 -0.900284 0.00564719
12.1587 21.7801 0.00644013 -0.430121 -0.902747 0.00657382
13.0909 21.341 0.00666863 -0.425571 -0.904898 0.00694426
14.0021 20.9148 0.0070733 -0.419246 -0.907871 -0.00144838
14.938 20.4918 0.00740579 -0.409741 -0.912202 0.000313299
15.3467 20.3089 0.00743288 -0.407384 -0.913256 0.00108543
15.2989 20.3295 -0.893943 -0.407786 -0.913077 0.00136754
14.2146 20.818 -0.894772 -0.410908 -0.911677 0.000263783
13.276 21.2485 -0.895661 -0.42431 -0.905505 0.00475959
12.2555 21.7285 -0.896642 -0.428952 -0.903321 0.00337857
11.3099 22.1825 -0.897689 -0.436528 -0.899685 0.00321496
10.2981 22.6751 -0.89782 -0.438205 -0.898874 0.00158343
9.36556 23.1324 -0.898236 -0.441804 -0.897111 -0.000323718
8.40873 23.604 -0.898537 -0.441965 -0.897032 -0.000988519
7.41535 24.0921 -0.898237 -0.440669 -0.897668 -0.00187326
6.59434 24.4925 -0.897306 -0.430475 -0.902586 -0.00543014
6.71703 24.4373 -1.80317 -0.43839 -0.898784 -0.000948738
7.7037 23.9532 -1.80306 -0.44099 -0.897508 -0.00278659
8.61307 23.5041 -1.80284 -0.44305 -0.896497 -0.000783013
9.66335 22.9854 -1.80217 -0.44257 -0.896734 0.000748095
10.6396 22.5066 -1.80138 -0.438196 -0.898879 0.00105488
11.6691 22.0079 -1.8003 -0.434376 -0.900731 0.00067924
12.6653 21.5321 -1.79881 -0.430018 -0.902818 0.00180656
13.6816 21.0591 -1.79751 -0.418838 -0.908061 -0.00020566
14.6042 20.6414 -1.79647 -0.412322 -0.911031 0.0037113
15.3242 20.3181 -1.7956 -0.40671 -0.913557 -0.000878132
15.3028 20.3281 -2.6966 -0.400585 -0.916259 -0.00075445
14.3528 20.7504 -2.69805 -0.411208 -0.911532 0.00410332
13.4394 21.1687 -2.69976 -0.421917 -0.90663 0.00289912
12.5075 21.6049 -2.70189 -0.426332 -0.904562 0.00296092
11.541 22.0692 -2.70385 -0.435146 -0.90036 0.000118011
10.5118 22.5691 -2.70607 -0.438288 -0.898834 -0.00048235
9.45823 23.0855 -2.70792 -0.441113 -0.897451 4.61445e-05
8.44328 23.5879 -2.70857 -0.444248 -0.895904 0.000615572
7.33 24.1381 -2.70938 -0.442669 -0.896684 0.00115282
6.64518 24.4727 -2.70947 -0.434124 -0.900853 -0.000550508
6.67857 24.4542 -3.61589 -0.433153 -0.9013 0.00599812
7.65117 23.978 -3.61549 -0.441669 -0.897176 0.00201385
8.71292 23.4535 -3.61497 -0.443672 -0.896189 0.00109763
9.73057 22.9522 -3.61336 -0.438768 -0.8986 0.000412281
10.6651 22.4963 -3.61118 -0.437422 -0.899253 -0.00251671
11.5924 22.044 -3.60799 -0.436308 -0.899797 0.000215042
12.5209 21.597 -3.6049 -0.428509 -0.903532 0.00308212
13.4322 21.1708 -3.60145 -0.420973 -0.907073 0.000126326
14.4008 20.7262 -3.59868 -0.410031 -0.912072 -0.000180071
15.2641 20.3462 -3.59705 -0.39629 -0.918123 -0.00222672
15.3221 20.3225 -4.49678 -0.395983 -0.918257 -0.00146065
14.3664 20.7422 -4.49961 -0.41172 -0.91131 -0.00010039
13.4167 21.1779 -4.50295 -0.420026 -0.907512 -0.000390605
12.4976 21.608 -4.50781 -0.427477 -0.904023 -0.0025639
11.5452 22.0677 -4.51257 -0.436201 -0.899849 -0.000441834
10.4999 22.5765 -4.51646 -0.436946 -0.899484 0.00264963
9.55593 23.0362 -4.51991 -0.439997 -0.897999 0.000807167
8.64057 23.4883 -4.52195 -0.444803 -0.895627 0.00126201
7.66872 23.9691 -4.52288 -0.441678 -0.897174 -0.000213305
6.69329 24.4416 -4.52246 -0.431564 -0.902066 0.00549842
6.5876 24.4921 -4.52244 -0.428109 -0.903688 0.00838806
6.86223 24.3604 -5.42904 -0.431704 -0.902012 -0.00248123
7.98517 23.812 -5.4294 -0.443576 -0.896235 0.0014773
8.93756 23.3395 -5.42832 -0.444468 -0.895794 0.00126707
9.88115 22.8754 -5.42535 -0.438354 -0.898801 0.00132031
10.8458 22.4044 -5.42065 -0.438094 -0.898911 0.00562653
11.8069 21.9405 -5.41464 -0.432242 -0.901756 -0.00150335
12.7978 21.4695 -5.40782 -0.428447 -0.903546 -0.0062008
13.7522 21.0232 -5.40258 -0.420086 -0.90748 -0.00280828
14.8021 20.5489 -5.39784 -0.404616 -0.914479 -0.00365514
15.0513 20.4427 -5.39663 -0.391298 -0.920263 -0.00173744
15.2346 20.3648 -5.39577 -0.393432 -0.919349 -0.00285885
