7.47872 25.3571 1.32883 -0.440604 -0.897701 0.000330991
7.49652 25.3489 2.3789 -0.43876 -0.898604 0.00055579
7.51418 25.3395 3.38141 -0.439312 -0.898334 -0.000665054
7.5001 25.3443 4.39197 -0.440353 -0.897818 -0.00338783
7.52132 25.3303 5.4854 -0.445616 -0.895214 -0.00417727
8.23916 24.9712 6.08016 -0.444581 -0.895736 -0.00237391
9.26644 24.4657 6.09229 -0.440847 -0.897579 0.00217613
10.2987 23.9669 6.09434 -0.432402 -0.901681 0.000467107
11.3056 23.4851 6.07653 -0.429423 -0.903103 -0.00120828
12.3298 23.0016 6.04595 -0.424318 -0.905513 -0.000379528
13.2824 22.5567 6.10165 -0.420577 -0.907249 0.00376887
14.2056 22.1402 6.07819 -0.406009 -0.913845 0.00658218
15.1395 21.7311 6.06434 -0.399284 -0.916827 0.000691556
16.129 21.3166 6.08719 -0.379429 -0.925212 -0.00398329
17.0365 20.959 5.89353 -0.358513 -0.933522 -0.00218401
17.0807 20.9373 4.88193 -0.360971 -0.932568 0.00399841
17.0884 20.9306 3.77621 -0.371344 -0.928486 -0.000865292
17.0855 20.9239 2.65981 -0.366242 -0.930444 0.0114889
17.052 20.9258 1.56721 -0.371127 -0.928571 0.00445313
17.0505 20.919 0.511321 -0.375685 -0.926744 0.00177471
17.0483 20.9181 -0.590504 -0.37207 -0.928188 -0.00293503
17.0794 20.9082 -1.63034 -0.385181 -0.922831 -0.00430398
17.0604 20.922 -2.63315 -0.373157 -0.927718 -0.00286893
17.0546 20.9254 -3.77543 -0.371933 -0.928202 0.000971383
17.0503 20.9342 -4.89465 -0.379821 -0.925001 -0.0104817
16.8754 21.0165 -6.02542 -0.380809 -0.924628 -0.00687438
15.8485 21.4398 -6.06778 -0.381577 -0.924321 -0.00546371
14.7754 21.8878 -6.08208 -0.389485 -0.921024 -0.0039683
13.7493 22.3341 -6.08018 -0.411456 -0.911428 -0.0016873
12.7855 22.7754 -6.08657 -0.418986 -0.907993 -7.20437e-05
11.8774 23.1985 -6.09841 -0.424985 -0.905197 0.00247185
10.8924 23.6665 -6.08276 -0.434975 -0.900438 0.00215208
9.90649 24.1475 -6.04657 -0.44104 -0.897487 -0.000520465
8.90446 24.6468 -6.06841 -0.447972 -0.894047 0.000783741
7.87968 25.1623 -6.05007 -0.450458 -0.892795 0.00215939
7.49821 25.3559 -5.31106 -0.444935 -0.89556 0.00110424
7.51526 25.3495 -4.28646 -0.447396 -0.894336 0.000672827
7.52473 25.3454 -3.27183 -0.44803 -0.894017 -0.00155282
7.50383 25.3516 -2.15054 -0.448449 -0.893797 -0.00456994
7.5097 25.3442 -1.06953 -0.447622 -0.89422 -0.00221827
7.51088 25.3422 0.146678 -0.446149 -0.894957 -0.000937634
7.47898 25.3571 1.20385 -0.441816 -0.897105 0.000301608
6.63126 25.7729 1.13043 -0.439237 -0.89836 -0.00440361
6.6468 25.7712 0.0914353 -0.442333 -0.896837 -0.00510872
6.65635 25.7701 -1.0326 -0.445007 -0.895527 -0.000960397
6.63678 25.7825 -2.14309 -0.438182 -0.898881 -0.00311689
6.63753 25.7845 -3.14821 -0.438427 -0.898767 -0.000580785
6.66682 25.7709 -4.21126 -0.441137 -0.897435 0.0026908
6.6369 25.7812 -5.35834 -0.44052 -0.89774 0.00215135
6.65254 25.7749 -6.5365 -0.440724 -0.897637 -0.00321333
7.24868 25.4792 -7.03613 -0.451416 -0.892307 0.00317075
8.18421 25.0069 -7.04853 -0.448129 -0.893967 0.00183156
9.11856 24.538 -7.03898 -0.445994 -0.895033 0.00217584
10.0503 24.0764 -7.04506 -0.44028 -0.89786 0.00131147
11.0205 23.6032 -7.05381 -0.434177 -0.900796 0.0075086
11.9761 23.1509 -7.05216 -0.421394 -0.906876 0.0016998
12.9606 22.6949 -7.03894 -0.419031 -0.907972 -1.31233e-05
13.8835 22.2764 -7.05175 -0.409066 -0.912476 -0.00725522
14.8253 21.867 -7.05389 -0.38191 -0.924197 0.00236291
15.8636 21.4394 -7.03862 -0.380058 -0.924947 -0.00526387
16.8004 21.0513 -7.03336 -0.385057 -0.922889 -0.00255928
17.8561 20.6292 -6.9835 -0.358635 -0.933366 -0.0144313
17.9602 20.5773 -5.89296 -0.370636 -0.928749 -0.00728154
17.971 20.5654 -4.82276 -0.362369 -0.932025 0.00257632
17.9755 20.5728 -3.72553 -0.343651 -0.938998 0.0125062
17.974 20.5744 -2.66298 -0.343078 -0.939226 -0.0123452
17.9746 20.5568 -1.47244 -0.346896 -0.937835 -0.0076156
17.955 20.5605 -0.377623 -0.356834 -0.934162 0.00326567
17.9532 20.5639 0.628035 -0.364345 -0.931236 0.00716273
17.9429 20.5805 1.65689 -0.354646 -0.93495 0.00790105
17.9891 20.5778 2.8039 -0.341846 -0.939665 0.0130365
17.9937 20.5841 3.89659 -0.340145 -0.940343 -0.000359527
18.0021 20.5888 4.99064 -0.341971 -0.939658 0.0099564
17.9959 20.594 6.00298 -0.35098 -0.936379 -0.00276684
17.8482 20.6334 7.00767 -0.336155 -0.941766 -0.00879902
16.901 20.9941 7.04215 -0.373838 -0.927454 -0.00868304
15.9243 21.3924 7.05059 -0.383758 -0.923431 0.00221434
15.0042 21.7886 7.02637 -0.403858 -0.914821 -0.000154729
14.0594 22.2061 7.03373 -0.406702 -0.913553 -0.00176067
13.0961 22.6444 7.07033 -0.419814 -0.90761 -0.000705556
12.144 23.0874 7.02828 -0.424169 -0.905583 -0.000800703
11.1861 23.5412 7.04865 -0.432014 -0.901866 -0.00101362
10.2722 23.9797 7.06198 -0.434852 -0.9005 -0.00163313
9.31421 24.4435 7.049 -0.437777 -0.899083 0.00107558
8.38728 24.8963 7.05125 -0.440962 -0.897525 -0.00118333
7.36193 25.4018 7.04238 -0.441345 -0.897318 -0.00577467
6.61846 25.7675 6.58034 -0.438211 -0.89887 -0.0019887
6.6416 25.759 5.46671 -0.434949 -0.900449 -0.00326374
6.60175 25.7787 4.45088 -0.43193 -0.901901 0.00341352
6.6289 25.7662 3.41967 -0.432407 -0.901671 -0.00254759
6.63041 25.7698 2.40962 -0.433937 -0.900939 -0.00253836
6.62564 25.7744 1.38766 -0.438604 -0.898674 -0.00316579
6.62781 25.7737 1.30171 -0.439237 -0.89836 -0.00440401
7.98095 25.1075 0.928482 -0.447239 -0.894411 0.00244678
8.95914 24.619 0.927072 -0.446897 -0.894585 0.00120366
9.90375 24.1545 0.925649 -0.437057 -0.899434 0.000623511
10.9085 23.6708 0.924445 -0.431724 -0.902004 -0.00140317
11.9395 23.1799 0.923008 -0.428037 -0.90376 -0.00165172
12.9061 22.7257 0.921703 -0.422683 -0.906274 -0.00255645
13.8344 22.3025 0.920568 -0.408769 -0.912634 0.00272844
14.7554 21.8944 0.919594 -0.404763 -0.914421 0.000907578
15.7759 21.4456 0.918923 -0.400246 -0.916396 0.0046732
16.4117 21.1819 0.918257 -0.380378 -0.924815 0.00550659
16.5239 21.1336 0.014306 -0.380582 -0.924745 0.0021627
15.4837 21.5746 0.0137447 -0.398493 -0.917171 0.00115133
14.375 22.0612 0.0135 -0.404087 -0.914721 -0.000201262
13.3655 22.5117 0.0133264 -0.414626 -0.90999 0.00171007
12.3764 22.9724 0.0130853 -0.426777 -0.904356 0.00144395
11.4435 23.4146 0.0128837 -0.429699 -0.902968 0.0028184
10.4333 23.8965 0.0130955 -0.431717 -0.901999 0.00430189
9.49249 24.3538 0.0138439 -0.442181 -0.896924 0.00207472
8.38808 24.9034 0.0148252 -0.446997 -0.894535 -0.000321261
8.02442 25.0853 0.0151712 -0.447639 -0.894214 0.00042805
8.04604 25.0754 -0.899392 -0.447372 -0.894345 -0.00213619
9.01421 24.5931 -0.899143 -0.445862 -0.895099 -0.00214312
9.94098 24.1333 -0.899102 -0.442572 -0.896727 -0.00335407
10.9179 23.6612 -0.897957 -0.429819 -0.902911 0.00277597
11.837 23.2245 -0.897099 -0.427976 -0.903788 0.00174029
12.7598 22.7896 -0.895549 -0.425013 -0.905186 0.00141215
13.6879 22.3673 -0.893941 -0.407978 -0.912992 -0.000237859
14.6899 21.9211 -0.892363 -0.40615 -0.913803 0.00265172
15.6474 21.506 -0.891411 -0.391429 -0.920208 0.00098116
16.4969 21.1471 -0.890024 -0.385925 -0.922525 -0.00299777
16.5436 21.1326 -1.79412 -0.385641 -0.922623 -0.00685944
15.5985 21.5297 -1.79576 -0.387813 -0.921716 -0.00643674
14.4908 22.0072 -1.79853 -0.403211 -0.915098 0.00410021
13.4184 22.486 -1.80174 -0.416071 -0.909322 0.00436282
12.5064 22.9078 -1.80468 -0.42468 -0.905343 -0.00141627
11.5846 23.3425 -1.80747 -0.429394 -0.903117 -9.56042e-05
10.6135 23.8072 -1.80994 -0.437793 -0.899075 -0.00139488
9.67763 24.2663 -1.81266 -0.444743 -0.895651 -0.0037307
8.77244 24.7154 -1.81418 -0.445229 -0.895414 -0.00216025
8.02545 25.0884 -1.81527 -0.448022 -0.894013 -0.00409321
8.01978 25.0947 -2.72978 -0.449484 -0.893279 -0.00404535
8.96068 24.6241 -2.72738 -0.44592 -0.895071 -0.00197073
9.95946 24.1297 -2.72477 -0.439965 -0.898014 -0.000892917
10.8908 23.6765 -2.72143 -0.435357 -0.900246 -0.00464873
11.836 23.2233 -2.71697 -0.426525 -0.904476 -0.000455845
12.7706 22.7848 -2.71249 -0.422864 -0.906193 0.000912562
13.7222 22.3443 -2.70788 -0.41551 -0.909586 0.00188299
14.7463 21.8949 -2.70361 -0.393899 -0.919154 0.000136068
15.7427 21.4735 -2.69964 -0.388915 -0.921273 0.000683509
16.5588 21.1298 -2.69772 -0.386889 -0.922123 -0.00249156
16.4637 21.169 -3.60073 -0.384965 -0.92293 0.0015918
15.4103 21.612 -3.60512 -0.39142 -0.920209 0.00225539
14.4885 22.006 -3.61017 -0.395196 -0.918595 -0.00208827
13.5458 22.4222 -3.61604 -0.411563 -0.911377 0.00267595
12.612 22.8562 -3.62234 -0.425875 -0.904779 0.00231767
11.7059 23.2836 -3.62858 -0.429283 -0.903164 0.00328993
10.7963 23.7209 -3.63362 -0.435199 -0.90033 0.0027785
9.81447 24.2 -3.6398 -0.441299 -0.897354 0.00344949
8.86882 24.6712 -3.6439 -0.446283 -0.894892 0.000518846
8.03686 25.088 -3.64676 -0.449314 -0.893374 -0.000461003
7.97626 25.1179 -4.56455 -0.449302 -0.893378 0.00192264
8.96711 24.6199 -4.56028 -0.448491 -0.893783 0.00276683
9.86967 24.1699 -4.55503 -0.442068 -0.896981 0.00130703
10.8277 23.7025 -4.54737 -0.434792 -0.900528 0.00230446
11.7883 23.2426 -4.53914 -0.42768 -0.903925 0.00304257
12.694 22.8174 -4.53141 -0.423654 -0.905824 -0.00115371
13.7163 22.3452 -4.52134 -0.407629 -0.913139 -0.0039456
14.6583 21.9335 -4.51346 -0.392807 -0.91962 -0.00162285
15.7485 21.4704 -4.50612 -0.386838 -0.922148 -0.000287519
16.4694 21.1692 -4.50176 -0.381551 -0.924275 -0.0115904
16.499 21.1664 -5.40168 -0.381612 -0.924276 -0.00929362
15.4968 21.5821 -5.40964 -0.384736 -0.92302 -0.00346278
14.4266 22.0347 -5.41895 -0.392699 -0.919662 -0.00301998
13.3645 22.5073 -5.4318 -0.41858 -0.908179 -0.000839322
12.4526 22.93 -5.44332 -0.42135 -0.906898 0.00024427
11.4683 23.3929 -5.45457 -0.429202 -0.903208 0.000869028
10.4665 23.8744 -5.46515 -0.435391 -0.900238 0.00263657
9.5685 24.3157 -5.47325 -0.445607 -0.895228 0.00139058
8.54558 24.8283 -5.48096 -0.449874 -0.893087 0.0030622
8.0847 25.0603 -5.48309 -0.450051 -0.892999 0.002708
7.95329 25.1231 1.84341 -0.44379 -0.896129 0.00143541
8.86519 24.6685 1.83992 -0.446422 -0.894817 0.00298629
9.80271 24.2054 1.83818 -0.439581 -0.898195 0.00380024
10.7316 23.7521 1.83605 -0.435356 -0.900258 0.00010866
11.6435 23.318 1.8336 -0.426678 -0.904402 -0.00163618
12.586 22.8728 1.83078 -0.427383 -0.90407 -0.00130937
13.5591 22.4264 1.828 -0.410468 -0.911875 0.000777656
14.5714 21.9762 1.82549 -0.405341 -0.914166 -0.000136521
15.5213 21.5604 1.82392 -0.391854 -0.920018 0.00418606
16.53 21.1397 1.82339 -0.379086 -0.92532 0.00875759
16.5929 21.1234 2.72521 -0.37732 -0.926035 0.00945531
15.5913 21.5354 2.72733 -0.383296 -0.92361 0.00542363
14.537 21.9898 2.73098 -0.40307 -0.915166 -0.00235532
13.6072 22.4044 2.73494 -0.412879 -0.910785 -0.000690399
12.6711 22.8333 2.73901 -0.422992 -0.906131 0.00206052
11.6414 23.3176 2.74407 -0.428449 -0.903565 0.00132845
10.6312 23.8005 2.74808 -0.436541 -0.899684 -0.000646469
9.64167 24.2864 2.75233 -0.442714 -0.896662 -0.00128549
8.5874 24.8095 2.75533 -0.445655 -0.895202 0.00229111
8.00615 25.0984 2.75768 -0.44057 -0.897718 0.00104135
8.10888 25.0464 3.67192 -0.443953 -0.896046 -0.00263303
9.07284 24.5678 3.66792 -0.445702 -0.895179 -0.0019838
10.056 24.0814 3.66292 -0.440153 -0.897922 0.000776284
11.0152 23.617 3.65859 -0.431687 -0.902016 0.00377394
11.9813 23.1583 3.65169 -0.425505 -0.904949 0.00373419
12.9636 22.7005 3.6459 -0.419084 -0.907945 0.00203261
13.9439 22.2532 3.63953 -0.41074 -0.911751 0.00198619
14.9235 21.8234 3.63402 -0.397334 -0.917661 0.00495261
15.8954 21.4138 3.62876 -0.381114 -0.924527 0.000958052
16.4916 21.1703 3.62726 -0.37545 -0.926832 0.00432929
16.5213 21.1579 4.52632 -0.375877 -0.926669 -0.000737209
15.5272 21.5664 4.53262 -0.388281 -0.921538 -0.00227725
14.574 21.9752 4.5407 -0.398662 -0.917098 -8.00145e-05
13.5756 22.4215 4.54874 -0.414694 -0.90996 0.00110065
12.6244 22.8606 4.55629 -0.421633 -0.906761 0.00328979
11.6599 23.3137 4.56415 -0.427223 -0.904141 0.00310468
10.6931 23.7748 4.57239 -0.431774 -0.901976 0.00314767
9.75887 24.2267 4.57816 -0.441334 -0.897342 -0.0014228
8.77117 24.7147 4.58291 -0.444442 -0.895797 -0.00443668
7.98773 25.1036 4.58585 -0.442765 -0.896626 -0.00452912
8.10366 25.0408 5.50222 -0.444777 -0.895629 -0.0047773
9.10094 24.547 5.49698 -0.440555 -0.897721 -0.00274538
10.1594 24.0335 5.48963 -0.433859 -0.900979 0.00178965
11.1196 23.5733 5.48085 -0.431058 -0.902321 0.00240775
12.1198 23.0996 5.47173 -0.425292 -0.905053 0.00226862
13.1514 22.6181 5.46008 -0.418535 -0.908193 -0.00372072
14.1636 22.1566 5.44929 -0.408045 -0.912961 0.000901293
15.1105 21.7427 5.43837 -0.39458 -0.918857 0.00289767
16.0982 21.3304 5.42658 -0.375819 -0.926692 0.00154925
16.4595 21.1853 5.42419 -0.368641 -0.92957 0.00170258
16.471 21.1808 5.42412 -0.368641 -0.92957 0.00170258
