-16.5467 3.38101 2.31667 0.117081 -0.993122 -0.000215228
-16.4992 3.38571 3.36862 0.11867 -0.992925 -0.00409914
-16.4983 3.37774 4.42992 0.123013 -0.992336 -0.0116998
-16.4917 3.37664 5.59316 0.125756 -0.99206 0.000979462
-15.8546 3.45741 6.13571 0.123452 -0.992334 -0.00570552
-14.779 3.58761 6.06888 0.117642 -0.993052 -0.00278693
-13.6717 3.71796 6.1038 0.116448 -0.993191 -0.00312771
-12.6452 3.8313 6.1286 0.103856 -0.994585 -0.00184343
-11.5784 3.93924 6.13195 0.101101 -0.994873 0.00237712
-10.4062 4.05346 6.12563 0.0894398 -0.995973 -0.00622862
-9.3986 4.12386 6.12312 0.0499036 -0.998754 -0.000205573
-8.18572 4.17179 6.10557 0.0334631 -0.99944 -0.000440245
-7.12512 4.18842 6.11518 0.00418977 -0.999991 0.000697574
-6.08865 4.17155 6.11475 -0.0374571 -0.999276 -0.00670888
-5.07804 4.12658 6.08766 -0.0519577 -0.998639 -0.00454721
-4.06587 4.06228 6.10053 -0.0723143 -0.997375 -0.00308365
-2.93806 3.97078 6.10673 -0.087755 -0.99612 -0.00439088
-1.93765 3.8737 6.11141 -0.101791 -0.994803 -0.000503178
-0.941324 3.76761 6.13022 -0.107647 -0.994189 -0.00116358
0.0830139 3.65142 6.10833 -0.113891 -0.993493 0.00103228
1.1453 3.52885 6.11478 -0.116287 -0.993215 0.000519053
1.79672 3.45251 5.50119 -0.117336 -0.993092 -0.00102816
1.83693 3.4482 4.48914 -0.115284 -0.993332 0.00011964
1.81846 3.44836 3.40736 -0.115505 -0.993304 0.00230346
1.79554 3.44969 2.40382 -0.114014 -0.993479 0.00073656
1.81668 3.44524 1.36585 -0.113422 -0.993541 0.00332834
1.80416 3.44152 0.323719 -0.114728 -0.993382 0.00542787
1.82333 3.43453 -0.683678 -0.116881 -0.993141 0.0032243
1.81034 3.43188 -1.87001 -0.116733 -0.993156 0.00376199
1.79822 3.4278 -3.01623 -0.117564 -0.993064 0.0018372
1.83021 3.42494 -4.15295 -0.114914 -0.993368 -0.00378445
1.81089 3.42997 -5.30075 -0.115485 -0.993309 0.000802534
1.3499 3.47988 -6.0983 -0.115131 -0.993325 0.00690259
0.259897 3.61089 -6.12545 -0.121526 -0.992584 0.00271931
-0.745076 3.72994 -6.10842 -0.110103 -0.993916 0.00104638
-1.78952 3.84274 -6.10429 -0.0988584 -0.995101 -0.000881758
-2.81068 3.93911 -6.09273 -0.0874829 -0.996163 0.000793895
-3.81755 4.02406 -6.10722 -0.0805662 -0.996742 0.00176284
-4.93033 4.10273 -6.1125 -0.0576999 -0.998331 0.0021717
-6.05667 4.14885 -6.09513 -0.0300684 -0.999546 -0.0005137
-7.13441 4.1642 -6.07557 -0.00478642 -0.999979 0.00429154
-8.17509 4.15662 -6.10666 0.0206694 -0.999742 0.00946759
-9.19972 4.11991 -6.10352 0.0506062 -0.998712 0.00378015
-10.2908 4.05564 -6.11293 0.0663984 -0.997793 2.5545e-05
-11.4312 3.96737 -6.12175 0.0862508 -0.996272 0.00141803
-12.5252 3.86399 -6.08499 0.0991688 -0.995068 -0.00210154
-13.7681 3.72962 -6.09626 0.113221 -0.993568 0.00171213
-14.827 3.60069 -6.1058 0.121002 -0.992648 0.00274256
-15.9652 3.46368 -6.11586 0.118339 -0.992973 -0.00028445
-16.4834 3.40179 -5.39901 0.117724 -0.993045 -0.000584022
-16.5025 3.39757 -4.24674 0.120778 -0.992678 -0.00194186
-16.5176 3.39455 -3.24227 0.117963 -0.993015 -0.00198399
-16.5406 3.38924 -2.20047 0.119634 -0.992813 -0.00319531
-16.512 3.39008 -1.09214 0.120882 -0.992664 -0.00244921
-16.5316 3.38712 -0.0871288 0.116177 -0.993226 -0.00227437
-16.5042 3.38731 1.05995 0.118768 -0.992917 -0.00319061
-16.5407 3.38175 2.07385 0.117148 -0.993114 -0.000171051
-16.5424 3.38154 2.1154 0.117122 -0.993118 -0.00015022
-17.4726 3.27304 2.00281 0.115038 -0.993361 -0.000170017
-17.4455 3.27799 0.989149 0.114245 -0.993445 -0.00392321
-17.4621 3.2792 -0.175059 0.114457 -0.993428 0.000646878
-17.4533 3.27868 -1.25253 0.112249 -0.993671 -0.00166245
-17.4764 3.28142 -2.3185 0.111846 -0.993716 -0.0043555
-17.453 3.28648 -3.3269 0.111291 -0.993787 -0.00130981
-17.4557 3.2874 -4.36923 0.112275 -0.993677 -0.000844028
-17.4514 3.28958 -5.51581 0.114997 -0.993362 -0.00263555
-17.427 3.29429 -6.55652 0.114001 -0.99348 3.7277e-05
-16.6512 3.38348 -7.05583 0.115927 -0.993257 0.000738049
-15.613 3.50592 -7.06578 0.118859 -0.992911 -0.000220477
-14.4821 3.64171 -7.0498 0.119487 -0.992836 -4.47117e-06
-13.4515 3.76499 -7.04315 0.115933 -0.993249 0.00263663
-12.3769 3.88037 -7.04177 0.0994317 -0.995044 -0.000986441
-11.3543 3.97506 -7.04933 0.0806565 -0.996742 0.000309401
-10.3307 4.05386 -7.05784 0.0712761 -0.997457 0.000396605
-9.1746 4.11888 -7.04051 0.0475806 -0.998856 0.00460183
-7.99607 4.15949 -7.05579 0.0141069 -0.9999 5.43284e-05
-6.98865 4.1623 -7.02292 -0.0042197 -0.999991 -0.000400441
-5.85307 4.14239 -7.05227 -0.0258168 -0.999665 -0.00184842
-4.80946 4.08842 -7.05422 -0.0614329 -0.99806 0.0100918
-3.7738 4.01891 -7.05236 -0.0777588 -0.996962 0.00450031
-2.65313 3.92127 -7.04762 -0.0958556 -0.99539 0.00328462
-1.58156 3.81786 -7.04829 -0.101347 -0.994831 0.00581601
-0.47318 3.6977 -7.07328 -0.117102 -0.993109 0.00293561
0.547781 3.57108 -7.06033 -0.125546 -0.992075 0.00499662
1.61903 3.43899 -7.05612 -0.119376 -0.992785 0.0113097
2.71286 3.30973 -6.93141 -0.118112 -0.992962 0.00846642
2.74851 3.31211 -5.92663 -0.123519 -0.992323 0.00580973
2.7546 3.31711 -4.76052 -0.119799 -0.992795 0.00251939
2.76863 3.31625 -3.71524 -0.105376 -0.994432 0.000959367
2.73371 3.32429 -2.60066 -0.109933 -0.993929 0.00412434
2.76122 3.32472 -1.56274 -0.110109 -0.993915 0.00293431
2.74672 3.32919 -0.539192 -0.110899 -0.9938 0.00789778
2.74477 3.33742 0.612282 -0.109167 -0.993981 0.00921666
2.75954 3.34108 1.73495 -0.108877 -0.994054 0.00179393
2.7478 3.34251 2.79263 -0.109497 -0.993987 0.00086592
2.77869 3.33969 3.84562 -0.111468 -0.993768 0.000848754
2.75236 3.34292 4.89478 -0.108933 -0.994049 -0.000458397
2.75349 3.34172 5.95541 -0.113471 -0.99354 -0.00166528
2.69037 3.34795 6.95336 -0.114204 -0.993457 -0.00040997
1.67896 3.46576 7.08573 -0.11747 -0.993076 -2.24265e-06
0.67562 3.58351 7.05439 -0.11556 -0.9933 0.00052326
-0.328058 3.69805 7.05572 -0.111527 -0.99376 -0.00139193
-1.46017 3.82318 7.07316 -0.108965 -0.994044 -0.00127953
-2.53139 3.93122 7.06637 -0.090049 -0.995936 0.00181851
-3.62536 4.02186 7.06964 -0.0794554 -0.996816 -0.00645366
-4.75548 4.10389 7.05411 -0.0637693 -0.997963 -0.00160178
-5.90953 4.15944 7.05517 -0.0389668 -0.999224 -0.00567067
-6.95274 4.18496 7.06629 -0.00899587 -0.999944 0.00403488
-8.05217 4.17361 7.04439 0.0220985 -0.999749 -0.00378622
-9.10374 4.13502 7.06036 0.0510903 -0.998694 0.000882501
-10.1302 4.07376 7.06857 0.0724971 -0.99735 -0.00355752
-11.1574 3.98403 7.06802 0.0988722 -0.995099 0.0015352
-12.2428 3.8739 7.06072 0.102494 -0.994728 0.00321759
-13.2413 3.76704 7.0647 0.113186 -0.993567 0.00306147
-14.2756 3.64532 7.03343 0.11892 -0.992902 -0.00191943
-15.4181 3.50718 7.0744 0.122468 -0.992461 -0.00473714
-16.6213 3.35361 7.06246 0.127681 -0.991808 -0.0032092
-17.4459 3.25187 6.71101 0.121817 -0.992552 -0.00125637
-17.4436 3.25511 5.62905 0.126471 -0.991956 -0.00537883
-17.4481 3.26127 4.59186 0.119476 -0.992778 -0.0108678
-17.4286 3.27491 3.44427 0.116654 -0.993157 -0.00542045
-17.4776 3.27233 2.24993 0.114959 -0.99337 -0.000496757
-17.4765 3.27249 2.19205 0.11497 -0.993369 -0.000503859
-16.0563 3.43856 2.69586 0.118371 -0.992969 6.05261e-05
-14.9888 3.56895 2.69588 0.121829 -0.992551 -0.000616569
-13.8114 3.71316 2.69569 0.118925 -0.992901 -0.00193286
-12.7436 3.83758 2.69525 0.111546 -0.993754 -0.00312597
-11.5729 3.96291 2.69444 0.103628 -0.994611 -0.00316316
-10.5057 4.05607 2.6938 0.0756733 -0.997126 0.00352085
-9.42026 4.12603 2.69306 0.0537881 -0.998549 0.00268344
-8.28978 4.16886 2.69276 0.0283614 -0.999596 0.00180748
-7.28052 4.18646 2.69265 0.00460497 -0.999985 -0.00311647
-6.20892 4.17287 2.69262 -0.0338571 -0.999425 0.00171208
-5.14396 4.12858 2.69302 -0.0488768 -0.998805 -3.22161e-05
-3.96462 4.05806 2.69358 -0.0708675 -0.997472 -0.00528041
-2.86022 3.96556 2.69452 -0.0940369 -0.995568 -0.00106341
-1.73005 3.85015 2.69524 -0.104572 -0.994511 0.00354935
-0.673125 3.73351 2.69586 -0.114755 -0.993389 0.00305899
0.380726 3.61267 2.69653 -0.112492 -0.993648 0.00289186
1.27478 3.50989 2.69701 -0.114583 -0.993412 0.00163038
1.22492 3.51757 3.59575 -0.114809 -0.993386 0.00191498
0.0873515 3.64864 3.59509 -0.114619 -0.993407 0.0020972
-1.01491 3.77558 3.59432 -0.110051 -0.993926 5.78989e-05
-2.03208 3.88477 3.59339 -0.10241 -0.994733 0.00435621
-3.1408 3.99128 3.59244 -0.0840536 -0.99646 0.00165661
-4.14515 4.0681 3.59154 -0.0671022 -0.997746 -7.28981e-05
-5.16314 4.13046 3.59081 -0.050479 -0.998725 0.000509418
-6.23191 4.17399 3.59003 -0.0288228 -0.999581 0.00277477
-7.35017 4.18175 3.58989 0.00540692 -0.999985 -0.000272704
-8.41455 4.16572 3.59046 0.0285416 -0.999592 0.000590699
-9.52799 4.12222 3.59112 0.0494322 -0.99877 -0.00389848
-10.557 4.05106 3.59203 0.083255 -0.996526 -0.00210612
-11.6701 3.95101 3.59299 0.0992747 -0.995049 -0.00478166
-12.687 3.84017 3.5938 0.11202 -0.993701 -0.00326845
-13.7282 3.72066 3.59465 0.115023 -0.993361 -0.00192624
-14.7456 3.59799 3.59518 0.121034 -0.992648 -0.000976618
-15.8107 3.46756 3.59538 0.121087 -0.992636 -0.00330098
-15.9436 3.45153 3.59536 0.11971 -0.992802 -0.00380692
-16.0042 3.43908 4.49502 0.121795 -0.992544 -0.00468995
-14.9776 3.5681 4.49474 0.123363 -0.992351 -0.00452692
-13.8271 3.70607 4.49386 0.116 -0.993242 -0.00365835
-12.7979 3.82299 4.4929 0.106847 -0.994258 -0.00595316
-11.8022 3.93074 4.49179 0.0988885 -0.995082 -0.00570991
-10.6011 4.04389 4.49013 0.0850437 -0.99637 -0.00368693
-9.56046 4.11837 4.48897 0.0456349 -0.998958 -0.000511603
-8.54378 4.16186 4.48799 0.0343102 -0.999411 -0.00101473
-7.44983 4.18251 4.48759 0.00473511 -0.999987 0.00186599
-6.41362 4.18116 4.48771 -0.013767 -0.99989 0.00554278
-5.37611 4.14247 4.48817 -0.0563502 -0.998409 0.0018761
-4.31831 4.07818 4.48907 -0.0649716 -0.997887 0.000100367
-3.29181 4.00669 4.49026 -0.0821399 -0.996617 -0.00262674
-2.07749 3.88968 4.49175 -0.103136 -0.994663 -0.0028945
-1.03243 3.77777 4.49288 -0.111162 -0.993802 0.000516632
0.139249 3.64349 4.49397 -0.114043 -0.993476 0.000282447
1.21506 3.52035 4.49472 -0.115247 -0.993337 0.000155377
1.29475 3.51108 4.49477 -0.11558 -0.993298 0.000559506
1.13756 3.52966 5.39389 -0.114895 -0.993378 -0.000231788
0.144074 3.64375 5.39308 -0.114011 -0.993479 0.00092236
-0.894499 3.76261 5.39178 -0.110861 -0.993836 1.04337e-05
-1.93399 3.87378 5.39016 -0.102495 -0.994724 -0.00424748
-2.93519 3.97274 5.38857 -0.0901369 -0.995901 -0.00745664
-4.15012 4.07026 5.38685 -0.0703728 -0.997507 -0.00527522
-5.25796 4.13774 5.38539 -0.0517004 -0.998657 -0.00334069
-6.32064 4.17967 5.38469 -0.0223432 -0.99974 -0.00453619
-7.34294 4.18672 5.38463 0.00854729 -0.999949 0.005428
-8.4097 4.16404 5.38494 0.0333858 -0.999443 0.000157583
-9.47546 4.12233 5.38615 0.0442251 -0.999021 -0.000796764
-10.5305 4.04661 5.38793 0.0860507 -0.996285 -0.00348615
-11.5631 3.94414 5.38983 0.0994405 -0.99501 -0.0081101
-12.664 3.83211 5.39181 0.1028 -0.994681 -0.00644887
-13.7327 3.71357 5.3932 0.114907 -0.993373 -0.00257413
-14.7433 3.59353 5.39431 0.118989 -0.992893 -0.00212253
-15.9364 3.4468 5.39505 0.125269 -0.992118 0.00295123
-15.9544 3.44453 5.39505 0.12581 -0.992051 0.00262867
-15.9835 3.44831 1.79658 0.12013 -0.992758 -0.000299858
-14.9429 3.57587 1.79672 0.123473 -0.992348 0.000130361
-13.8901 3.70584 1.79656 0.119113 -0.992881 -0.000116572
-12.869 3.82517 1.79636 0.112484 -0.993652 -0.00152224
-11.7155 3.94608 1.79604 0.0942131 -0.995551 0.00167276
-10.6913 4.03761 1.79559 0.0825883 -0.996579 0.00297997
-9.54058 4.11528 1.79541 0.0570833 -0.998362 0.00383864
-8.50367 4.15914 1.79524 0.033963 -0.999421 0.00222512
-7.48049 4.18056 1.79498 0.0086155 -0.999925 0.00870904
-6.46544 4.17509 1.79503 -0.0150082 -0.999862 0.0070819
-5.42084 4.14208 1.7952 -0.050064 -0.998746 0.000788715
-4.37762 4.08517 1.79559 -0.062031 -0.998073 0.00151111
-3.14453 3.99245 1.79619 -0.0849583 -0.996381 -0.00276682
-2.13345 3.89119 1.7967 -0.105904 -0.994375 0.00139013
-1.01144 3.77045 1.79721 -0.108647 -0.994079 -0.00185171
0.0240116 3.65236 1.79777 -0.113602 -0.993526 -0.000292506
1.07393 3.53161 1.79827 -0.114433 -0.993429 0.00176521
1.18059 3.51933 1.7983 -0.114723 -0.993395 0.00206689
1.3182 3.50007 0.899939 -0.113425 -0.99354 0.00349059
0.31036 3.61821 0.89943 -0.116228 -0.993221 0.00168402
-0.708659 3.73732 0.898918 -0.113031 -0.993591 0.00058869
-1.73881 3.84902 0.898496 -0.10625 -0.994339 -0.000646452
-2.82918 3.96323 0.898124 -0.0981724 -0.995168 -0.00159918
-3.96266 4.05767 0.897648 -0.0691159 -0.997607 0.0015449
-4.9862 4.12045 0.897393 -0.0527034 -0.998609 0.00182653
-5.99151 4.1628 0.897141 -0.0300944 -0.999536 -0.00461935
-7.00716 4.17845 0.897096 -0.00429057 -0.99999 0.00136342
-8.01497 4.17362 0.897058 0.0190819 -0.999818 0.000297775
-9.02401 4.13863 0.897212 0.0462761 -0.998921 -0.00379605
-10.1073 4.08066 0.897334 0.0649516 -0.997888 0.000901654
-11.2158 3.99219 0.897495 0.0872681 -0.996176 -0.00423531
-12.2738 3.8883 0.897652 0.102919 -0.994679 0.00453495
-13.346 3.77075 0.897833 0.111233 -0.993792 0.00213354
-14.4111 3.64297 0.89774 0.12453 -0.992216 -0.000657712
-15.5926 3.4966 0.897619 0.121757 -0.992559 -0.00151397
-15.8429 3.46642 0.897555 0.119592 -0.992821 -0.00203844
-16.0028 3.44885 -0.00159502 0.118853 -0.992909 -0.00244755
-14.9787 3.5735 -0.00142754 0.122864 -0.992422 -0.00170152
-13.9832 3.69512 -0.00116269 0.116534 -0.993187 0.000457718
-12.9852 3.80887 -0.000975214 0.109311 -0.994005 0.00236224
-11.9179 3.9251 -0.000730834 0.106381 -0.994324 -0.00165978
-10.9109 4.02139 -0.000798098 0.0828946 -0.996558 -0.000553335
-9.82374 4.10084 -0.000809308 0.0589678 -0.998259 0.00136285
-8.7732 4.15396 -0.000956446 0.038865 -0.999217 -0.0074418
-7.75132 4.18295 -0.000542706 0.0173112 -0.99985 0.00107525
-6.65661 4.17968 -0.000366362 -0.0132268 -0.999904 -0.00406828
-5.64731 4.15069 -0.000258925 -0.0355173 -0.999366 0.00246579
-4.54415 4.0962 -0.000237528 -0.0592345 -0.998243 0.001344
-3.4944 4.02414 -0.000198827 -0.0806853 -0.996738 0.00178128
-2.4253 3.92244 -5.27057e-05 -0.104996 -0.994471 -0.00194795
-1.4003 3.81359 0.000191302 -0.10561 -0.994408 -0.000303293
-0.224482 3.68008 0.000549183 -0.118751 -0.992921 0.00229768
0.799904 3.55664 0.000858926 -0.117871 -0.993023 0.00343106
1.26495 3.50231 0.00100099 -0.114673 -0.993397 0.00360506
1.27326 3.49915 -0.897803 -0.117698 -0.993046 0.00255672
0.088504 3.64098 -0.898152 -0.11897 -0.992898 0.000328317
-0.908155 3.75878 -0.898225 -0.112784 -0.993617 0.00240747
-1.90734 3.86707 -0.898257 -0.103787 -0.994597 0.00215072
-2.91126 3.96882 -0.898297 -0.0983302 -0.995133 0.00636491
-4.0279 4.06259 -0.898445 -0.0710772 -0.997468 0.00253482
-5.16596 4.12816 -0.898473 -0.0454825 -0.998964 0.00115888
-6.19765 4.16838 -0.898429 -0.032176 -0.999482 -0.000684451
-7.25375 4.18901 -0.898434 0.0029079 -0.999973 0.00670213
-8.3565 4.1656 -0.898456 0.0345006 -0.9994 0.00317988
-9.38665 4.1234 -0.898586 0.0501675 -0.998733 0.0040697
-10.4937 4.05278 -0.898812 0.0743962 -0.997169 0.0108742
-11.528 3.96462 -0.899157 0.095444 -0.995421 0.00514634
-12.7135 3.83855 -0.899405 0.108937 -0.994048 -0.00137239
-13.761 3.72057 -0.899762 0.112992 -0.993589 0.00379702
-14.8884 3.58667 -0.900241 0.119442 -0.992835 -0.00337627
-15.9517 3.45784 -0.900604 0.1202 -0.992746 -0.00272202
-15.9932 3.4557 -1.79931 0.122849 -0.992421 -0.00284084
-14.8017 3.60043 -1.79886 0.118393 -0.992957 -0.00443667
-13.7423 3.72268 -1.79837 0.11304 -0.993586 -0.00310751
-12.6875 3.84285 -1.79791 0.111438 -0.993771 -0.000251835
-11.676 3.94694 -1.79752 0.0893479 -0.996 -0.000821479
-10.6249 4.03515 -1.79698 0.0785703 -0.996894 0.0053261
-9.52175 4.11223 -1.79653 0.0556697 -0.998448 -0.00143605
-8.36255 4.16178 -1.79622 0.0346777 -0.999387 -0.00471835
-7.33646 4.18308 -1.79605 0.00526641 -0.999975 0.00466978
-6.28591 4.16749 -1.79611 -0.0250354 -0.99967 0.00580826
-5.19317 4.12883 -1.79619 -0.046737 -0.998882 0.00709717
-4.18884 4.06907 -1.79629 -0.0728607 -0.997332 0.00442766
-3.1849 3.99173 -1.79648 -0.0922138 -0.995716 0.00680688
-2.15937 3.89145 -1.79653 -0.103788 -0.994598 0.00169353
-1.00617 3.7669 -1.79665 -0.112466 -0.993652 0.00253233
0.045982 3.64378 -1.79665 -0.119129 -0.992868 0.00458715
1.15392 3.51058 -1.79679 -0.119321 -0.992845 0.00453142
1.19972 3.50506 -1.79678 -0.119309 -0.992849 0.00414477
1.25368 3.49449 -2.69528 -0.119985 -0.992765 0.00462697
0.214488 3.6189 -2.69528 -0.119863 -0.992781 0.00441672
-0.856131 3.74665 -2.69514 -0.11657 -0.993179 0.00258628
-1.92752 3.8647 -2.69497 -0.10458 -0.994514 0.00223395
-2.9802 3.96942 -2.6946 -0.0886251 -0.996052 0.00517624
-4.14801 4.06168 -2.69424 -0.0714168 -0.99744 0.00364717
-5.23414 4.12639 -2.69384 -0.0368942 -0.999256 0.0112609
-6.44498 4.16379 -2.69361 -0.0259875 -0.999638 0.00695114
-7.49295 4.17696 -2.69389 0.00374049 -0.999993 -0.000515827
-8.62739 4.15678 -2.69403 0.0404424 -0.999182 -0.000689667
-9.73478 4.0984 -2.69448 0.0654582 -0.997853 0.00231902
-10.7718 4.02349 -2.69518 0.0782115 -0.996935 -0.00169192
-11.911 3.9242 -2.69597 0.0978742 -0.995194 0.00294095
-13.0865 3.80017 -2.6968 0.110848 -0.993837 0.000363716
-14.1357 3.68058 -2.69752 0.115751 -0.993274 -0.00283451
-15.2675 3.5476 -2.69823 0.118523 -0.992951 -0.00117449
-16.0226 3.45423 -2.69868 0.122952 -0.99241 -0.00206195
-15.9348 3.46633 -3.59791 0.122706 -0.992443 -0.000819328
-14.6895 3.61786 -3.59699 0.118316 -0.992975 -0.00158032
-13.5779 3.74786 -3.59596 0.114423 -0.993425 -0.00369888
-12.5363 3.85887 -3.59492 0.101736 -0.994811 -0.000820086
-11.5129 3.96049 -3.59387 0.0948541 -0.995488 -0.00246806
-10.384 4.05268 -3.59285 0.0726858 -0.997355 0.000730541
-9.35489 4.12287 -3.59208 0.0638617 -0.997956 0.0023609
-8.35344 4.16503 -3.59152 0.0214879 -0.999764 0.00307996
-7.27399 4.1735 -3.59131 -0.00468598 -0.999987 -0.00207393
-6.21408 4.15579 -3.5913 -0.0259156 -0.999663 -0.00168679
-5.15053 4.11719 -3.59158 -0.0472075 -0.998867 0.00603449
-4.14072 4.05704 -3.59205 -0.0719742 -0.997403 0.00251481
-3.0837 3.97612 -3.59267 -0.0844117 -0.996388 0.00923568
-1.99489 3.86956 -3.59329 -0.10545 -0.994421 0.00270015
-0.995812 3.76122 -3.59382 -0.113496 -0.993536 0.00237922
0.0589843 3.63699 -3.5942 -0.12085 -0.992668 -0.00243559
1.1048 3.51003 -3.59435 -0.121092 -0.992641 0.000926254
1.34044 3.48141 -3.59434 -0.118444 -0.99296 0.000897233
1.26907 3.49242 -4.49369 -0.117732 -0.99304 -0.0033318
0.228804 3.61802 -4.49333 -0.120796 -0.992677 0.00075307
-0.839277 3.74246 -4.49258 -0.111806 -0.993724 0.00337894
-1.87852 3.8543 -4.4918 -0.101047 -0.994871 0.00461862
-2.94645 3.95808 -4.49075 -0.0893014 -0.995965 0.00892581
-3.98207 4.04372 -4.48983 -0.0720197 -0.997396 0.00379057
-5.02976 4.11062 -4.48904 -0.0574708 -0.998339 0.00402907
-6.19867 4.15714 -4.48845 -0.0266194 -0.999635 -0.00462503
-7.20145 4.17002 -4.48825 -0.00485011 -0.999986 0.00193737
-8.21937 4.16488 -4.48867 0.0250249 -0.999685 -0.00205503
-9.32036 4.12268 -4.48941 0.0554525 -0.998433 0.00752541
-10.4439 4.04662 -4.4906 0.0737874 -0.997273 0.00107726
-11.5427 3.95643 -4.49211 0.0910955 -0.995841 0.00175068
-12.6212 3.85267 -4.49353 0.100822 -0.994898 -0.00353605
-13.7003 3.73713 -4.49497 0.11555 -0.993277 -0.00699715
-14.816 3.60414 -4.49633 0.121081 -0.992641 -0.00155747
-15.8459 3.47727 -4.49725 0.123526 -0.992341 -4.77758e-05
-15.9629 3.46271 -4.49733 0.123046 -0.992401 0.000706788
-15.9366 3.46719 -5.39688 0.118856 -0.992912 0.000174895
-14.8791 3.59584 -5.39574 0.121645 -0.992572 0.00196049
-13.8347 3.72386 -5.39442 0.116297 -0.993208 0.00353392
-12.8135 3.83463 -5.39251 0.10156 -0.994822 -0.00395857
-11.7453 3.93827 -5.39055 0.0944506 -0.995529 -0.000554489
-10.6463 4.03014 -5.38847 0.0721565 -0.997384 0.00441191
-9.53746 4.1051 -5.38675 0.0593041 -0.998231 0.00415121
-8.53838 4.15261 -5.38558 0.0281965 -0.9996 0.00206685
-7.45442 4.16733 -5.38503 -0.0050215 -0.99998 0.00382845
-6.36135 4.15709 -5.38521 -0.016946 -0.999855 0.00181096
-5.2353 4.12206 -5.38611 -0.0419374 -0.999118 0.00209777
-4.1913 4.05513 -5.38711 -0.0771107 -0.997016 0.00348248
-3.1288 3.96769 -5.38867 -0.0851747 -0.996352 0.00529342
-2.09274 3.87461 -5.38998 -0.0975976 -0.995225 0.00142937
-1.09644 3.77036 -5.39142 -0.109557 -0.99398 -0.000444401
-0.0937751 3.65553 -5.39236 -0.118578 -0.99294 0.00313071
1.10908 3.51168 -5.39317 -0.116112 -0.993231 0.00308353
1.12086 3.5103 -5.39317 -0.116112 -0.993231 0.00308351
1.12841 3.50942 -5.39318 -0.116623 -0.993173 0.00235059
