12.0016 28.1754 5.26832 -0.424361 -0.905407 -0.0124644
12.053 28.171 4.051 -0.416075 -0.90925 -0.0117115
12.0574 28.1749 2.92438 -0.418399 -0.908257 0.00195016
12.0408 28.1778 1.72862 -0.414921 -0.909848 -0.0040435
12.0509 28.1791 0.594913 -0.416672 -0.909015 -0.0086934
12.0728 28.1709 -0.460339 -0.428031 -0.903756 0.00358795
12.0804 28.1677 -1.47421 -0.425971 -0.904735 0.00161029
12.0725 28.1638 -2.52913 -0.424159 -0.905507 0.0120783
12.0966 28.1519 -3.68952 -0.427365 -0.904058 -0.00612114
12.0427 28.1707 -4.76679 -0.422003 -0.906381 0.0192684
12.0292 28.1544 -5.85891 -0.424545 -0.905405 0.0016204
12.9773 27.7244 -6.10683 -0.406362 -0.913682 0.00719292
13.8953 27.3267 -6.13074 -0.383609 -0.923491 0.00295078
14.8886 26.9224 -6.14053 -0.357947 -0.933676 0.0110831
15.8588 26.5636 -6.11893 -0.342341 -0.939574 0.00155451
16.9422 26.1755 -6.13081 -0.329322 -0.9442 -0.00378896
17.9183 25.8444 -6.11017 -0.313297 -0.94965 0.00322081
18.8938 25.5371 -6.15243 -0.28066 -0.959807 0.000708584
19.8941 25.2624 -6.13069 -0.239475 -0.970893 -0.00425317
20.9479 25.0085 -6.10352 -0.230433 -0.973086 -0.00188066
21.6195 24.8495 -5.63252 -0.227962 -0.973661 -0.00406763
21.6063 24.8422 -4.56014 -0.225514 -0.974196 -0.0092118
21.611 24.8329 -3.40941 -0.222563 -0.974917 -0.00166473
21.6152 24.8326 -2.39929 -0.226619 -0.973976 0.00239565
21.627 24.8332 -1.30208 -0.22349 -0.974706 0.000874372
21.6061 24.8414 -0.188879 -0.21882 -0.975748 0.00560978
21.6002 24.8463 0.920124 -0.214814 -0.976651 -0.00105744
21.6076 24.8422 1.95381 -0.219935 -0.975507 -0.000493622
21.5896 24.8461 3.01927 -0.21952 -0.975608 0.000315647
21.5808 24.8449 4.04196 -0.229067 -0.973319 -0.0129273
21.5668 24.8297 5.08488 -0.226088 -0.974096 -0.00452981
21.283 24.8923 6.08212 -0.235305 -0.971841 0.00533115
20.2328 25.1678 6.14411 -0.265084 -0.964212 -0.00517575
19.2364 25.4526 6.1112 -0.284264 -0.958744 0.000343524
18.2499 25.7485 6.11323 -0.298089 -0.954517 0.00370376
17.2964 26.0608 6.13404 -0.325433 -0.945563 -0.00184095
16.3197 26.4027 6.09436 -0.333686 -0.942669 -0.0047912
15.3269 26.7666 6.11433 -0.36044 -0.932725 -0.00250304
14.3386 27.1672 6.13712 -0.386387 -0.922326 -0.00449679
13.3994 27.5611 6.16018 -0.387861 -0.921717 -0.000861656
12.3873 27.9965 6.13654 -0.408071 -0.912944 -6.02389e-05
12.0019 28.174 5.35559 -0.421521 -0.90677 -0.00690401
11.1615 28.5711 5.41511 -0.43361 -0.90109 -0.00361332
11.1821 28.561 6.52491 -0.429651 -0.902994 0.00141211
11.779 28.2779 7.06748 -0.42839 -0.903594 0.000713261
12.6895 27.8608 7.07637 -0.394599 -0.918788 -0.0109663
13.6748 27.4409 7.07353 -0.388378 -0.921471 -0.00711496
14.6123 27.0497 7.05409 -0.375911 -0.92663 -0.000874004
15.5784 26.6744 7.05534 -0.355597 -0.934615 0.00675918
16.5247 26.3247 7.055 -0.335395 -0.942074 -0.00250326
17.5133 25.9913 7.05987 -0.313899 -0.949435 0.00576186
18.5853 25.6498 7.06582 -0.29223 -0.956339 0.00426459
19.6167 25.3395 7.03966 -0.282797 -0.959172 0.00396991
20.606 25.0629 7.0684 -0.252201 -0.967637 0.00492168
21.6812 24.8031 7.04441 -0.22244 -0.974888 0.0106724
22.4963 24.6238 6.73747 -0.207704 -0.978187 0.00286879
22.4919 24.6255 5.73529 -0.198659 -0.980047 -0.00635926
22.4964 24.6348 4.64069 -0.204999 -0.978706 -0.0105228
22.5071 24.6416 3.50706 -0.211344 -0.977401 -0.00468092
22.5049 24.6461 2.40616 -0.202141 -0.979341 -0.00430186
22.505 24.6509 1.25388 -0.206173 -0.978496 -0.00615302
22.5262 24.6423 0.225532 -0.209644 -0.977727 0.0099393
22.5096 24.6368 -0.825297 -0.215369 -0.976509 0.00682789
22.5173 24.6299 -1.88918 -0.217952 -0.975959 0.000629645
22.5169 24.6285 -2.96815 -0.214939 -0.976627 -0.000622432
22.5268 24.6298 -4.1065 -0.216957 -0.976171 -0.00455418
22.5448 24.6326 -5.11562 -0.221736 -0.975083 -0.00684171
22.5146 24.6449 -6.18927 -0.215833 -0.976414 -0.00566374
22.2539 24.7025 -7.05023 -0.226011 -0.974112 0.00503273
21.2178 24.9451 -7.06087 -0.229018 -0.973421 0.000192754
20.225 25.1803 -7.04423 -0.241977 -0.970206 0.00197231
19.2578 25.4389 -7.08987 -0.272959 -0.961968 -0.0104863
18.1468 25.7661 -7.04742 -0.284176 -0.958772 0.000256475
17.0755 26.1338 -7.07842 -0.333224 -0.942831 -0.00511406
16.0415 26.4976 -7.06763 -0.336598 -0.941646 -0.00179475
15.0822 26.8479 -7.05864 -0.352678 -0.935744 0.00127966
14.0628 27.2524 -7.07309 -0.386337 -0.922339 0.00585801
13.072 27.6767 -7.06483 -0.404859 -0.914367 0.00468731
12.1615 28.0892 -7.07131 -0.429793 -0.902915 7.97085e-06
11.2323 28.5352 -6.91341 -0.439712 -0.898127 -0.00449303
11.1665 28.5652 -5.89642 -0.439688 -0.898148 0.00240036
11.1849 28.5701 -4.87302 -0.429544 -0.902748 0.0231927
11.2335 28.5629 -3.84148 -0.430971 -0.902354 0.003941
11.2232 28.5715 -2.79138 -0.439513 -0.898189 0.00926314
11.2411 28.5699 -1.73098 -0.439954 -0.898014 0.00333246
11.2253 28.5756 -0.624458 -0.435472 -0.900196 -0.000888172
11.2205 28.5742 0.407541 -0.434034 -0.900869 -0.00684563
11.2108 28.5722 1.42146 -0.433873 -0.900973 -0.000241825
11.1996 28.575 2.60431 -0.428526 -0.903524 -0.0030033
11.2157 28.5636 3.81821 -0.426244 -0.904598 -0.00428486
11.166 28.5747 4.81737 -0.427427 -0.903953 -0.0132255
11.1592 28.573 5.28673 -0.434054 -0.900868 -0.00591907
12.5071 27.9462 5.56428 -0.405644 -0.914023 -0.00378621
13.5502 27.4984 5.54843 -0.387974 -0.921667 -0.00248913
14.4948 27.1042 5.53066 -0.381776 -0.924255 -0.000726038
15.4615 26.7146 5.51174 -0.357581 -0.933868 0.00508968
16.4417 26.359 5.49259 -0.333475 -0.942738 0.00634338
17.451 26.0098 5.47177 -0.321712 -0.946837 -0.00142314
18.4611 25.6816 5.4529 -0.292047 -0.956399 0.00301313
19.5351 25.3659 5.4342 -0.27591 -0.96112 0.0110797
20.5388 25.0837 5.42176 -0.262719 -0.964872 0.000785428
20.9881 24.9667 5.41671 -0.242629 -0.970118 0.00167366
20.8995 24.9995 4.51904 -0.241278 -0.970276 -0.0187155
19.9248 25.2453 4.52779 -0.267115 -0.96365 -0.00525115
18.7972 25.573 4.54088 -0.291504 -0.956558 0.00481256
17.7792 25.8948 4.55566 -0.305278 -0.952223 0.00877188
16.799 26.2242 4.57058 -0.334242 -0.942426 0.0107153
15.7864 26.5932 4.58699 -0.35118 -0.936304 0.00281449
14.6945 27.0221 4.60406 -0.377634 -0.925955 0.000482078
13.6627 27.4522 4.61906 -0.390041 -0.920797 0.000848574
12.7289 27.8577 4.62958 -0.405212 -0.91417 -0.00983073
12.5807 27.9233 4.63108 -0.40521 -0.914171 -0.00982761
12.4697 27.9837 3.70397 -0.416193 -0.90927 -0.00345238
13.4609 27.5383 3.69432 -0.39426 -0.918991 -0.00377196
14.4419 27.1274 3.68414 -0.377872 -0.925854 0.00280625
15.4717 26.7166 3.67306 -0.366058 -0.930584 -0.00398144
16.4104 26.3573 3.66133 -0.34959 -0.936903 -0.000532921
17.4791 25.9837 3.64922 -0.314404 -0.949282 -0.00359537
18.4825 25.6655 3.6379 -0.296003 -0.955141 0.00935266
19.5531 25.3467 3.62789 -0.269321 -0.962984 -0.0113302
20.5375 25.0948 3.61988 -0.232397 -0.972592 -0.00748345
21.0107 24.9825 3.61664 -0.231015 -0.972943 -0.00372191
21.1238 24.9535 2.71395 -0.228581 -0.973521 0.00274235
20.0626 25.212 2.71957 -0.242884 -0.970039 -0.00556844
19.0403 25.4936 2.72543 -0.282659 -0.959215 -0.00308742
17.9417 25.8339 2.73355 -0.306631 -0.951825 0.00241492
16.9885 26.1515 2.74118 -0.327483 -0.944857 -0.000560633
15.9471 26.5303 2.75036 -0.362456 -0.931998 0.0022867
14.9459 26.9253 2.75753 -0.374384 -0.927273 -0.00105396
13.9248 27.346 2.76541 -0.386946 -0.922095 -0.00383736
12.9923 27.7471 2.77056 -0.411156 -0.911564 -0.00149332
12.6662 27.8953 2.77259 -0.414734 -0.909942 -0.000811687
12.5887 27.9284 1.84847 -0.413573 -0.910471 -0.000210624
13.6428 27.4658 1.84349 -0.395098 -0.918631 0.00372649
14.5677 27.0801 1.83909 -0.379338 -0.925253 0.00305272
15.6368 26.6462 1.83437 -0.359735 -0.933043 0.00458946
16.587 26.2907 1.82942 -0.334256 -0.942481 0.00145713
17.5496 25.9591 1.82419 -0.320731 -0.947156 0.00515745
18.5264 25.6461 1.82011 -0.291374 -0.956609 -0.000106763
19.5777 25.3442 1.81579 -0.266153 -0.963911 -0.00611509
20.5733 25.0839 1.81201 -0.235335 -0.971903 -0.00463575
21.0584 24.9656 1.81076 -0.222322 -0.974973 -0.000627366
21.0805 24.9631 0.905558 -0.220224 -0.975449 -0.000476776
20.0077 25.2285 0.907367 -0.261658 -0.96516 -0.000634178
18.9948 25.5113 0.909398 -0.275837 -0.961199 0.00334844
17.9407 25.8309 0.911618 -0.305975 -0.952015 -0.00681836
16.9442 26.1661 0.913546 -0.33443 -0.94242 0.00116307
15.9758 26.5153 0.915571 -0.350238 -0.936647 -0.0049848
15.0229 26.8878 0.917857 -0.367233 -0.930111 0.00574429
13.9769 27.3197 0.920688 -0.392688 -0.919642 0.00742348
12.975 27.7589 0.922611 -0.408466 -0.912773 -0.00095162
12.5747 27.9385 0.923561 -0.410991 -0.911622 -0.0055965
12.5952 27.9299 -0.000910957 -0.417387 -0.90872 0.00415189
13.5602 27.497 -0.000641341 -0.40317 -0.915124 0.0011986
14.4859 27.1003 -0.000942507 -0.375413 -0.926857 -0.00108346
15.4191 26.7328 -0.00117071 -0.358895 -0.933366 0.00475876
16.3895 26.3622 -0.000498723 -0.353645 -0.93538 0.000738433
17.3867 26.0163 -0.000181613 -0.31831 -0.947984 0.00222402
18.441 25.6751 -0.000228916 -0.293252 -0.95603 0.00331053
19.4328 25.3843 -0.000602572 -0.26618 -0.963913 0.00436372
20.4351 25.1174 -0.000259329 -0.242795 -0.970066 -0.00475213
21.1107 24.9552 -0.000855995 -0.22319 -0.974765 0.00442593
21.0591 24.964 -0.903528 -0.230013 -0.973187 -0.00116319
20.0468 25.2178 -0.905677 -0.261182 -0.965285 -0.00283934
19.05 25.4932 -0.908936 -0.273924 -0.96174 -0.00459051
18.0745 25.7901 -0.910848 -0.307582 -0.95152 0.00168187
17.0886 26.1169 -0.913754 -0.324289 -0.945957 -0.000961649
16.0234 26.4977 -0.917246 -0.347692 -0.937602 0.00352042
14.9479 26.9102 -0.920787 -0.367569 -0.929978 0.00585772
13.9595 27.3206 -0.924415 -0.395533 -0.91845 0.00196209
13.0261 27.7317 -0.926271 -0.413039 -0.910713 -0.000327656
12.5718 27.9385 -0.927655 -0.414702 -0.909954 -0.00241509
12.5129 27.9636 -1.85351 -0.422377 -0.906413 0.0037052
13.4588 27.5392 -1.84953 -0.403228 -0.915097 -0.0021789
14.3982 27.1343 -1.84393 -0.388032 -0.921646 -0.000113197
15.3794 26.7376 -1.83809 -0.355994 -0.934488 0.00100158
16.4378 26.3455 -1.83145 -0.334466 -0.942406 -0.00186671
17.4232 26.0025 -1.82505 -0.324603 -0.945849 -0.00177214
18.3797 25.693 -1.81922 -0.29514 -0.955451 -0.00254607
19.4164 25.393 -1.81533 -0.267109 -0.963662 -0.00293453
20.5712 25.0844 -1.81007 -0.243704 -0.969848 -0.00192533
21.162 24.9396 -1.80743 -0.228853 -0.973441 0.00631236
21.1534 24.9399 -2.7126 -0.238717 -0.971089 0.000350646
20.1484 25.1962 -2.71786 -0.25637 -0.966572 -0.00363461
19.1542 25.4649 -2.72343 -0.264789 -0.964297 0.00421068
18.1672 25.759 -2.73131 -0.296957 -0.954882 0.00405268
17.2085 26.0744 -2.74001 -0.325342 -0.945596 0.000157512
16.2407 26.4186 -2.74852 -0.346139 -0.938182 0.00166668
15.284 26.7761 -2.75739 -0.358761 -0.933427 -0.00211796
14.1527 27.2398 -2.76771 -0.396551 -0.918007 -0.0031765
13.1434 27.6774 -2.77572 -0.400094 -0.916474 -0.000800363
12.5743 27.9304 -2.77945 -0.413303 -0.910579 0.005156
12.6072 27.9144 -3.70727 -0.415866 -0.909422 0.00247338
13.5929 27.4797 -3.69744 -0.394471 -0.918874 0.00797229
14.7331 26.9928 -3.68465 -0.386715 -0.922196 0.00247554
15.6877 26.6195 -3.67168 -0.347553 -0.937655 -0.00324285
16.7433 26.2377 -3.65817 -0.335104 -0.94218 0.00137358
17.8114 25.875 -3.64472 -0.311983 -0.95006 -0.00724739
18.794 25.5664 -3.63437 -0.278856 -0.960327 0.00326096
19.7595 25.3013 -3.62493 -0.255537 -0.966799 0.000993511
20.8082 25.0273 -3.61695 -0.23905 -0.971 -0.00375084
21.0989 24.9567 -3.61526 -0.236144 -0.9717 -0.00599715
21.0744 24.967 -4.51692 -0.229804 -0.973175 -0.011011
19.9885 25.2389 -4.52621 -0.249276 -0.968428 0.00309187
18.9401 25.5217 -4.53858 -0.275276 -0.961308 0.0104697
17.9522 25.8337 -4.55191 -0.310945 -0.95042 -0.00378895
16.9396 26.1702 -4.56928 -0.325852 -0.945386 -0.00812362
15.9409 26.5317 -4.58575 -0.34751 -0.937638 -0.0084397
14.9955 26.8889 -4.60291 -0.360423 -0.932787 0.00193088
14.0637 27.2667 -4.61785 -0.39129 -0.920235 0.00766418
13.0666 27.701 -4.63182 -0.414307 -0.910052 0.0124168
12.5528 27.9362 -4.6381 -0.416167 -0.909192 0.0132291
12.6845 27.8603 -5.56977 -0.412225 -0.910985 0.0133245
13.7484 27.3941 -5.55104 -0.394062 -0.919038 0.00922696
14.7534 26.9769 -5.5298 -0.365041 -0.93099 0.0017538
15.7786 26.5948 -5.50839 -0.343971 -0.938975 0.00325838
16.7189 26.2519 -5.48504 -0.333716 -0.94262 -0.0100177
17.7913 25.8875 -5.46311 -0.314915 -0.949118 0.00202492
18.8299 25.5565 -5.444 -0.293669 -0.955907 0.000416891
19.9189 25.2578 -5.42905 -0.247503 -0.968886 0.0014241
21.0372 24.9854 -5.41537 -0.23086 -0.972972 -0.00535796
21.0663 24.9785 -5.41495 -0.230932 -0.972956 -0.00523485
21.102 24.97 -5.41451 -0.230933 -0.972955 -0.00523728
