12.9976 28.9464 -5.36302 -0.397682 -0.917441 0.0116594
13.3575 28.7914 -6.12592 -0.388241 -0.921551 -0.0006967
14.293 28.4055 -6.13188 -0.376784 -0.926298 0.0023695
15.2792 28.017 -6.10568 -0.351417 -0.936171 -0.00948246
16.3483 27.6289 -6.14048 -0.338414 -0.940993 -0.00245444
17.3352 27.2936 -6.15522 -0.306213 -0.951957 -0.00246277
18.3135 26.9823 -6.13679 -0.293169 -0.95606 0.000802884
19.4007 26.6693 -6.14737 -0.268438 -0.963294 -0.00231306
20.5037 26.3923 -6.10779 -0.233994 -0.972237 0.00138143
21.5555 26.144 -6.11399 -0.225359 -0.974267 -0.00371555
22.5944 25.9178 -5.93459 -0.199068 -0.979966 -0.00487709
22.6144 25.914 -4.78441 -0.19475 -0.980847 0.00330183
22.6118 25.9118 -3.74069 -0.190463 -0.981688 -0.0034489
22.5991 25.9147 -2.60474 -0.194148 -0.980925 0.0096008
22.6239 25.9157 -1.58087 -0.195035 -0.980794 0.00198352
22.6391 25.9182 -0.489826 -0.194236 -0.980915 0.00879389
22.6309 25.9234 0.571688 -0.19313 -0.981163 -0.000846668
22.6368 25.9228 1.64705 -0.18594 -0.98256 0.00104316
22.6198 25.9254 2.79854 -0.185135 -0.982708 -0.00189848
22.5981 25.9291 3.85926 -0.19752 -0.980281 0.00134819
22.6371 25.9127 4.8743 -0.192632 -0.981085 -0.0189953
22.6031 25.9049 5.90272 -0.190496 -0.981658 -0.00716245
21.58 26.1165 6.11213 -0.214279 -0.976761 -0.00467283
20.5525 26.3646 6.13709 -0.246187 -0.969214 0.00355528
19.5576 26.6347 6.17386 -0.274129 -0.961665 0.00702482
18.5728 26.9206 6.13064 -0.281072 -0.959677 0.00228572
17.5946 27.2144 6.13759 -0.299094 -0.954223 0.00112919
16.5105 27.5686 6.11713 -0.325801 -0.945417 0.000252583
15.4637 27.9423 6.12314 -0.346541 -0.937954 0.00744544
14.5202 28.313 6.13761 -0.380674 -0.924688 0.00338993
13.5359 28.7258 6.12945 -0.388842 -0.921301 -0.00247433
13.0276 28.9409 5.41294 -0.391577 -0.920144 0.00103072
13.032 28.9392 4.2895 -0.404373 -0.914571 -0.00651355
13.0232 28.9389 3.27872 -0.402816 -0.915186 0.0132158
13.0255 28.9512 2.22199 -0.406886 -0.913146 -0.0244998
13.0539 28.9587 1.15645 -0.403429 -0.914989 -0.0063844
13.0639 28.9556 -0.00436503 -0.408506 -0.912756 -0.000219891
13.0495 28.9573 -1.04192 -0.408922 -0.912558 0.00337941
13.0348 28.9548 -2.09023 -0.415835 -0.909391 0.0088615
13.0478 28.9485 -3.23798 -0.405287 -0.914181 0.00392105
13.0188 28.9518 -4.31839 -0.403262 -0.91502 0.0108862
12.9999 28.9465 -5.29522 -0.398411 -0.917077 0.015443
12.1671 29.317 -5.34026 -0.41576 -0.90942 0.00925104
12.1698 29.312 -6.40157 -0.420117 -0.907462 -0.000228396
12.7386 29.0513 -7.06339 -0.40996 -0.912078 -0.00679278
13.8009 28.6047 -7.05968 -0.387527 -0.921847 0.00178567
14.9413 28.1457 -7.05843 -0.356883 -0.934149 0.000785726
15.9278 27.7798 -7.0472 -0.341628 -0.939834 -0.00151862
17.0039 27.4035 -7.08016 -0.318482 -0.947925 -0.00220854
17.9986 27.0793 -7.05973 -0.294376 -0.955666 -0.00110105
19.0539 26.7702 -7.06354 -0.273905 -0.961632 -0.0154932
20.1283 26.4817 -7.05251 -0.249061 -0.968486 -0.00193753
21.1395 26.245 -7.03287 -0.223586 -0.974675 -0.00351458
22.1212 26.0253 -7.06574 -0.211724 -0.977316 -0.00518483
23.1894 25.8202 -7.05202 -0.176032 -0.984368 -0.00567111
23.5461 25.7505 -6.26247 -0.176225 -0.984308 -0.00911185
23.5265 25.7455 -5.19686 -0.172907 -0.984919 -0.00609154
23.5221 25.7433 -4.09774 -0.176658 -0.984266 -0.00346502
23.5268 25.7401 -3.07057 -0.179978 -0.98367 0.00141942
23.5336 25.7397 -2.03342 -0.179184 -0.983813 0.00157222
23.5404 25.7456 -0.873984 -0.179287 -0.983762 0.00830822
23.5461 25.7521 0.212244 -0.18001 -0.983654 0.00453709
23.5313 25.758 1.28742 -0.178783 -0.983888 0.00128467
23.54 25.7558 2.36561 -0.180286 -0.983595 -0.00609849
23.5168 25.7502 3.3888 -0.184712 -0.982786 -0.00356911
23.5425 25.7422 4.50237 -0.188694 -0.982013 -0.00666673
23.5212 25.7364 5.52987 -0.171413 -0.985161 -0.0075614
23.5273 25.7307 6.56262 -0.175426 -0.984484 -0.001565
22.8309 25.8598 7.06318 -0.18444 -0.982843 -0.000918042
21.8404 26.0572 7.04564 -0.21913 -0.975627 -0.00761742
20.8306 26.2996 7.05787 -0.242396 -0.970123 0.0100568
19.7482 26.5844 7.09618 -0.267197 -0.963637 0.00194579
18.7103 26.8771 7.06262 -0.27258 -0.962103 -0.00760575
17.7187 27.1778 7.0674 -0.302808 -0.952993 0.000159103
16.684 27.5075 7.05979 -0.314671 -0.949138 -0.00238441
15.642 27.8777 7.05539 -0.350452 -0.936567 0.00497423
14.684 28.2456 7.04837 -0.364673 -0.931131 0.00296538
13.6451 28.6731 7.08117 -0.386875 -0.922057 -0.0117351
12.7044 29.0696 7.0571 -0.402732 -0.915283 -0.00798349
12.1605 29.3122 6.51099 -0.400442 -0.916251 -0.0114113
12.1715 29.3104 5.50379 -0.398296 -0.917247 -0.00433259
12.1705 29.321 4.43725 -0.405448 -0.914053 -0.0107799
12.1767 29.3244 3.43429 -0.418866 -0.90803 0.00405079
12.1836 29.3322 2.28669 -0.418523 -0.907983 -0.0201294
12.2057 29.3384 1.17693 -0.413673 -0.910385 -0.00856268
12.2064 29.3445 0.140792 -0.417121 -0.90884 -0.0044379
12.2034 29.3465 -0.924389 -0.420168 -0.907436 0.00430985
12.1789 29.3511 -1.94345 -0.424762 -0.905286 0.00586176
12.2132 29.3278 -2.98967 -0.419364 -0.907792 0.00690139
12.1839 29.3307 -4.05002 -0.412357 -0.910931 0.0128855
12.1745 29.3176 -5.08021 -0.415102 -0.909637 0.0158413
12.1703 29.3174 -5.20636 -0.414408 -0.909981 0.0140394
13.531 28.718 -5.55881 -0.385976 -0.922502 0.00347154
14.5563 28.2991 -5.54165 -0.377758 -0.925904 0.00115546
15.6372 27.884 -5.51933 -0.348606 -0.937267 0.00185307
16.6818 27.511 -5.49943 -0.332037 -0.943266 -0.00119978
17.6928 27.1757 -5.47992 -0.300759 -0.953675 -0.00695813
18.6528 26.8777 -5.45673 -0.281948 -0.95941 0.00618622
19.665 26.6015 -5.44004 -0.247113 -0.968985 0.00180662
20.6683 26.3517 -5.42487 -0.236711 -0.971577 -0.00254361
21.6849 26.1125 -5.41399 -0.224676 -0.974428 -0.00320772
21.9734 26.0461 -5.41159 -0.220585 -0.975346 -0.00645018
22.0895 26.0194 -4.5127 -0.214143 -0.976795 -0.0038376
21.0093 26.2687 -4.52189 -0.230687 -0.973012 -0.00550411
20.0335 26.5066 -4.53173 -0.24663 -0.96911 0.000168112
18.9238 26.7997 -4.54588 -0.263783 -0.964582 0.000426392
17.9565 27.0858 -4.56115 -0.289996 -0.956975 -0.0100201
16.9744 27.4021 -4.57684 -0.322084 -0.946576 -0.0159857
16.0133 27.7441 -4.59284 -0.343408 -0.939176 -0.00449188
14.9885 28.1285 -4.61059 -0.364028 -0.931369 -0.00598449
13.9781 28.5372 -4.62338 -0.382006 -0.92416 6.23847e-05
13.5862 28.7022 -4.6275 -0.388648 -0.92133 0.0101955
13.4772 28.7576 -3.70088 -0.396444 -0.918031 0.00721971
14.3978 28.3658 -3.69236 -0.379901 -0.925009 0.00586503
15.3793 27.9756 -3.68263 -0.353185 -0.935521 -0.00780359
16.3592 27.6169 -3.669 -0.332448 -0.943111 -0.00450752
17.323 27.2844 -3.65717 -0.314501 -0.949254 0.00262796
18.3544 26.9644 -3.6453 -0.288236 -0.957551 0.00397427
19.3612 26.6823 -3.63417 -0.258585 -0.965988 0.000117086
20.3471 26.4237 -3.62486 -0.250226 -0.968187 -0.00059191
21.3524 26.1827 -3.61662 -0.229988 -0.973187 -0.00352373
22.151 26.0039 -3.61066 -0.209787 -0.977726 -0.00644543
22.044 26.0308 -2.71116 -0.21059 -0.977566 0.00417644
20.92 26.2821 -2.71597 -0.222826 -0.974858 0.000904301
19.8365 26.5533 -2.7229 -0.256852 -0.966448 0.00230598
18.7993 26.839 -2.72984 -0.26947 -0.963008 0.00106321
17.7637 27.1471 -2.73878 -0.306067 -0.952006 0.00261369
16.8074 27.4628 -2.74765 -0.322289 -0.946638 0.00252594
15.8059 27.8134 -2.75707 -0.351907 -0.936008 0.00707558
14.8259 28.195 -2.76457 -0.384566 -0.923095 0.00196927
13.7466 28.6477 -2.77025 -0.390029 -0.920759 0.00893297
13.4894 28.758 -2.77266 -0.394585 -0.918818 0.00877102
13.5448 28.7354 -1.84723 -0.390317 -0.92067 0.00447332
14.5432 28.3173 -1.84289 -0.381948 -0.924181 -0.00217918
15.4737 27.9406 -1.83893 -0.363342 -0.931637 -0.00593101
16.4768 27.5762 -1.83326 -0.323976 -0.946047 0.00590884
17.4977 27.236 -1.82717 -0.312865 -0.949797 0.000936381
18.5708 26.9037 -1.8216 -0.282819 -0.959165 -0.00404167
19.6958 26.5926 -1.81704 -0.262108 -0.965035 0.00258673
20.6974 26.3403 -1.81206 -0.229254 -0.973365 0.00160506
21.9022 26.069 -1.80928 -0.215348 -0.976501 0.00839898
21.9274 26.0634 -1.80921 -0.21535 -0.976501 0.00839709
22.1644 26.0148 -0.903388 -0.211055 -0.977468 0.00344371
21.1216 26.2458 -0.90501 -0.218568 -0.975822 -0.000473294
20.0227 26.5071 -0.906996 -0.254602 -0.967046 0.0002799
19.0354 26.7717 -0.909458 -0.264392 -0.964408 0.00378498
17.9693 27.0834 -0.912041 -0.300773 -0.953694 -0.00169165
17.0175 27.3932 -0.914329 -0.317315 -0.948302 -0.00596524
16.0024 27.7432 -0.917151 -0.339233 -0.940687 -0.00535836
15.0495 28.1037 -0.919278 -0.366161 -0.930503 -0.00950358
14.0705 28.5109 -0.921041 -0.395002 -0.918662 -0.00580594
13.5284 28.7451 -0.922144 -0.398474 -0.917175 0.00285659
13.5291 28.748 0.000848439 -0.407072 -0.913387 0.00397091
14.5031 28.3178 0.00133389 -0.381029 -0.924525 -0.00842686
15.5587 27.9038 0.00153304 -0.348857 -0.937161 0.00532321
16.6194 27.526 0.00116289 -0.326392 -0.945234 0.000385977
17.6175 27.1946 0.00101063 -0.309012 -0.951057 -0.00154593
18.604 26.893 0.0011269 -0.278875 -0.960319 -0.00397476
19.7771 26.5701 0.00113936 -0.257331 -0.966316 -0.00377663
20.803 26.3149 0.000930945 -0.220339 -0.975413 -0.00457891
21.8499 26.083 0.00141803 -0.209342 -0.977842 0.000304736
22.0928 26.0316 0.00116295 -0.206063 -0.978537 0.0017773
22.0213 26.0441 0.906184 -0.206613 -0.978423 -0.000432499
21.0299 26.2598 0.907106 -0.218931 -0.975737 -0.00232379
20.0154 26.5041 0.909372 -0.250298 -0.968152 -0.00565349
18.9839 26.7843 0.912068 -0.274649 -0.961544 0.00107063
17.8486 27.1188 0.914544 -0.29379 -0.955835 0.00813735
16.8552 27.447 0.916888 -0.32415 -0.946006 0.000465109
15.8031 27.8178 0.920075 -0.338282 -0.941044 0.00112599
14.8631 28.1765 0.923466 -0.375652 -0.926761 0.000378972
13.7861 28.6365 0.925667 -0.403272 -0.91508 0.000401301
13.4759 28.7738 0.926421 -0.404118 -0.914705 -0.0018884
13.5538 28.7277 1.84965 -0.39799 -0.917212 -0.0180462
14.501 28.3249 1.8456 -0.380598 -0.92474 -0.000749165
15.4537 27.948 1.84002 -0.357545 -0.933883 -0.00484207
16.5737 27.5435 1.83424 -0.324808 -0.945769 -0.00462194
17.7175 27.1635 1.82813 -0.307432 -0.951559 -0.00460056
18.7844 26.8408 1.823 -0.279939 -0.960013 -0.0028629
19.7756 26.5675 1.81862 -0.247955 -0.968767 0.00297901
20.7575 26.3211 1.81547 -0.229604 -0.973273 0.00461834
21.7557 26.0976 1.81164 -0.208347 -0.978055 0.000406997
22.1706 26.0128 1.8109 -0.192866 -0.98122 0.00319202
22.078 26.0317 2.71293 -0.197891 -0.980224 -0.000535396
21.0725 26.2502 2.71735 -0.22903 -0.97339 0.00750335
20.0337 26.5066 2.72356 -0.241986 -0.970243 0.00849714
18.8731 26.8117 2.7324 -0.259946 -0.965622 -0.00157984
17.8541 27.1168 2.74027 -0.293372 -0.955987 0.0047113
16.7353 27.4818 2.7498 -0.323515 -0.946223 0.00051871
15.7437 27.8385 2.75767 -0.357361 -0.933958 0.00393479
14.7728 28.2132 2.76586 -0.363863 -0.93144 0.00484641
13.6753 28.6567 2.77401 -0.378707 -0.925516 0.000932885
13.4689 28.7452 2.77504 -0.396321 -0.917962 -0.0166051
13.6696 28.6612 3.69935 -0.388835 -0.921307 -0.000112922
14.6533 28.2636 3.69026 -0.364072 -0.93137 0.00116909
15.5864 27.9018 3.67939 -0.358383 -0.933572 0.00230649
16.6386 27.515 3.66706 -0.316831 -0.948478 0.00268621
17.6243 27.1932 3.65587 -0.298948 -0.954261 0.00393923
18.5938 26.8944 3.64432 -0.287839 -0.957667 0.00480434
19.6432 26.5995 3.63361 -0.242189 -0.970228 -0.00120766
20.6876 26.3402 3.62447 -0.231098 -0.972891 -0.00871749
21.7247 26.1064 3.61571 -0.206487 -0.978393 0.0104949
22.003 26.0483 3.61362 -0.201097 -0.979559 0.00501269
21.9986 26.0461 4.51736 -0.199711 -0.979777 -0.012371
21.0029 26.2588 4.52504 -0.223499 -0.974627 -0.0122771
19.8835 26.5303 4.53646 -0.246524 -0.969098 -0.00870197
18.8935 26.8117 4.54976 -0.283413 -0.958959 0.00860211
17.9211 27.1067 4.56422 -0.293644 -0.955898 0.00561793
16.8993 27.4302 4.57886 -0.313071 -0.949727 0.00214566
15.939 27.769 4.59461 -0.344656 -0.93865 -0.0121844
14.9972 28.1279 4.60966 -0.365355 -0.930854 -0.00520711
14.0221 28.5167 4.62312 -0.379049 -0.925303 0.0116538
13.5837 28.701 4.6283 -0.389699 -0.920909 0.00782194
13.6438 28.6791 5.55545 -0.389802 -0.920891 0.00373724
14.6516 28.2579 5.53993 -0.377504 -0.926007 0.00109316
15.6702 27.8667 5.52087 -0.338275 -0.941047 0.000228732
16.6139 27.5329 5.49872 -0.322906 -0.946423 0.00387739
17.6655 27.191 5.4804 -0.296666 -0.954959 0.00646828
18.6552 26.8934 5.46144 -0.286662 -0.958006 0.00702058
19.7468 26.5729 5.44203 -0.271213 -0.962517 0.0022001
20.8244 26.2939 5.42562 -0.240531 -0.970641 -0.000117925
21.872 26.0569 5.41343 -0.196315 -0.980538 -0.00238842
22.0999 26.0117 5.41127 -0.19586 -0.98055 -0.0126687
22.1487 26.0019 5.41085 -0.197478 -0.980228 -0.0124379
