13.9288 29.7515 5.38963 -0.368622 -0.929551 0.00443478
14.4249 29.5558 6.13245 -0.371299 -0.92848 0.00772394
15.4702 29.1594 6.13564 -0.339197 -0.940712 5.78799e-05
16.436 28.8179 6.14746 -0.322199 -0.946666 -0.0034515
17.4837 28.4822 6.14568 -0.291458 -0.95658 -0.000809831
18.4602 28.1907 6.14818 -0.28144 -0.959569 -0.00373277
19.5292 27.898 6.15756 -0.253343 -0.967359 0.00577096
20.5196 27.6434 6.13775 -0.240464 -0.970648 0.00447326
21.5078 27.4114 6.10052 -0.203935 -0.978852 0.016088
22.6436 27.1877 6.14983 -0.184021 -0.982893 -0.00746342
23.5635 27.0292 5.87376 -0.164144 -0.986414 -0.00665551
23.5892 27.0291 4.82945 -0.167503 -0.98587 0.00152444
23.6259 27.0258 3.80035 -0.168065 -0.985707 -0.0116253
23.5883 27.0373 2.75166 -0.174908 -0.984579 0.000139994
23.6028 27.0341 1.61037 -0.171771 -0.985126 -0.00107172
23.6264 27.027 0.487765 -0.173477 -0.984838 0.000590015
23.5865 27.0385 -0.667498 -0.173273 -0.98484 -0.00819504
23.5849 27.0359 -1.8893 -0.174179 -0.984659 0.0101394
23.6224 27.0182 -2.9409 -0.1681 -0.985735 0.0062029
23.6202 27.0204 -3.98134 -0.170272 -0.985393 -0.00288305
23.6125 27.0251 -5.03097 -0.15136 -0.988478 -0.000804522
23.5343 27.0359 -6.04199 -0.16133 -0.9869 8.89235e-05
22.4125 27.241 -6.15802 -0.182454 -0.983209 -0.00287376
21.3101 27.4687 -6.12565 -0.208149 -0.978091 0.00193964
20.3208 27.6948 -6.11818 -0.23082 -0.972996 -0.000482228
19.2089 27.974 -6.1513 -0.247656 -0.968846 0.000561989
18.1091 28.2831 -6.13332 -0.282491 -0.959257 -0.00252376
17.117 28.5881 -6.15821 -0.303891 -0.952693 -0.00517662
16.145 28.9178 -6.14582 -0.341047 -0.940045 0.00170634
15.1209 29.2971 -6.1186 -0.352853 -0.935674 -0.00296314
14.0861 29.7059 -6.09357 -0.38047 -0.924743 -0.00260058
13.9574 29.766 -5.13331 -0.384159 -0.923243 0.00509597
13.9779 29.7587 -4.10231 -0.377447 -0.926031 -0.000120203
13.9672 29.7605 -3.06545 -0.379752 -0.925072 0.00160722
13.9731 29.7568 -2.00802 -0.387001 -0.922058 0.00448207
14.0004 29.7533 -0.997966 -0.392208 -0.919871 0.00313327
13.9614 29.761 0.196943 -0.395364 -0.918404 -0.014902
13.953 29.7572 1.24802 -0.389225 -0.921139 -0.00243228
13.961 29.7502 2.33529 -0.389502 -0.921007 -0.00572178
13.9573 29.7514 3.49121 -0.371998 -0.928223 0.0041245
13.9502 29.7439 4.66543 -0.371749 -0.928049 -0.0229758
13.9289 29.7499 5.25009 -0.367017 -0.930161 0.00995127
13.0759 30.104 5.30274 -0.385077 -0.922865 0.00589668
13.0914 30.1044 6.39632 -0.383293 -0.923619 0.00387939
13.6509 29.874 7.06727 -0.382057 -0.924138 -0.000121277
14.5865 29.4935 7.06866 -0.361039 -0.932519 0.00170353
15.5277 29.1385 7.06825 -0.34876 -0.937207 0.00157745
16.5591 28.7712 7.07446 -0.32095 -0.947051 -0.00921701
17.5414 28.4619 7.07621 -0.29081 -0.956779 -0.00165792
18.53 28.1691 7.04953 -0.271315 -0.962442 0.00139861
19.5233 27.906 7.08218 -0.249592 -0.968311 0.00879558
20.5166 27.6494 7.06383 -0.248795 -0.96851 0.00945604
21.581 27.3988 7.03405 -0.208055 -0.978066 0.00710405
22.6748 27.1824 7.07056 -0.184685 -0.982788 0.00403569
23.7527 26.99 7.08503 -0.160694 -0.986998 -0.00332538
24.5098 26.8702 6.56214 -0.154641 -0.987956 -0.00544313
24.515 26.8748 5.50326 -0.162143 -0.986755 -0.00486397
24.5265 26.8768 4.46869 -0.152876 -0.988234 -0.00482602
24.5319 26.8824 3.46761 -0.150111 -0.988635 -0.00816871
24.4888 26.8943 2.44226 -0.151154 -0.988497 0.00295699
24.5223 26.8859 1.38036 -0.148374 -0.988921 0.00410993
24.5226 26.8801 0.276778 -0.143945 -0.98957 0.00550772
24.5027 26.8835 -0.777088 -0.164385 -0.98638 -0.00477705
24.4957 26.8807 -1.80333 -0.165326 -0.986178 0.010338
24.5242 26.8748 -2.89932 -0.149833 -0.988674 -0.00862818
24.5235 26.879 -3.92842 -0.146818 -0.989148 -0.00561571
24.5322 26.8876 -4.97977 -0.140215 -0.990069 -0.0101539
24.5208 26.8898 -6.02778 -0.141961 -0.989872 0.00061555
24.3492 26.9166 -7.03979 -0.140027 -0.990144 -0.00269616
23.3322 27.0768 -7.09398 -0.175073 -0.984532 -0.00683706
22.247 27.2756 -7.07373 -0.189447 -0.98189 -0.00144466
21.1635 27.5018 -7.06387 -0.214598 -0.976697 -0.00338189
20.0001 27.774 -7.06428 -0.240931 -0.970532 -0.00454378
18.9507 28.0443 -7.08735 -0.258306 -0.966045 0.00230045
17.9649 28.3285 -7.05441 -0.295767 -0.95526 -0.000237559
17.0116 28.6267 -7.0977 -0.305733 -0.952019 -0.0115467
15.9954 28.9742 -7.06581 -0.341389 -0.939881 -0.00534323
15.0373 29.3341 -7.06573 -0.354179 -0.935167 -0.00402432
14.0716 29.713 -7.07947 -0.383629 -0.923486 0.00188496
13.1504 30.0994 -6.83807 -0.386107 -0.92245 0.00219405
13.1141 30.1161 -5.62668 -0.385957 -0.922514 0.00195705
13.1123 30.1192 -4.50319 -0.389069 -0.921209 -0.000771258
13.1056 30.1258 -3.35145 -0.397276 -0.917693 0.00331078
13.123 30.1238 -2.31932 -0.412826 -0.910756 0.00989229
13.1513 30.1254 -1.24075 -0.40519 -0.914194 0.00841522
13.1285 30.1304 -0.0751799 -0.407758 -0.913043 -0.00927501
13.108 30.1263 1.04097 -0.402868 -0.915242 -0.00549303
13.1002 30.1216 2.07433 -0.40082 -0.916068 -0.0127483
13.0895 30.1127 3.08446 -0.394557 -0.918817 -0.00999715
13.0998 30.0982 4.13452 -0.388773 -0.92131 -0.00657928
13.0764 30.1029 5.13643 -0.385377 -0.922744 0.00528028
14.4195 29.5552 5.5426 -0.372165 -0.928165 -0.00161351
15.3788 29.1929 5.52794 -0.340756 -0.940149 -0.00237174
16.3534 28.8494 5.51156 -0.318791 -0.94781 -0.00531872
17.4434 28.4953 5.49108 -0.28902 -0.957322 -0.0016
18.4242 28.2051 5.47288 -0.279348 -0.960148 -0.00896094
19.4253 27.9245 5.45697 -0.257451 -0.966281 -0.00455646
20.5004 27.6477 5.43885 -0.232889 -0.972501 -0.00190609
21.555 27.4037 5.42489 -0.207417 -0.978093 -0.0176668
22.5493 27.2075 5.41204 -0.178265 -0.983983 0.000247599
23.0469 27.1195 5.40757 -0.171868 -0.9851 -0.00625003
23.1363 27.1078 4.50973 -0.169402 -0.985542 -0.00304875
22.0322 27.315 4.51827 -0.197643 -0.980219 -0.0104314
20.9861 27.5409 4.52953 -0.221534 -0.975139 -0.00511584
20.0117 27.7712 4.5399 -0.240385 -0.970644 -0.00811499
19.0291 28.0351 4.55385 -0.27105 -0.962565 0.000869958
18.0562 28.311 4.56774 -0.276472 -0.961007 0.00543938
17.0512 28.6157 4.58142 -0.300822 -0.953675 0.00329746
15.9708 28.9834 4.59693 -0.33032 -0.943868 -0.00122201
14.9523 29.3598 4.61078 -0.349809 -0.936749 -0.0116388
14.4049 29.5683 4.61627 -0.36032 -0.932562 -0.0223149
14.5281 29.525 3.69078 -0.365707 -0.930712 0.00581475
15.5576 29.1337 3.68298 -0.345248 -0.938472 0.00863029
16.5562 28.7788 3.67047 -0.323092 -0.946359 0.00400725
17.538 28.4627 3.66032 -0.29841 -0.954435 -0.00210552
18.5053 28.1754 3.64917 -0.275498 -0.961293 0.0040825
19.6786 27.8587 3.6367 -0.244521 -0.969644 -0.000312478
20.7594 27.5939 3.62699 -0.230716 -0.973018 -0.00236886
21.7397 27.3806 3.61854 -0.20602 -0.978504 -0.00929892
22.7611 27.1827 3.61261 -0.185823 -0.982517 -0.0113953
23.1579 27.1099 3.61054 -0.176503 -0.984214 -0.0130481
23.1245 27.1207 2.70985 -0.181345 -0.983419 0.00134928
22.1414 27.3062 2.7137 -0.184901 -0.982757 -0.000934359
21.1129 27.5138 2.71843 -0.212183 -0.977224 -0.00350622
20.0271 27.771 2.72527 -0.238078 -0.97124 0.00335184
18.8796 28.069 2.73508 -0.264902 -0.96427 0.00329421
17.9189 28.3496 2.7423 -0.290488 -0.956877 -0.00203011
16.8289 28.6889 2.75107 -0.304212 -0.952604 -0.000987339
15.8824 29.0129 2.75911 -0.333 -0.942923 -0.00278119
14.8562 29.3908 2.76624 -0.364834 -0.931028 0.00910249
14.5615 29.5073 2.76879 -0.367377 -0.930046 0.00691122
14.4429 29.5552 1.84833 -0.373416 -0.92766 0.00281623
15.4276 29.1773 1.84262 -0.338661 -0.940909 0.000267177
16.5787 28.7755 1.83605 -0.321192 -0.947013 -0.00134156
17.5347 28.4646 1.83073 -0.295365 -0.955378 0.00348413
18.6303 28.1357 1.82465 -0.274341 -0.961632 -0.000399948
19.7182 27.8417 1.81894 -0.251567 -0.967834 0.00329597
20.697 27.6087 1.81524 -0.218199 -0.975896 -0.00411902
21.8279 27.3674 1.8112 -0.196083 -0.980585 -0.00186938
22.9632 27.1493 1.80786 -0.186861 -0.982383 0.00264703
23.036 27.1354 1.80767 -0.185642 -0.982617 -7.59761e-05
23.0789 27.1261 0.904178 -0.181959 -0.983303 0.00240197
22.0473 27.322 0.904866 -0.194252 -0.98095 -0.00175675
20.9809 27.5477 0.907884 -0.217723 -0.976007 -0.00281137
19.9347 27.791 0.90962 -0.243937 -0.969786 -0.00304736
18.9094 28.0605 0.911779 -0.266193 -0.963895 -0.00685046
17.9437 28.3356 0.914259 -0.287758 -0.957703 -0.00110316
16.8666 28.6777 0.91827 -0.314268 -0.949321 0.00501901
15.8158 29.0393 0.921312 -0.33753 -0.941288 0.00705373
14.787 29.4214 0.92554 -0.362524 -0.931964 -0.00434001
14.4021 29.5733 0.927196 -0.372106 -0.928187 -0.00230308
14.4058 29.5763 0.00436626 -0.382815 -0.923741 -0.0124557
15.4298 29.175 0.00285802 -0.353966 -0.935258 -0.000459754
16.3829 28.8333 0.00213048 -0.331957 -0.943203 0.0131364
17.3365 28.5155 0.00135548 -0.29964 -0.954028 0.00677624
18.3481 28.2188 0.000590124 -0.263261 -0.964725 0.000182229
19.3531 27.9471 0.000384743 -0.256887 -0.966441 -0.000569528
20.392 27.6862 0.000623596 -0.230148 -0.973135 -0.00628239
21.3843 27.4635 0.000724541 -0.211767 -0.977317 -0.00235676
22.405 27.2533 0.00162668 -0.190798 -0.981627 -0.00205403
23.104 27.1198 0.00193156 -0.175554 -0.984466 -0.00280954
22.9413 27.1537 -0.902819 -0.171302 -0.985201 -0.0058556
21.9348 27.3473 -0.904733 -0.199505 -0.979892 -0.00314456
20.8409 27.5852 -0.90695 -0.219757 -0.975555 -0.000229093
19.8209 27.8262 -0.908865 -0.245879 -0.9693 0.000214832
18.7815 28.0979 -0.911028 -0.254101 -0.967169 0.00407881
17.6933 28.4041 -0.913196 -0.279717 -0.960081 0.00178093
16.7354 28.7112 -0.914892 -0.308413 -0.951251 0.00169331
15.7421 29.0552 -0.915651 -0.34699 -0.937837 0.00769693
14.7294 29.4462 -0.917294 -0.364572 -0.931175 6.47989e-05
14.5184 29.5336 -0.917453 -0.383659 -0.923463 -0.0047025
14.536 29.5244 -1.84025 -0.37985 -0.925047 0.00138373
15.4926 29.1449 -1.838 -0.365462 -0.93082 -0.00336449
16.504 28.7885 -1.83368 -0.314507 -0.949253 0.00183033
17.5353 28.457 -1.8285 -0.297783 -0.954626 -0.0038725
18.6819 28.1238 -1.8239 -0.260706 -0.965417 0.00130427
19.7095 27.8526 -1.81959 -0.245271 -0.969449 0.00313096
20.7401 27.6068 -1.81503 -0.220512 -0.975377 0.00381224
21.7911 27.3739 -1.81112 -0.206477 -0.978428 0.0066937
22.9054 27.1569 -1.80818 -0.176238 -0.984271 0.0123036
23.0599 27.1293 -1.80789 -0.176238 -0.984271 0.0123035
23.0935 27.1136 -2.71152 -0.179923 -0.983641 0.00884764
22.0291 27.3184 -2.71509 -0.203287 -0.979111 0.00390507
21.0112 27.5392 -2.72077 -0.222446 -0.974907 0.00855735
19.9933 27.7791 -2.72683 -0.242772 -0.970069 0.00525828
19.0117 28.0312 -2.73394 -0.253365 -0.967356 0.00537747
18.0248 28.3091 -2.74088 -0.283385 -0.95898 0.00712634
17.0141 28.6212 -2.74779 -0.298634 -0.954368 0.00020816
16.0483 28.9442 -2.75529 -0.331693 -0.94338 -0.00372565
15.1083 29.2978 -2.76228 -0.37355 -0.92761 -4.38662e-05
14.4811 29.5508 -2.76658 -0.375352 -0.926875 -0.00367819
14.5107 29.541 -3.68975 -0.376614 -0.926369 -0.00139504
15.47 29.1608 -3.68127 -0.352695 -0.935714 -0.00678347
16.4955 28.7893 -3.67159 -0.312503 -0.949915 -0.0016175
17.4595 28.4808 -3.66028 -0.299654 -0.954048 -0.000529916
18.4881 28.1725 -3.64987 -0.270402 -0.962737 0.00446865
19.4951 27.9024 -3.64031 -0.249876 -0.968264 0.00520589
20.5308 27.6427 -3.63055 -0.230458 -0.973073 0.00424189
21.5696 27.41 -3.62091 -0.205154 -0.97872 0.00438749
22.5581 27.2115 -3.61486 -0.183207 -0.983074 0.000355712
23.1443 27.1028 -3.61218 -0.177859 -0.984053 -0.00229568
23.1561 27.101 -4.51131 -0.16783 -0.985812 -0.00292219
22.1398 27.2929 -4.51842 -0.201099 -0.979551 -0.00623133
21.1281 27.5062 -4.52905 -0.214727 -0.976649 -0.0070603
20.1353 27.7389 -4.54041 -0.240285 -0.970702 0.000476015
19.0229 28.0241 -4.55515 -0.259292 -0.965796 -0.00251462
18.0275 28.308 -4.56858 -0.28439 -0.958708 0.000691392
17.0708 28.5993 -4.5827 -0.299652 -0.954035 -0.00501665
16.0821 28.9386 -4.59701 -0.337745 -0.941236 0.00195598
15.1387 29.292 -4.60859 -0.362998 -0.931788 -0.00187573
14.4978 29.547 -4.61567 -0.379167 -0.925317 0.00451527
14.4983 29.5413 -5.5441 -0.373944 -0.927421 0.00750798
15.5 29.153 -5.53044 -0.353877 -0.935292 -0.000187025
16.4851 28.7951 -5.51203 -0.328133 -0.944581 -0.0097536
17.6133 28.4317 -5.49062 -0.296864 -0.95492 0.000378443
18.5819 28.1454 -5.47213 -0.277196 -0.960807 -0.00352769
19.5883 27.8777 -5.45633 -0.246719 -0.969086 0.00111857
20.5898 27.6306 -5.43914 -0.230863 -0.972986 -0.000726464
21.6191 27.4038 -5.42492 -0.208182 -0.97809 0.00034542
22.6886 27.1856 -5.41316 -0.196679 -0.980464 -0.00272425
22.9579 27.1359 -5.41116 -0.179826 -0.983648 -0.00992027
22.9639 27.1348 -5.41112 -0.177115 -0.984159 -0.00789343
