14.832 30.6019 -0.137124 -0.354681 -0.934955 0.00774249
14.8587 30.5857 -1.13691 -0.356154 -0.934422 0.00193739
14.886 30.5851 -2.22808 -0.363061 -0.931713 -0.00983026
14.9032 30.5704 -3.34379 -0.367911 -0.929764 0.013023
14.8822 30.5873 -4.51191 -0.358278 -0.933286 -0.0229563
14.8866 30.601 -5.57663 -0.350999 -0.936356 -0.00604332
15.5168 30.3675 -6.10613 -0.349047 -0.937068 0.00288795
16.56 29.985 -6.08804 -0.326387 -0.945121 -0.00464721
17.5999 29.6561 -6.14098 -0.285246 -0.958453 -0.00137906
18.6758 29.3462 -6.1411 -0.263229 -0.964697 -0.00129864
19.7121 29.0794 -6.144 -0.237733 -0.971315 -0.00426472
20.8195 28.8178 -6.14423 -0.222157 -0.975009 -0.00105016
21.8341 28.6042 -6.16244 -0.197793 -0.98023 0.00449072
22.9439 28.4031 -6.13377 -0.166569 -0.986012 0.00591521
23.9442 28.2576 -6.13504 -0.135049 -0.990836 0.00220694
24.5297 28.1804 -5.5285 -0.135568 -0.990767 0.0010574
24.5334 28.1759 -4.39703 -0.144984 -0.98939 -0.00926876
24.5489 28.1657 -3.29599 -0.147585 -0.989034 -0.00557129
24.559 28.1566 -2.29102 -0.149059 -0.988819 -0.00428837
24.5438 28.1543 -1.18693 -0.156307 -0.987689 -0.00619103
24.4966 28.1662 -0.0887168 -0.14804 -0.988906 0.0122074
24.5032 28.1683 0.942481 -0.143413 -0.989657 -0.00328769
24.5295 28.1636 2.0157 -0.142201 -0.989836 -0.00197368
24.5382 28.1643 3.17427 -0.141164 -0.989985 0.00168079
24.522 28.1665 4.32398 -0.14734 -0.989084 -0.00165793
24.5229 28.1625 5.35947 -0.137811 -0.990458 -0.00136464
24.1567 28.2163 6.15726 -0.152028 -0.988369 -0.00118133
23.0424 28.4029 6.1549 -0.179299 -0.983794 0.00104719
21.9239 28.611 6.14508 -0.184826 -0.982766 0.0031903
20.7733 28.844 6.13086 -0.215239 -0.976553 0.00397015
19.7427 29.0866 6.15698 -0.236205 -0.971688 0.00523556
18.7248 29.3488 6.14309 -0.259061 -0.965859 -0.00128615
17.7531 29.6245 6.11681 -0.280455 -0.959865 -0.000514319
16.6166 29.9709 6.14922 -0.305564 -0.952159 0.00494676
15.5851 30.3302 6.13175 -0.339389 -0.940642 -0.00286388
14.8492 30.5952 5.72315 -0.337544 -0.941283 0.00715522
14.8518 30.5819 4.69462 -0.34499 -0.938466 0.0162248
14.8539 30.5832 3.61159 -0.360189 -0.932833 -0.00930226
14.8439 30.5958 2.59775 -0.359707 -0.933038 -0.00714029
14.8514 30.6008 1.55134 -0.357642 -0.933823 -0.00817811
14.8422 30.604 0.375454 -0.349219 -0.936981 0.0105752
14.8351 30.6026 0.0871212 -0.352462 -0.935757 0.0107608
13.9923 30.9321 0.0352016 -0.370718 -0.928743 0.00204398
13.9951 30.9316 -1.05657 -0.381125 -0.924467 -0.0102343
14.0153 30.9306 -2.08654 -0.37617 -0.926463 -0.0127642
14.0403 30.9222 -3.11918 -0.377981 -0.925813 -0.000626088
14.0201 30.9323 -4.12859 -0.378882 -0.925438 -0.00373652
14.0213 30.9367 -5.13775 -0.371305 -0.92851 0.00117754
13.9974 30.9403 -6.16239 -0.36736 -0.930028 0.00971229
14.2818 30.8065 -7.06212 -0.358278 -0.933192 0.0266291
15.3935 30.4026 -7.04127 -0.33736 -0.941163 0.0200227
16.4549 30.0261 -7.02214 -0.329011 -0.944312 -0.00514032
17.4341 29.709 -7.07307 -0.293363 -0.955987 -0.00511709
18.4644 29.4042 -7.06197 -0.261898 -0.965092 0.00245474
19.4952 29.1387 -7.06398 -0.24167 -0.970343 -0.00541934
20.5925 28.8702 -7.05258 -0.234244 -0.972128 0.00285428
21.6672 28.6381 -7.05947 -0.20085 -0.979598 -0.00240393
22.6724 28.4506 -7.07801 -0.171792 -0.985096 -0.000983867
23.8116 28.273 -7.05059 -0.131814 -0.991274 -0.000719467
24.8087 28.1441 -7.07569 -0.124978 -0.992156 -0.00188653
25.4551 28.0621 -6.49478 -0.122787 -0.992428 -0.00284237
25.4671 28.0558 -5.26132 -0.121839 -0.992525 -0.0069816
25.4551 28.0463 -4.1473 -0.128686 -0.991657 -0.00749535
25.4646 28.0368 -3.14438 -0.12951 -0.991562 -0.0056891
25.4678 28.027 -2.04496 -0.126951 -0.991869 -0.0070635
25.4461 28.0235 -1.03912 -0.125141 -0.992139 -0.000604282
25.412 28.0361 0.0310216 -0.137774 -0.99043 0.0081545
25.42 28.041 1.16868 -0.131859 -0.991261 0.00396189
25.4526 28.0408 2.23723 -0.123211 -0.99238 0.000595306
25.4527 28.0416 3.24449 -0.121299 -0.992609 0.00364077
25.4409 28.0461 4.25348 -0.116348 -0.993208 0.00115909
25.4549 28.0436 5.39164 -0.121825 -0.992534 -0.00599111
25.4293 28.0429 6.55629 -0.125407 -0.992104 -0.00145226
24.7776 28.1309 7.08659 -0.140424 -0.990078 0.00499871
23.7437 28.2829 7.08099 -0.150427 -0.988619 0.0018531
22.6973 28.4647 7.07265 -0.182601 -0.983182 -0.00302614
21.6748 28.6584 7.06504 -0.192503 -0.981287 -0.00150495
20.675 28.8666 7.05756 -0.223565 -0.974687 -0.00197141
19.5973 29.1231 7.06288 -0.242186 -0.970229 -0.00131916
18.5811 29.3884 7.05399 -0.260297 -0.965524 0.0029999
17.58 29.6747 7.04126 -0.285107 -0.958495 -0.00118739
16.526 29.9942 7.07106 -0.311035 -0.950314 -0.0127102
15.5704 30.328 7.06566 -0.345731 -0.938251 -0.0124266
14.5971 30.6802 7.06496 -0.344174 -0.938777 -0.0144229
13.9777 30.9181 6.48405 -0.35603 -0.934473 0.00045614
13.9862 30.9136 5.39037 -0.353126 -0.93557 0.000156365
13.9808 30.9175 4.30168 -0.362581 -0.931948 -0.00278147
13.9786 30.9273 3.13451 -0.362381 -0.931995 -0.00814055
13.9911 30.931 2.07198 -0.365214 -0.930897 -0.00702378
14.0146 30.9267 1.0459 -0.366636 -0.930357 -0.00362607
13.9957 30.9311 0.198778 -0.370718 -0.928743 0.00204398
15.369 30.4034 -0.000306825 -0.343711 -0.938942 0.0157989
16.455 30.0184 -0.00090128 -0.310427 -0.950595 0.00200707
17.4247 29.7154 -0.00164409 -0.285474 -0.958347 0.00872662
18.4829 29.4103 -0.00209368 -0.265093 -0.964222 -0.00116122
19.6254 29.1112 -0.0026234 -0.238593 -0.971094 -0.00699663
20.6001 28.8843 -0.00253535 -0.217832 -0.975986 0.000376473
21.579 28.6733 -0.00244052 -0.199994 -0.979789 -0.00395847
22.5931 28.4777 -0.00302823 -0.174173 -0.984715 -0.000478345
23.5924 28.3069 -0.00312786 -0.161203 -0.986917 -0.0027973
24.0023 28.2423 -0.00323067 -0.152153 -0.988352 0.00302707
23.9897 28.243 -0.906327 -0.161926 -0.986796 -0.00366313
22.8615 28.4319 -0.90639 -0.171374 -0.985191 -0.00539841
21.8662 28.6182 -0.907975 -0.194721 -0.980854 -0.00296698
20.8688 28.8237 -0.909345 -0.206982 -0.978342 -0.00228296
19.8934 29.0483 -0.911293 -0.237004 -0.971493 0.00542206
18.743 29.3371 -0.913715 -0.24639 -0.969168 -0.00233971
17.5757 29.6638 -0.916235 -0.285016 -0.958521 -0.00191048
16.5691 29.9813 -0.918648 -0.310619 -0.950506 -0.00740727
15.6222 30.3027 -0.9203 -0.338111 -0.941092 0.00514437
15.315 30.414 -0.920655 -0.345449 -0.938422 0.00539411
15.3794 30.3952 -1.83954 -0.354169 -0.935181 -0.000426542
16.3445 30.0606 -1.83601 -0.315792 -0.948799 -0.00748969
17.3024 29.7491 -1.83178 -0.298619 -0.954365 -0.00376723
18.3964 29.4275 -1.82714 -0.257858 -0.966183 -7.53375e-05
19.4673 29.1521 -1.82237 -0.244514 -0.969608 0.0085878
20.4513 28.9161 -1.81821 -0.211804 -0.977303 0.00425272
21.4494 28.7033 -1.81419 -0.201082 -0.979568 0.00357231
22.6069 28.4768 -1.81049 -0.177325 -0.984151 0.0014458
23.6736 28.2958 -1.80816 -0.163423 -0.986555 0.00126369
24.0614 28.2322 -1.80777 -0.159927 -0.987129 1.75766e-05
24.0018 28.2441 -2.70988 -0.155627 -0.987808 -0.00396545
23.0077 28.4049 -2.71239 -0.166831 -0.985985 -0.000362354
21.9982 28.5869 -2.71735 -0.192211 -0.981352 0.00180893
20.8882 28.8179 -2.72278 -0.208969 -0.977907 0.00550887
19.7462 29.0759 -2.73066 -0.230433 -0.973079 0.00432183
18.7387 29.3294 -2.73736 -0.246603 -0.969091 0.00709823
17.5511 29.6694 -2.74585 -0.290649 -0.9568 0.00747446
16.5166 30.003 -2.75201 -0.310685 -0.950509 0.00276955
15.5264 30.3416 -2.7576 -0.337754 -0.941155 0.012261
15.4589 30.3655 -2.75793 -0.346153 -0.937981 0.0192018
15.4221 30.3718 -3.67903 -0.329285 -0.944216 0.00532966
16.3787 30.0431 -3.67108 -0.316173 -0.948692 -0.00414979
17.4103 29.7127 -3.66226 -0.293619 -0.955915 0.00375475
18.4175 29.4139 -3.65325 -0.265775 -0.964029 0.00352501
19.4754 29.1375 -3.64235 -0.244966 -0.96953 0.00173373
20.5032 28.8959 -3.6324 -0.217647 -0.976009 0.00594495
21.5352 28.6752 -3.623 -0.200938 -0.979602 0.00200536
22.7126 28.4543 -3.61529 -0.170825 -0.9853 0.00180663
23.7667 28.2848 -3.61011 -0.149095 -0.988801 -0.00654899
23.9942 28.2505 -3.60954 -0.148568 -0.988883 -0.00616015
24.0648 28.2448 -4.50868 -0.142014 -0.989836 -0.00748539
23.0571 28.3934 -4.51335 -0.149767 -0.988714 -0.00380356
21.9396 28.5917 -4.52308 -0.195288 -0.980744 0.00193502
20.8324 28.8215 -4.53593 -0.206643 -0.978412 0.00308282
19.8293 29.0472 -4.54813 -0.233325 -0.972396 -0.00238412
18.6566 29.3533 -4.56316 -0.267701 -0.9635 -0.00217366
17.6816 29.6337 -4.57546 -0.283293 -0.959033 0.00111282
16.6188 29.9607 -4.58804 -0.314271 -0.949302 -0.0076685
15.6432 30.3063 -4.5989 -0.346121 -0.93802 -0.0178673
15.3395 30.4182 -4.60189 -0.349219 -0.936905 -0.0159911
15.401 30.4082 -5.52669 -0.35128 -0.936234 -0.00830848
16.3413 30.0605 -5.51326 -0.327895 -0.944709 -0.00316732
17.4737 29.6931 -5.49491 -0.289855 -0.957055 -0.00551591
18.4758 29.4021 -5.47714 -0.272765 -0.96208 -0.00126876
19.4755 29.1352 -5.46237 -0.245651 -0.969358 -0.000307489
20.5804 28.8736 -5.44483 -0.218977 -0.975719 0.0046984
21.6578 28.6424 -5.42954 -0.193029 -0.981189 0.00280373
22.6889 28.4472 -5.41632 -0.167798 -0.985805 0.00575016
23.8449 28.275 -5.4064 -0.138244 -0.990385 0.00500965
23.898 28.2583 0.900176 -0.151786 -0.988412 0.0017375
22.7385 28.4509 0.900395 -0.175231 -0.984527 -0.00127807
21.6541 28.6556 0.902929 -0.200146 -0.979754 0.0048514
20.6625 28.8688 0.905024 -0.216374 -0.976307 -0.00273247
19.5535 29.128 0.907364 -0.235523 -0.971865 0.00266002
18.5064 29.4006 0.909828 -0.264205 -0.964428 -0.00858213
17.509 29.6869 0.912552 -0.276639 -0.960942 -0.00779788
16.3884 30.0409 0.91576 -0.321224 -0.947003 0.000115794
15.3045 30.4349 0.918447 -0.350751 -0.936451 -0.00580352
15.2802 30.4349 1.83598 -0.353022 -0.935558 -0.0103107
16.2798 30.0787 1.83237 -0.316239 -0.948677 -0.00207065
17.4795 29.6937 1.82614 -0.297888 -0.954598 0.0024384
18.6079 29.3715 1.82102 -0.26043 -0.96549 0.00251144
19.6401 29.1109 1.81654 -0.236364 -0.971648 0.00569165
20.7592 28.8494 1.81172 -0.219942 -0.975513 0.000619061
21.7546 28.6354 1.80895 -0.204128 -0.978944 0.000775449
22.8637 28.4282 1.80523 -0.178587 -0.983923 -0.00162217
23.9706 28.2459 1.80264 -0.149285 -0.988794 -0.000746371
23.9952 28.2439 2.70539 -0.150244 -0.988647 0.00207347
22.8742 28.4239 2.70897 -0.171348 -0.985211 -0.000332892
21.8593 28.6125 2.71316 -0.20024 -0.979743 -0.0027739
20.8785 28.8248 2.71875 -0.219048 -0.97571 -0.00270443
19.7215 29.0959 2.72564 -0.235565 -0.971856 0.00219947
18.7074 29.349 2.73208 -0.252988 -0.967468 -0.00166232
17.7422 29.6199 2.7381 -0.285552 -0.958293 0.0115925
16.6895 29.9491 2.74567 -0.301687 -0.953401 0.00327924
15.6476 30.2951 2.75227 -0.326047 -0.945349 -0.00291646
15.3818 30.3914 2.75436 -0.349214 -0.937002 0.00880796
15.3512 30.3962 3.67172 -0.345763 -0.938322 0.000723308
16.3343 30.0599 3.66514 -0.300862 -0.953521 -0.0167308
17.4381 29.7182 3.655 -0.292704 -0.956199 0.00265462
18.5209 29.4022 3.64549 -0.268627 -0.963211 0.00803134
19.5119 29.1419 3.63622 -0.2386 -0.97109 -0.00741375
20.5985 28.8859 3.6268 -0.220912 -0.975277 -0.00569233
21.6858 28.6472 3.61873 -0.204011 -0.978948 -0.00630145
22.692 28.4531 3.6119 -0.173176 -0.984891 0.000895257
23.7675 28.2806 3.60629 -0.150782 -0.988567 0.000151517
24.0569 28.2366 3.60534 -0.150265 -0.988646 0.000368198
24.0599 28.2341 4.50487 -0.144789 -0.989451 -0.00473326
23.0134 28.4014 4.51194 -0.166281 -0.986078 -0.000562106
21.9832 28.5854 4.51919 -0.196088 -0.980393 0.0194585
20.9713 28.8002 4.52832 -0.213201 -0.977008 0.00128096
19.9888 29.0221 4.53966 -0.234756 -0.972044 -0.00454591
18.9826 29.2755 4.5514 -0.262488 -0.964933 -0.00186185
17.9905 29.5539 4.56366 -0.279851 -0.960043 0.000843083
16.8934 29.8844 4.57757 -0.293472 -0.955967 0.000834569
15.8249 30.2281 4.5886 -0.330742 -0.943707 0.00519012
15.3159 30.4097 4.59293 -0.341777 -0.939739 0.00891131
15.3445 30.4149 5.51656 -0.339813 -0.940453 0.00865736
16.4462 30.0253 5.50188 -0.323315 -0.946289 0.00190943
17.4572 29.7108 5.48628 -0.287438 -0.957799 -0.000275656
18.5427 29.3968 5.46828 -0.273131 -0.961976 0.000975198
19.5148 29.1376 5.45499 -0.236082 -0.971733 0.000203833
20.5479 28.8947 5.43846 -0.222705 -0.974884 -0.00179
21.5609 28.6773 5.42584 -0.194881 -0.980777 0.00992014
22.6293 28.4742 5.41411 -0.180259 -0.983521 0.013916
23.6894 28.2895 5.40535 -0.156086 -0.987727 -0.00568638
23.7752 28.2759 5.40482 -0.15608 -0.987728 -0.00568407
23.8818 28.2591 5.4042 -0.154812 -0.987931 -0.00515383
