15.6733 31.4425 -0.273236 -0.348424 -0.937332 -0.000578138
15.6893 31.4371 0.771668 -0.340664 -0.940182 0.001294
15.7018 31.4361 1.92236 -0.318051 -0.948071 0.00220392
15.703 31.4411 2.92764 -0.311435 -0.950261 -0.000770489
15.6939 31.4459 4.05674 -0.311994 -0.950075 0.00344808
15.706 31.4452 5.06097 -0.323959 -0.94605 0.0033164
15.8106 31.4149 6.07176 -0.32748 -0.944851 0.00355606
16.8126 31.0982 6.15097 -0.290018 -0.957006 0.00540089
17.8264 30.8054 6.14671 -0.275219 -0.961375 0.00324168
18.8101 30.5384 6.15459 -0.243917 -0.969725 0.00728462
19.9898 30.2573 6.14718 -0.222397 -0.974955 -0.00138313
21.0108 30.0293 6.15968 -0.208924 -0.977896 0.00835859
22.0131 29.8335 6.17801 -0.181228 -0.983439 0.00193701
23.0856 29.6461 6.16212 -0.167201 -0.985923 -0.000398224
24.2484 29.4666 6.16304 -0.141003 -0.989935 0.00631536
25.2452 29.3434 6.08557 -0.120175 -0.992748 -0.00311617
25.4309 29.3223 5.12366 -0.117756 -0.993042 0.00116574
25.4006 29.326 3.91876 -0.112436 -0.993658 0.000771227
25.4191 29.3256 2.85137 -0.119475 -0.992835 -0.00084863
25.3989 29.3254 1.80815 -0.123674 -0.992268 0.0104599
25.4097 29.313 0.799871 -0.12425 -0.992195 0.0105839
25.4381 29.3048 -0.206299 -0.119684 -0.992805 0.00113378
25.4266 29.3142 -1.32293 -0.120266 -0.992664 -0.0124524
25.4173 29.3199 -2.4833 -0.121705 -0.992556 0.00450536
25.4319 29.3196 -3.50756 -0.118653 -0.992842 -0.0136078
25.3863 29.3321 -4.66487 -0.118038 -0.993009 0.000852608
25.395 29.332 -5.71124 -0.118763 -0.992907 -0.00539493
24.5807 29.4318 -6.14494 -0.123288 -0.992365 -0.00303092
23.571 29.5634 -6.14843 -0.136466 -0.990642 -0.00246617
22.4319 29.74 -6.15987 -0.171084 -0.985218 0.00709692
21.3255 29.9519 -6.15748 -0.200884 -0.979613 -0.0019624
20.2466 30.1822 -6.15552 -0.214431 -0.97673 0.00344439
19.2622 30.4078 -6.14658 -0.230254 -0.973129 0.00175675
18.2788 30.6715 -6.14287 -0.275696 -0.961242 0.00225026
17.1925 30.9806 -6.16148 -0.273559 -0.961853 0.00149094
16.0905 31.3174 -6.10237 -0.321347 -0.946962 -0.000306117
15.7469 31.4428 -5.30107 -0.340114 -0.940381 0.00234505
15.7039 31.4524 -4.27396 -0.335249 -0.942072 -0.00983534
15.7115 31.4464 -3.2012 -0.311597 -0.950193 -0.00398281
15.7145 31.4324 -2.18109 -0.305147 -0.952243 -0.0103296
15.6916 31.4353 -1.02691 -0.3417 -0.939808 0.00166993
15.6737 31.4423 -0.298718 -0.341287 -0.939915 0.000216115
14.822 31.761 -0.245213 -0.354697 -0.934974 -0.00368626
14.8441 31.7512 -1.36828 -0.357006 -0.93409 0.00465272
14.851 31.746 -2.54392 -0.353148 -0.935537 0.00419885
14.8389 31.7528 -3.57932 -0.361898 -0.932138 -0.0122179
14.8465 31.769 -4.58232 -0.348201 -0.937287 -0.0155051
14.8838 31.7603 -5.68759 -0.348353 -0.937332 0.0063432
14.835 31.7588 -6.77931 -0.340911 -0.939927 0.0173278
15.7436 31.432 -7.04331 -0.331129 -0.943559 0.0071324
16.7275 31.1151 -7.06457 -0.280111 -0.959951 -0.00569328
17.7512 30.8227 -7.06815 -0.276787 -0.960931 -0.000889422
18.7832 30.529 -7.05723 -0.261514 -0.965197 -0.00213591
19.786 30.2832 -7.06367 -0.219583 -0.975594 -0.000361915
20.7811 30.0663 -7.07739 -0.203047 -0.979154 -0.00551058
21.8818 29.8435 -7.05669 -0.187676 -0.982199 -0.00511068
23.0636 29.6385 -7.0735 -0.147728 -0.988986 -0.00644407
24.1095 29.4943 -7.05957 -0.129826 -0.991522 -0.00547912
25.2443 29.3529 -7.06124 -0.116803 -0.993146 -0.00347267
26.2763 29.2333 -6.92572 -0.114942 -0.993355 -0.00589302
26.3181 29.2231 -5.7725 -0.113763 -0.9935 -0.00378618
26.3057 29.225 -4.70503 -0.11276 -0.993618 0.00044543
26.3379 29.2163 -3.64307 -0.109932 -0.993906 -0.00812967
26.3311 29.2139 -2.51793 -0.111267 -0.993788 0.00223023
26.3334 29.2087 -1.32294 -0.113364 -0.993522 -0.00785543
26.3303 29.1994 -0.321223 -0.109681 -0.993954 -0.0046699
26.3137 29.203 0.792193 -0.119608 -0.992771 0.00980082
26.3223 29.2132 1.80153 -0.11334 -0.993486 0.0117865
26.3313 29.2201 2.82072 -0.109147 -0.994015 0.00452598
26.3103 29.2262 3.92202 -0.104978 -0.994474 -0.00029187
26.3322 29.2205 5.00196 -0.108497 -0.994072 -0.0063973
26.326 29.2141 6.07215 -0.117473 -0.993068 -0.00404052
26.13 29.2356 7.0188 -0.108736 -0.99407 -0.000990472
25.0711 29.3589 7.07287 -0.126358 -0.991952 -0.00681538
24.0507 29.4996 7.08154 -0.145112 -0.989413 0.00210794
23.06 29.6539 7.06265 -0.159785 -0.987142 0.00437917
22.0653 29.8259 7.07257 -0.188299 -0.982085 0.000341806
21.0285 30.0314 7.06782 -0.196736 -0.980399 0.0105532
19.9941 30.254 7.05277 -0.21959 -0.975571 0.00637957
18.8689 30.5315 7.07222 -0.250653 -0.968026 0.00971465
17.8727 30.7945 7.05605 -0.265615 -0.964058 0.00345666
16.8809 31.0776 7.07807 -0.282907 -0.95911 -0.00735267
15.8804 31.3954 7.07426 -0.326033 -0.945317 -0.00644978
14.941 31.725 6.99071 -0.332009 -0.943275 0.00141154
14.8343 31.7563 5.95631 -0.335261 -0.942097 0.00717671
14.8302 31.7515 4.92584 -0.338037 -0.941111 0.00638905
14.8317 31.7474 3.86738 -0.334236 -0.942487 -0.00217507
14.8577 31.7386 2.80561 -0.343606 -0.939114 -0.00072411
14.8424 31.7456 1.72801 -0.352152 -0.935939 -0.00270605
14.8289 31.7558 0.56633 -0.35679 -0.934179 -0.00314188
14.8278 31.7582 -0.100573 -0.354918 -0.93489 -0.00374349
16.185 31.2672 0.00187484 -0.29225 -0.956087 0.0220815
17.3463 30.9295 0.000733299 -0.262811 -0.964763 0.0127615
18.4721 30.6244 0.000379847 -0.260572 -0.965424 0.00769452
19.6321 30.3324 0.00017844 -0.23214 -0.972682 -0.00046862
20.6649 30.1003 6.05687e-05 -0.208561 -0.978009 0.0007147
21.6745 29.896 -0.000389816 -0.185024 -0.982733 0.000963868
22.7078 29.7105 -0.000392878 -0.171912 -0.985111 -0.00137282
23.7171 29.5435 -0.000346327 -0.151039 -0.988519 -0.00428969
24.7445 29.395 -0.00082036 -0.135743 -0.990727 0.00577434
24.895 29.3743 -0.00069598 -0.136338 -0.990637 0.00707493
24.9243 29.3758 0.901595 -0.128168 -0.991704 0.00982378
23.881 29.5182 0.901787 -0.14535 -0.989376 0.00283008
22.7568 29.7009 0.903407 -0.170128 -0.985417 -0.00303534
21.7694 29.8787 0.90465 -0.188353 -0.982074 0.00737086
20.7837 30.0784 0.906508 -0.208531 -0.978013 0.00224421
19.7491 30.3059 0.908523 -0.22216 -0.974985 0.0070413
18.7127 30.5643 0.910009 -0.260413 -0.965497 -3.56225e-05
17.6947 30.8416 0.911933 -0.265193 -0.964182 -0.0049961
16.7239 31.111 0.913653 -0.27927 -0.960171 0.00897233
16.2977 31.2371 0.914638 -0.29001 -0.957015 0.00412069
16.1812 31.2791 1.82887 -0.294803 -0.95552 0.00859056
17.1973 30.975 1.82563 -0.277847 -0.960619 -0.00340473
18.2541 30.6829 1.82176 -0.250833 -0.968009 -0.00646877
19.2683 30.4259 1.81822 -0.234836 -0.971958 0.0122224
20.2997 30.1855 1.81492 -0.220992 -0.975263 0.00488991
21.3958 29.9522 1.81124 -0.19838 -0.980124 -0.0014913
22.3954 29.761 1.808 -0.173072 -0.984903 -0.00363304
23.4025 29.5925 1.8061 -0.155737 -0.987775 -0.00682399
24.4488 29.4453 1.80343 -0.130848 -0.991387 0.00549877
24.8649 29.3918 1.80296 -0.122838 -0.992374 0.010193
24.8393 29.3969 2.70405 -0.124577 -0.992198 -0.00485302
23.8278 29.5315 2.70654 -0.138439 -0.990371 0.000923702
22.8084 29.6852 2.71029 -0.162421 -0.986721 -0.000410221
21.7599 29.8716 2.71433 -0.195722 -0.980655 -0.00280823
20.7665 30.0791 2.71945 -0.213554 -0.976924 -0.00364469
19.6251 30.3423 2.72558 -0.230898 -0.972978 0.000186357
18.6415 30.5808 2.73065 -0.240655 -0.970607 0.00280067
17.5188 30.8804 2.73629 -0.265989 -0.963963 -0.00500421
16.5594 31.1673 2.74089 -0.29995 -0.953952 0.00236834
16.2218 31.2734 2.74257 -0.299966 -0.953947 0.00239309
16.1872 31.2839 3.65701 -0.30543 -0.952213 0.0016781
17.1584 30.9824 3.65129 -0.285401 -0.958385 -0.00673039
18.21 30.6906 3.64393 -0.253364 -0.967371 -0.000843307
19.3887 30.3983 3.63594 -0.235256 -0.971933 0.000791448
20.3667 30.168 3.62876 -0.219639 -0.975579 0.00202372
21.4036 29.9433 3.62079 -0.203629 -0.979048 -4.99178e-06
22.4349 29.7451 3.61397 -0.158398 -0.987368 -0.00375208
23.4756 29.5869 3.60899 -0.144669 -0.989478 0.00214318
24.5721 29.4286 3.60451 -0.133591 -0.991036 -0.000922926
24.7998 29.3996 3.60374 -0.127507 -0.991825 -0.00500232
24.9472 29.3796 4.50114 -0.125862 -0.992041 -0.00373195
23.8281 29.5321 4.50615 -0.144413 -0.989486 -0.00785628
22.7972 29.6894 4.51372 -0.164101 -0.986441 0.00215746
21.7757 29.8712 4.52174 -0.19058 -0.981668 0.00258319
20.7375 30.0855 4.53242 -0.222008 -0.975042 0.00224153
19.7363 30.3155 4.5411 -0.228768 -0.973476 0.00320733
18.6417 30.5841 4.55169 -0.246865 -0.969049 0.00131206
17.6211 30.8493 4.56148 -0.26161 -0.965097 0.0121694
16.5457 31.1699 4.57043 -0.298695 -0.954349 -0.000170691
16.2167 31.2753 4.57287 -0.306826 -0.951763 -0.00227902
16.2209 31.2783 5.49046 -0.307028 -0.951648 0.00999239
17.2126 30.977 5.47978 -0.275718 -0.961231 0.00378676
18.1852 30.7026 5.46826 -0.265516 -0.964106 0.000289242
19.2764 30.424 5.45545 -0.234588 -0.972093 0.00167506
20.31 30.1845 5.44237 -0.223163 -0.974781 -1.8008e-05
21.3103 29.9666 5.42974 -0.194905 -0.980822 0.000830904
22.4023 29.7628 5.41788 -0.170817 -0.985283 0.00620775
23.396 29.5946 5.40871 -0.156515 -0.987664 -0.00475046
24.5283 29.4318 5.39988 -0.129577 -0.991566 0.00242989
24.8356 29.3939 5.39805 -0.120722 -0.992686 -0.00097306
24.9817 29.365 -0.901458 -0.124174 -0.992226 -0.0083065
23.9692 29.5065 -0.90252 -0.147728 -0.989026 0.00175798
22.901 29.6772 -0.903966 -0.170246 -0.985398 -0.00248868
21.8212 29.8724 -0.905292 -0.184521 -0.982814 -0.00543342
20.8274 30.0656 -0.906398 -0.196553 -0.980493 -0.000874423
19.8367 30.2824 -0.908204 -0.225328 -0.974282 0.0013596
18.6998 30.5588 -0.909879 -0.244556 -0.969632 0.00246849
17.6024 30.8475 -0.911571 -0.263297 -0.964667 0.00964218
16.6102 31.1299 -0.912266 -0.296819 -0.954896 0.00848247
16.186 31.2648 -0.912552 -0.314248 -0.949335 0.00339525
16.1764 31.278 -1.8278 -0.31095 -0.950158 -0.0225884
17.1498 30.9789 -1.8261 -0.288233 -0.957437 -0.0153335
18.1615 30.6943 -1.82213 -0.250117 -0.968214 0.00194033
19.1872 30.4339 -1.81865 -0.242475 -0.970147 0.0045921
20.1918 30.2 -1.81515 -0.205448 -0.97866 -0.00387049
21.198 29.9949 -1.81121 -0.195881 -0.980627 -0.000914723
22.2126 29.7971 -1.80829 -0.18244 -0.983211 -0.00335631
23.27 29.6185 -1.80563 -0.16073 -0.986992 -0.00367611
24.3324 29.4582 -1.80362 -0.138728 -0.990323 0.00384929
24.8383 29.3913 -1.80344 -0.12428 -0.992238 -0.00427284
24.9665 29.3744 -2.70288 -0.123466 -0.992338 0.00470952
23.8932 29.52 -2.7058 -0.147826 -0.98895 0.0111976
22.8948 29.6821 -2.70976 -0.169152 -0.985577 0.00512205
21.7992 29.8735 -2.71408 -0.179257 -0.983799 0.00247724
20.7256 30.0873 -2.71947 -0.201494 -0.97947 0.00627676
19.6124 30.3259 -2.72581 -0.232424 -0.972613 0.00160462
18.5915 30.5803 -2.73167 -0.246544 -0.969132 0.000226858
17.6201 30.8479 -2.73682 -0.287229 -0.957855 -0.00370056
16.6499 31.1477 -2.74123 -0.292821 -0.956092 -0.011999
16.2535 31.2697 -2.74262 -0.294445 -0.955616 -0.00999324
16.1981 31.2876 -3.65809 -0.303619 -0.95276 0.0080173
17.2977 30.9469 -3.65229 -0.288088 -0.957589 -0.00530916
18.3022 30.6547 -3.64528 -0.253112 -0.967436 -0.00124652
19.3573 30.3855 -3.63626 -0.239012 -0.971012 0.00297612
20.4418 30.1396 -3.62769 -0.20915 -0.977884 4.34755e-05
21.492 29.9255 -3.61995 -0.184522 -0.98282 0.00409105
22.6717 29.7136 -3.61235 -0.172704 -0.984916 0.0106634
23.6961 29.5445 -3.60679 -0.146221 -0.989239 0.00506829
24.7601 29.4005 -3.60333 -0.124205 -0.992246 -0.00451639
24.9615 29.376 -3.6026 -0.119346 -0.99283 -0.00679343
24.8834 29.3909 -4.50089 -0.117317 -0.993087 -0.00373948
23.8279 29.5246 -4.50589 -0.133616 -0.991031 0.00193516
22.799 29.6842 -4.51309 -0.167797 -0.985814 0.00377938
21.5983 29.901 -4.52278 -0.185135 -0.982707 0.00343902
20.533 30.122 -4.53349 -0.211263 -0.977428 -0.00155437
19.5339 30.3443 -4.54397 -0.226565 -0.97399 -0.00353832
18.4665 30.6189 -4.55584 -0.270239 -0.962749 -0.00922233
17.4894 30.8947 -4.56576 -0.274664 -0.961509 -0.00770792
16.3788 31.2246 -4.57505 -0.303055 -0.952878 0.0134708
16.1711 31.2935 -4.57636 -0.314607 -0.949115 0.0142706
16.3663 31.2255 -5.49553 -0.307791 -0.951417 0.0083731
17.3762 30.9303 -5.48301 -0.27014 -0.962821 0.000611048
18.5036 30.6094 -5.46768 -0.270183 -0.962795 0.00520184
19.5491 30.34 -5.45356 -0.228295 -0.973586 -0.00340711
20.5672 30.1139 -5.43818 -0.211897 -0.977292 0.000497347
21.7268 29.8731 -5.425 -0.189756 -0.981818 0.00514768
22.7617 29.6848 -5.41358 -0.163068 -0.986579 0.00837616
23.9233 29.5129 -5.40314 -0.132335 -0.991191 -0.00528117
24.7535 29.409 -5.3984 -0.121088 -0.992642 -0.000530465
24.8814 29.3934 -5.39786 -0.120175 -0.992752 -0.000851195
