-39.689 29.0422 1.96388 0.143156 -0.989679 -0.000565074
-39.6418 29.0475 0.937346 0.138047 -0.990425 0.000823345
-39.6569 29.0497 -0.0657367 0.144842 -0.989401 -0.0102794
-39.6634 29.0612 -1.07839 0.135355 -0.99065 -0.0170807
-39.6814 29.0699 -2.08632 0.129098 -0.991613 -0.00605477
-39.6391 29.075 -3.25782 0.137156 -0.990517 0.0080528
-39.6674 29.0644 -4.28025 0.153127 -0.988203 0.00109648
-39.6488 29.068 -5.36531 0.151476 -0.988461 -0.000208927
-38.7872 29.202 -5.93684 0.162774 -0.98664 0.00674352
-37.5759 29.4117 -5.90196 0.174364 -0.984675 -0.00019169
-36.5055 29.6151 -5.92999 0.195932 -0.980615 0.000920677
-35.4459 29.8311 -5.94044 0.208193 -0.97808 -0.00403847
-34.468 30.0591 -5.93943 0.239232 -0.970962 -0.000745867
-33.3981 30.333 -5.95577 0.253343 -0.967373 -0.00247071
-32.2478 30.6508 -5.91847 0.283743 -0.958898 0.00016614
-31.2196 30.9711 -5.89691 0.309845 -0.950787 0.000581738
-30.4805 31.2201 -5.47892 0.338265 -0.940828 0.0200396
-30.528 31.2146 -4.41297 0.342649 -0.939454 0.0041382
-30.4811 31.2274 -3.3937 0.334539 -0.942327 -0.0101552
-30.488 31.217 -2.36573 0.332774 -0.942961 -0.00842098
-30.4779 31.2123 -1.34905 0.320702 -0.947087 -0.0132547
-30.4481 31.2161 -0.143728 0.32419 -0.945956 -0.0074663
-30.4721 31.2069 0.865552 0.327699 -0.944736 0.00928821
-30.4985 31.2096 1.90837 0.335831 -0.941709 0.0200436
-30.4804 31.2223 2.91631 0.33024 -0.943863 -0.00803008
-30.4924 31.2193 4.12571 0.335877 -0.941906 -0.000114198
-30.4846 31.2203 5.16954 0.339223 -0.940672 -0.00800657
-30.9275 31.0625 5.90082 0.329411 -0.944183 0.00276115
-31.9719 30.7243 5.93911 0.288892 -0.957361 -0.00101586
-32.9807 30.434 5.90908 0.271188 -0.96252 -0.00340827
-33.9682 30.1656 5.90609 0.257409 -0.966296 0.00364582
-35.0383 29.9103 5.93932 0.21586 -0.976389 0.00757948
-36.0542 29.693 5.95277 0.204968 -0.978762 0.00371881
-37.1229 29.4782 5.93222 0.188854 -0.981998 -0.00358543
-38.1318 29.2944 5.93775 0.160072 -0.987065 -0.00586656
-39.1437 29.1392 5.91942 0.147941 -0.988993 0.00066155
-39.6634 29.0629 5.18421 0.132101 -0.991219 0.00443026
-39.6544 29.0598 4.17694 0.133671 -0.991007 0.00608839
-39.6671 29.0497 3.13882 0.134661 -0.99088 0.00479922
-39.6885 29.0427 2.05896 0.147552 -0.989046 0.00364075
-40.7215 28.9173 2.09947 0.108658 -0.994051 -0.00381885
-40.702 28.917 3.25222 0.115823 -0.993256 0.00532258
-40.7104 28.926 4.31911 0.126439 -0.991933 0.00909657
-40.7282 28.9273 5.44116 0.11433 -0.993442 0.000566452
-40.7326 28.929 6.49384 0.114965 -0.993369 0.00105031
-40.0058 29.019 6.95826 0.126862 -0.991915 0.00320709
-38.9474 29.1667 7.00864 0.151204 -0.988501 0.00165064
-37.9586 29.3258 6.99546 0.169001 -0.985588 0.00746762
-36.9389 29.5117 6.9955 0.18807 -0.982153 -0.00210639
-35.8709 29.7336 7.02818 0.209634 -0.977779 0.00123776
-34.852 29.9585 7.00592 0.218574 -0.975785 0.00806888
-33.8725 30.1964 6.99332 0.248579 -0.96853 0.0125563
-32.883 30.4601 6.98494 0.279385 -0.960169 0.00437414
-31.7626 30.7962 6.99653 0.298519 -0.954346 0.00938202
-30.809 31.1071 6.98537 0.329235 -0.944194 0.00901309
-29.7623 31.4878 6.992 0.350587 -0.936469 0.0105303
-29.4947 31.5815 6.09014 0.368712 -0.92954 -0.00258765
-29.4647 31.5971 5.08369 0.35506 -0.934842 -0.00134597
-29.4822 31.5907 4.01008 0.351045 -0.936291 0.0112616
-29.4668 31.5866 2.94861 0.346927 -0.93784 0.00501897
-29.4959 31.5662 1.90322 0.3392 -0.940523 0.0185688
-29.4766 31.5611 0.798821 0.343895 -0.938999 0.00415647
-29.4578 31.567 -0.280342 0.338936 -0.940805 -0.0026997
-29.4666 31.5689 -1.33681 0.338815 -0.940832 -0.00632883
-29.4692 31.5808 -2.55265 0.336418 -0.941645 -0.0113017
-29.4936 31.5876 -3.65808 0.341633 -0.939774 -0.0105317
-29.4795 31.5958 -4.86829 0.343432 -0.93912 0.0100107
-29.4648 31.5849 -5.95623 0.350107 -0.936633 0.0120237
-29.7827 31.4566 -6.9582 0.34162 -0.93975 -0.00870089
-30.775 31.1208 -6.97461 0.308298 -0.951239 -0.00988151
-31.8516 30.7711 -6.97864 0.299628 -0.954018 -0.000312362
-32.9228 30.4628 -7.0186 0.258258 -0.966076 -0.000827848
-33.9324 30.198 -6.98551 0.247463 -0.968874 -0.00565368
-34.913 29.9569 -7.02019 0.227969 -0.973602 -0.0101545
-35.9812 29.7209 -7 0.206526 -0.978414 -0.00514167
-37.016 29.5113 -7.02094 0.18025 -0.983592 0.00606718
-38.0839 29.3214 -7.00149 0.172767 -0.984963 -2.51868e-06
-39.1236 29.1439 -6.98174 0.161328 -0.986854 0.00878255
-40.253 28.9828 -6.96583 0.128233 -0.991738 0.00191001
-40.7091 28.9221 -6.25697 0.127345 -0.991853 -0.00126436
-40.7191 28.9186 -5.2514 0.1256 -0.992063 -0.00503842
-40.7107 28.9234 -4.13104 0.124324 -0.992184 0.0107165
-40.7011 28.9356 -3.03186 0.129167 -0.991578 0.00941148
-40.7444 28.9293 -1.92155 0.125261 -0.992085 -0.0087978
-40.7294 28.9165 -0.728746 0.11205 -0.993588 -0.015081
-40.7182 28.914 0.386377 0.113104 -0.993579 -0.00281835
-40.7178 28.9172 1.42409 0.10297 -0.994683 0.0014692
-40.7206 28.9169 1.8928 0.104907 -0.994479 0.000401665
-39.0198 29.1441 1.80369 0.1562 -0.987718 0.003701
-37.8978 29.3275 1.80591 0.171011 -0.985266 0.00250542
-36.6942 29.5511 1.8097 0.191476 -0.981487 -0.00443504
-35.7109 29.7535 1.8135 0.216908 -0.976191 -0.00126927
-34.6417 29.9992 1.81704 0.228754 -0.973474 0.0045361
-33.5529 30.2771 1.82074 0.262113 -0.965028 0.00423666
-32.5116 30.5639 1.82372 0.271307 -0.962485 -0.00393532
-31.495 30.8697 1.82532 0.304115 -0.952595 0.00875418
-31.0852 31.0032 1.82571 0.324518 -0.945813 0.0112444
-31.05 31.01 0.913478 0.312879 -0.949785 0.00390026
-32.0688 30.6969 0.912942 0.27995 -0.959994 -0.00623577
-33.2207 30.3642 0.911909 0.271119 -0.962506 0.00876589
-34.299 30.077 0.909561 0.244217 -0.969718 0.00200346
-35.3053 29.8433 0.907534 0.211771 -0.977319 -0.000355003
-36.3015 29.6299 0.905672 0.201266 -0.97952 -0.00567715
-37.3828 29.4207 0.903937 0.182887 -0.983133 -0.00137334
-38.4418 29.2322 0.902145 0.161346 -0.986897 -0.00100162
-39.068 29.1336 0.901263 0.151908 -0.988389 0.00322275
-39.0627 29.1348 9.81532e-05 0.151386 -0.988443 -0.00786204
-37.969 29.3159 0.000325449 0.176405 -0.984304 -0.00521827
-36.9639 29.5028 0.000642099 0.193925 -0.981001 -0.00556182
-35.9767 29.701 2.34097e-05 0.198617 -0.980063 -0.0052381
-34.9477 29.9246 0.0009458 0.22069 -0.975338 -0.0035772
-33.9332 30.1711 0.00131893 0.247164 -0.968971 -0.00222564
-32.9055 30.4532 0.0016481 0.275749 -0.96123 -0.00028289
-31.8869 30.7543 0.00239162 0.28886 -0.957365 -0.00345396
-31.0279 31.0189 0.00298998 0.311733 -0.950145 -0.00690394
-31.1157 30.9992 -0.910276 0.301426 -0.953487 -0.00238707
-32.2114 30.6574 -0.909745 0.294156 -0.955757 -0.000248225
-33.192 30.3791 -0.908637 0.265446 -0.964078 -0.00958809
-34.1653 30.1194 -0.907278 0.253146 -0.967386 -0.00904664
-35.2374 29.8605 -0.906132 0.22015 -0.975449 -0.00580767
-36.2196 29.6546 -0.904833 0.200034 -0.979775 -0.00522341
-37.3278 29.4366 -0.903121 0.186673 -0.982396 -0.00722643
-38.3796 29.2473 -0.901387 0.159266 -0.987226 -0.00445402
-39.1104 29.1362 -0.900643 0.140897 -0.989911 -0.0149785
-39.1398 29.142 -1.80203 0.138524 -0.990332 -0.00734257
-38.1229 29.3023 -1.8049 0.171367 -0.985174 -0.00812216
-37.1032 29.4859 -1.80829 0.183531 -0.982981 -0.00800046
-36.0937 29.6848 -1.81035 0.204183 -0.97892 -0.00501118
-35.0276 29.9146 -1.81341 0.222906 -0.974809 -0.00776204
-34.021 30.1637 -1.81604 0.252475 -0.967603 -0.00118347
-32.9977 30.4362 -1.81919 0.258612 -0.965974 -0.00368526
-32.0144 30.7152 -1.82099 0.290011 -0.956993 0.00761609
-31.1163 31.0003 -1.82237 0.314485 -0.949258 -0.00288495
-31.0672 31.0193 -2.73595 0.314127 -0.949379 -0.00192842
-32.0376 30.7057 -2.73379 0.284482 -0.958681 0.000202485
-33.1579 30.3937 -2.72936 0.251573 -0.967838 -0.000232634
-34.1358 30.1362 -2.72427 0.250258 -0.96816 -0.00607167
-35.1101 29.9001 -2.71993 0.218504 -0.97583 -0.0033064
-36.0952 29.6845 -2.71514 0.201616 -0.979464 -0.000597959
-37.1381 29.4851 -2.7107 0.174257 -0.984687 -0.00513332
-38.2642 29.2867 -2.70607 0.169049 -0.985581 -0.00723465
-38.9994 29.1663 -2.70447 0.149303 -0.98879 0.00191068
-38.918 29.1831 -3.60495 0.156254 -0.987716 0.00137259
-37.8427 29.3645 -3.61025 0.171612 -0.985157 -0.00388944
-36.6813 29.5711 -3.61642 0.178433 -0.983952 -0.000609755
-35.6692 29.7772 -3.62266 0.220349 -0.975421 -0.000904482
-34.6138 30.0221 -3.63005 0.240293 -0.970697 -0.00242138
-33.6413 30.268 -3.63709 0.255612 -0.966779 0.000326617
-32.6337 30.5371 -3.64382 0.264225 -0.96445 -0.00472442
-31.6079 30.841 -3.64931 0.297742 -0.954637 -0.00425849
-31.0474 31.0298 -3.65189 0.326008 -0.945357 -0.0042866
-31.1333 31.0002 -4.5699 0.323277 -0.946304 -0.00100653
-32.1962 30.6657 -4.56055 0.28673 -0.958002 0.00426781
-33.2907 30.3583 -4.5504 0.256442 -0.96654 -0.00618497
-34.2783 30.1023 -4.54068 0.23756 -0.971371 -0.00191385
-35.2636 29.87 -4.53186 0.219666 -0.975571 0.00271012
-36.2977 29.6502 -4.52284 0.192593 -0.98127 -0.00425955
-37.3712 29.449 -4.51405 0.178443 -0.983949 -0.00169949
-38.3671 29.2754 -4.50739 0.166636 -0.986018 -0.000682729
-39.1154 29.1512 -4.50319 0.161739 -0.986832 0.00178094
-39.0607 29.1398 2.7047 0.153552 -0.98814 0.000459931
-38.0051 29.3141 2.70866 0.165482 -0.986207 0.00334587
-36.9229 29.5094 2.71345 0.182103 -0.983271 0.00398368
-35.937 29.7066 2.71802 0.21149 -0.97738 0.000992018
-34.8414 29.9523 2.724 0.22588 -0.974155 -0.00102056
-33.7599 30.223 2.72938 0.253656 -0.967289 0.00333545
-32.719 30.5037 2.73518 0.268264 -0.963345 0.000717792
-31.6364 30.8253 2.73893 0.307932 -0.951406 0.00203697
-31.1661 30.9833 2.73995 0.32376 -0.946129 0.0043402
-31.1202 30.9977 3.65599 0.324433 -0.945902 0.00369138
-32.1367 30.6722 3.6508 0.280528 -0.959837 -0.00405242
-33.1332 30.3905 3.64451 0.261291 -0.965258 0.00194341
-34.1304 30.129 3.63707 0.23948 -0.970893 0.00406075
-35.1728 29.8761 3.62895 0.222745 -0.974876 -0.00149393
-36.2533 29.6415 3.62093 0.200698 -0.979636 0.00586247
-37.377 29.4289 3.61362 0.180623 -0.983551 0.00160367
-38.4359 29.2425 3.60867 0.167638 -0.985849 0.000289096
-39.0222 29.1469 3.60632 0.148432 -0.988922 0.000837919
-39.1202 29.1367 4.50601 0.146503 -0.989209 0.00165845
-38.0435 29.3096 4.5111 0.171785 -0.985133 0.00150617
-36.929 29.5133 4.5195 0.185852 -0.982568 0.0042597
-35.8687 29.7226 4.52881 0.214323 -0.976676 0.0130104
-34.7708 29.9719 4.53976 0.235927 -0.971755 -0.00549804
-33.7704 30.2215 4.54996 0.251038 -0.967977 5.72917e-05
-32.7512 30.4982 4.56007 0.267956 -0.963425 0.00343069
-31.6285 30.8286 4.57007 0.297579 -0.954631 -0.0112521
-30.9883 31.0429 4.57423 0.33237 -0.943149 6.11528e-05
-38.3154 29.2665 5.40817 0.159082 -0.987263 0.0020476
-38.4843 29.2398 5.40703 0.156259 -0.987714 0.00206133
-38.4908 29.2387 5.407 0.155188 -0.98788 0.00321373
