16.7007 32.2761 -0.6707 -0.26458 -0.964324 0.0087316
16.7219 32.2717 -1.69754 -0.281602 -0.959445 -0.0128654
16.7428 32.2845 -2.74052 -0.277874 -0.960606 -0.00477685
16.7339 32.2744 -3.81659 -0.282018 -0.959223 0.018904
16.743 32.2725 -4.97356 -0.273804 -0.961713 -0.0114717
17.0009 32.2014 -5.88301 -0.267144 -0.963652 0.00299531
18.071 31.9106 -5.92267 -0.25801 -0.966099 0.00910278
19.0578 31.6579 -5.89818 -0.243498 -0.969876 -0.0026322
20.0742 31.4308 -5.91341 -0.20102 -0.979464 -0.0155102
21.2567 31.1946 -5.93058 -0.188859 -0.981922 -0.0126943
22.4272 30.9862 -5.91668 -0.173134 -0.984894 -0.00295009
23.4318 30.8311 -5.92022 -0.135332 -0.990797 -0.00240016
24.4951 30.6956 -5.88953 -0.121535 -0.992581 -0.00339496
25.6228 30.5611 -5.90957 -0.112888 -0.993607 -0.00068315
25.9722 30.5254 -4.93345 -0.0993581 -0.995034 0.0060101
26.0073 30.5233 -3.89302 -0.102232 -0.994756 0.00296232
26.0261 30.5225 -2.78781 -0.095335 -0.995434 0.0013089
25.9883 30.5296 -1.58713 -0.0948098 -0.995481 0.00535857
25.9949 30.5348 -0.537598 -0.0943243 -0.995535 0.00349751
25.991 30.5281 0.631635 -0.101344 -0.994813 -0.00873138
26.0103 30.5175 1.67792 -0.103861 -0.994591 -0.000888936
26.0106 30.5196 2.703 -0.102766 -0.994701 0.00317579
26.0069 30.5206 3.78288 -0.0974674 -0.995229 -0.00437347
25.9428 30.5177 4.79919 -0.104834 -0.994465 -0.00682645
25.8438 30.5227 5.84208 -0.107658 -0.99418 -0.00369675
24.8376 30.6379 5.93984 -0.113977 -0.993483 0.000322257
23.7764 30.7799 5.93997 -0.138678 -0.990336 -0.00048987
22.5814 30.9678 5.93778 -0.165815 -0.986156 0.00108246
21.5173 31.1562 5.89558 -0.181422 -0.983402 -0.00269173
20.3656 31.3885 5.92214 -0.213046 -0.977032 0.00430633
19.3311 31.621 5.94548 -0.220007 -0.975477 0.00618716
18.353 31.8486 5.95238 -0.241005 -0.970361 0.0158972
17.289 32.1415 5.95676 -0.280832 -0.959691 0.0102225
16.7561 32.2879 5.26984 -0.285666 -0.958164 0.0175547
16.7281 32.2826 4.25192 -0.292871 -0.956122 0.00756899
16.7385 32.2734 3.14355 -0.292343 -0.956293 0.00616445
16.7293 32.2731 2.1372 -0.284818 -0.95844 -0.0145277
16.7194 32.2879 1.05089 -0.277951 -0.960581 0.000672055
16.7148 32.2797 0.0203427 -0.273638 -0.961792 0.00888943
16.7015 32.277 -0.5481 -0.270542 -0.962623 0.0110266
15.7047 32.5814 -0.546215 -0.323142 -0.946247 0.0103191
15.7012 32.5876 -1.6499 -0.329095 -0.944295 -0.00204033
15.7285 32.5942 -2.65918 -0.290104 -0.956725 -0.0227234
15.7232 32.5875 -3.67729 -0.302772 -0.952897 0.0177855
15.72 32.5821 -4.72958 -0.304394 -0.952538 0.00100086
15.76 32.57 -5.7642 -0.295161 -0.955439 -0.000293535
15.7319 32.5776 -6.77281 -0.301637 -0.953397 -0.00606365
16.6534 32.2983 -6.98534 -0.276491 -0.961001 0.00131115
17.6737 32.0132 -6.99719 -0.263173 -0.964748 0.000341125
18.7391 31.7321 -6.99914 -0.249564 -0.968336 0.00568039
19.7595 31.5086 -6.98119 -0.203478 -0.979058 -0.00653737
20.8051 31.2929 -7.002 -0.19894 -0.979966 -0.00850229
21.8206 31.099 -7.00157 -0.177361 -0.984139 -0.00377862
22.8054 30.9247 -6.98481 -0.162293 -0.986714 0.0032384
23.8133 30.7839 -6.99373 -0.129793 -0.991539 0.00199883
24.968 30.6407 -6.99752 -0.115208 -0.99333 -0.00298374
26.0426 30.5197 -6.98391 -0.109857 -0.993923 -0.00695502
27.039 30.4162 -6.69671 -0.0978841 -0.995163 -0.00682852
27.0552 30.4176 -5.6631 -0.0910471 -0.995829 0.00558718
27.0443 30.4226 -4.66222 -0.0936069 -0.995606 0.00237048
27.0816 30.4235 -3.51318 -0.0853784 -0.996339 0.00427967
27.061 30.4274 -2.45696 -0.0855561 -0.996332 0.00185609
27.0517 30.4314 -1.44963 -0.0899247 -0.99593 0.00565776
27.0532 30.4318 -0.351973 -0.101017 -0.994868 -0.00559836
27.0459 30.4198 0.681792 -0.102404 -0.994641 -0.0142114
27.0512 30.4106 1.88331 -0.0969501 -0.995282 0.00263106
27.0692 30.4158 3.0069 -0.0977888 -0.995186 0.00645843
27.0733 30.4157 4.04757 -0.0939462 -0.995547 -0.00779045
27.0471 30.4095 5.0562 -0.092398 -0.995683 -0.0088465
27.0472 30.4038 6.12116 -0.0917582 -0.99578 -0.00149823
26.625 30.4457 6.97023 -0.0991309 -0.995015 0.010853
25.4609 30.5699 6.97973 -0.110992 -0.993805 0.00571792
24.3927 30.6961 6.99352 -0.123364 -0.99235 0.00472348
23.3343 30.8474 7.00275 -0.151179 -0.988499 0.00140875
22.2566 31.0234 6.9936 -0.167953 -0.985791 -0.00269328
21.1462 31.2309 6.97432 -0.196989 -0.980376 0.00610815
20.0992 31.4513 7.00028 -0.208941 -0.97791 0.00588481
18.9998 31.702 7.01293 -0.230212 -0.973089 0.00931124
17.8945 31.9785 6.99585 -0.257448 -0.966261 0.00291602
16.9161 32.2497 7.0216 -0.275343 -0.961306 -0.00826153
15.8187 32.577 6.88832 -0.291458 -0.956567 -0.00557051
15.7153 32.6041 5.79069 -0.293179 -0.956025 0.00771509
15.7164 32.5979 4.68301 -0.298173 -0.954511 0.000980719
15.7132 32.5986 3.52089 -0.306794 -0.951769 0.00362042
15.7156 32.5898 2.43064 -0.30498 -0.952292 0.0112849
15.7134 32.5858 1.32645 -0.294074 -0.955779 0.00154937
15.7041 32.5845 0.258697 -0.305182 -0.952256 0.00845191
15.7047 32.586 -0.309689 -0.310509 -0.950433 0.00582512
17.2312 32.128 -0.912194 -0.266105 -0.9639 0.00922721
18.3608 31.8237 -0.910679 -0.251463 -0.967852 0.00539552
19.437 31.5721 -0.908918 -0.217509 -0.976054 0.00287279
20.4292 31.3657 -0.907326 -0.191644 -0.981463 -0.00158726
21.4754 31.1653 -0.906015 -0.175078 -0.984554 0.0011952
22.4786 30.9915 -0.904543 -0.160795 -0.986987 0.00123384
23.4861 30.8346 -0.903365 -0.143909 -0.98959 -0.00154614
24.5357 30.69 -0.90282 -0.125691 -0.992062 0.00383165
25.4006 30.5924 -0.90234 -0.101834 -0.994801 0.000277068
25.4148 30.5882 -1.80284 -0.110342 -0.993892 -0.00171235
24.2981 30.722 -1.80398 -0.130384 -0.991462 0.00179483
23.2526 30.8691 -1.80594 -0.151028 -0.988522 0.00371794
22.2568 31.0263 -1.80838 -0.162436 -0.986714 0.00325722
21.247 31.2084 -1.81092 -0.184927 -0.982751 -0.00165267
20.1151 31.4287 -1.81452 -0.200448 -0.9797 0.00307196
18.9775 31.6736 -1.81783 -0.216689 -0.976237 -0.00272462
17.9863 31.9188 -1.82091 -0.255133 -0.966858 -0.00965673
17.4623 32.0595 -1.82235 -0.267727 -0.963494 -0.00156516
17.2802 32.1234 -2.73225 -0.294547 -0.955538 -0.0137841
18.2604 31.8507 -2.72884 -0.244319 -0.969652 -0.00908385
19.3712 31.5895 -2.72456 -0.217998 -0.975948 -0.00166303
20.4049 31.3675 -2.71976 -0.197764 -0.980213 0.00849143
21.4252 31.1719 -2.71485 -0.184268 -0.982873 0.00248009
22.4785 30.9905 -2.71099 -0.162524 -0.986704 -0.000928592
23.5044 30.8289 -2.70669 -0.142193 -0.989837 -0.00192128
24.5267 30.6944 -2.70373 -0.122159 -0.992509 -0.00184407
25.441 30.5858 -2.70175 -0.115689 -0.993285 -0.00118071
25.4579 30.5831 -3.6009 -0.111723 -0.993737 0.00198139
24.4546 30.702 -3.60429 -0.120049 -0.992767 0.00118261
23.4233 30.8378 -3.60915 -0.149185 -0.988789 0.00630017
22.2784 31.0226 -3.615 -0.166723 -0.985997 0.00355223
21.1186 31.2256 -3.62135 -0.181773 -0.983323 0.00592967
19.9953 31.4496 -3.62848 -0.211232 -0.977388 0.00966448
18.9173 31.6954 -3.63539 -0.229376 -0.973336 0.00179586
17.8761 31.9521 -3.6417 -0.265792 -0.964005 -0.00700354
17.2982 32.1148 -3.64417 -0.26982 -0.962801 0.0145448
17.3521 32.0996 -4.55685 -0.263905 -0.964478 -0.0116418
18.4615 31.8098 -4.54835 -0.247368 -0.968919 -0.00216379
19.5375 31.5388 -4.53949 -0.237633 -0.971353 -0.00170039
20.5899 31.3196 -4.53056 -0.192933 -0.981196 0.00552202
21.6307 31.1281 -4.52226 -0.170295 -0.985356 0.00850071
22.6528 30.9532 -4.51493 -0.166528 -0.986031 0.00340153
23.7654 30.7841 -4.50746 -0.126933 -0.991911 -0.000226589
24.767 30.6609 -4.5023 -0.117771 -0.993036 0.00295246
25.419 30.5846 -4.49938 -0.113451 -0.993543 0.00135545
25.3391 30.5978 -0.000749596 -0.100955 -0.994889 -0.00213639
24.1984 30.7322 -0.000598484 -0.137516 -0.990492 -0.00389994
23.0936 30.8927 -0.000888069 -0.151922 -0.988392 0.000376024
22.0989 31.0552 -0.00103692 -0.165974 -0.986128 -0.00225997
20.9506 31.2629 -0.000927784 -0.186464 -0.982455 0.00372828
19.8608 31.4843 -0.00125397 -0.205577 -0.97864 0.00133162
18.8614 31.7067 -0.00159542 -0.236046 -0.971733 0.00414307
17.8517 31.9673 -0.00255204 -0.25973 -0.96566 0.00643725
17.3241 32.1103 -0.00253633 -0.2651 -0.964213 0.00389401
17.2821 32.1271 0.907766 -0.267333 -0.963577 0.00729517
18.3512 31.8378 0.907032 -0.245727 -0.969337 -0.00209706
19.4971 31.5662 0.906108 -0.215236 -0.976549 0.00504519
20.565 31.3379 0.904961 -0.199431 -0.979909 -0.00234209
21.6823 31.1249 0.903571 -0.177359 -0.984138 -0.00389301
22.7554 30.9428 0.902159 -0.155102 -0.987896 -0.00235375
23.7571 30.7921 0.901315 -0.140166 -0.990127 -0.00106804
24.7653 30.6598 0.900323 -0.112717 -0.993623 -0.0028094
25.3618 30.5926 0.900695 -0.112472 -0.993647 -0.00397861
25.436 30.5824 1.80096 -0.115014 -0.993364 0.000336994
24.3345 30.7126 1.80184 -0.123229 -0.992377 0.00185095
23.3185 30.8539 1.80419 -0.143971 -0.989582 0.000175807
22.2967 31.0148 1.80673 -0.161139 -0.986932 -0.000740393
21.1383 31.2262 1.80993 -0.187178 -0.982321 -0.00310593
20.1213 31.4312 1.81211 -0.210482 -0.977598 0.000244937
18.9691 31.6897 1.8149 -0.229055 -0.973413 0.000570546
17.8934 31.9573 1.81716 -0.258242 -0.96608 -0.000511642
17.2652 32.1274 1.81849 -0.266235 -0.963888 -0.00618287
17.2867 32.1175 2.72878 -0.259702 -0.965666 -0.00657653
18.3098 31.8501 2.72581 -0.244671 -0.969606 -0.000107177
19.3335 31.6063 2.72197 -0.218877 -0.97575 0.00233536
20.3611 31.3837 2.7179 -0.204568 -0.978851 0.00142064
21.4187 31.1707 2.71387 -0.185145 -0.98271 -0.0015821
22.632 30.9568 2.70927 -0.161857 -0.986812 -0.00214614
23.7778 30.7854 2.70565 -0.142176 -0.989838 -0.00278023
24.8007 30.6549 2.70219 -0.115288 -0.993302 -0.0076666
25.3939 30.5869 2.70055 -0.111629 -0.993749 0.0012122
25.3136 30.5916 3.60092 -0.105949 -0.994359 -0.00492272
24.2693 30.7188 3.60489 -0.130434 -0.991456 -0.00141634
23.1786 30.8739 3.6094 -0.147319 -0.989088 0.00138662
22.1783 31.0356 3.61442 -0.167579 -0.985855 0.0026138
21.168 31.2213 3.61981 -0.184725 -0.98279 0.000117914
20.1653 31.4284 3.62526 -0.206512 -0.97844 0.00275555
19.0735 31.6634 3.63182 -0.221589 -0.975112 0.00733843
18.0431 31.9182 3.63638 -0.248848 -0.968538 0.00291791
17.3935 32.0886 3.63865 -0.262199 -0.964995 0.0059358
17.278 32.126 4.55192 -0.267655 -0.963472 0.00907933
18.2753 31.8609 4.54616 -0.240818 -0.97057 -0.000593102
19.298 31.6175 4.53913 -0.21013 -0.977667 0.00361659
20.3841 31.3831 4.53087 -0.207767 -0.978171 -0.00387796
21.5127 31.1558 4.52268 -0.181893 -0.983292 -0.00723744
22.5214 30.9774 4.5151 -0.167711 -0.985836 0.00105929
23.5402 30.8189 4.50841 -0.145215 -0.98939 -0.00449134
24.6113 30.6721 4.50246 -0.130083 -0.991488 -0.00550589
25.2809 30.5908 4.49913 -0.107328 -0.994193 -0.0078328
24.9964 30.6191 5.39894 -0.119739 -0.992804 -0.00148565
23.8969 30.7648 5.40597 -0.142175 -0.989838 -0.00273964
22.7822 30.9338 5.41492 -0.158063 -0.987426 0.00245678
22.739 30.9407 5.41526 -0.158063 -0.987426 0.00245678
