-40.5252 30.2317 0.822483 0.100805 -0.994879 0.00736592
-40.4957 30.2254 -0.325274 0.100187 -0.994957 0.00285914
-40.4791 30.2243 -1.51367 0.104448 -0.994528 -0.000596279
-40.511 30.2196 -2.51666 0.114407 -0.993428 0.00294027
-40.5082 30.2165 -3.57066 0.117605 -0.993036 0.00701535
-40.4632 30.219 -4.67287 0.116594 -0.99318 3.22085e-05
-40.4384 30.2226 -5.68647 0.110525 -0.993841 0.00797616
-39.5575 30.3332 -5.92517 0.13478 -0.990856 0.00626886
-38.4552 30.5017 -5.95489 0.159031 -0.987258 0.00477806
-37.4587 30.6676 -5.91058 0.173901 -0.984763 -0.000943395
-36.3716 30.867 -5.92759 0.189773 -0.98182 -0.00396633
-35.3334 31.0743 -5.94776 0.204183 -0.978911 0.00656865
-34.2818 31.3086 -5.95216 0.236415 -0.97164 -0.00414365
-33.2651 31.5595 -5.94312 0.241714 -0.97031 -0.00857859
-32.1815 31.8518 -5.90452 0.273915 -0.961751 0.00251388
-31.2969 32.1139 -5.64314 0.29105 -0.956707 -0.00151684
-31.294 32.1152 -4.5398 0.287672 -0.957728 0.00163134
-31.3014 32.1109 -3.50565 0.285566 -0.958297 -0.0107654
-31.2974 32.1069 -2.36084 0.287482 -0.957781 0.000621971
-31.25 32.118 -1.30433 0.285699 -0.958296 -0.0066529
-31.2511 32.1137 -0.277411 0.290267 -0.956941 -0.00292403
-31.2634 32.1054 0.762319 0.295413 -0.955363 -0.00320616
-31.3262 32.0955 2.01007 0.306148 -0.951894 0.0130851
-31.3455 32.098 3.03861 0.318068 -0.948067 0.00125486
-31.3153 32.0989 4.06858 0.319248 -0.94765 -0.00631226
-31.3097 32.098 5.09222 0.322129 -0.946692 -0.00133618
-31.7937 31.9446 5.91903 0.300149 -0.953891 0.001807
-32.7766 31.6654 5.93097 0.2607 -0.965419 0.00144467
-33.8137 31.3996 5.93093 0.237708 -0.971301 -0.00720297
-34.8011 31.174 5.91769 0.215121 -0.976576 0.00339499
-35.8216 30.9564 5.92385 0.199483 -0.979901 -0.000574672
-36.8673 30.7516 5.92334 0.183525 -0.983003 -0.00485831
-38.0416 30.5432 5.93566 0.161667 -0.986824 -0.00537975
-39.1094 30.3837 5.94458 0.135547 -0.990728 -0.0081905
-40.1545 30.2505 5.91827 0.113432 -0.993533 -0.00500741
-40.4734 30.2152 4.92126 0.113024 -0.993589 0.00159058
-40.4997 30.2116 3.83849 0.11007 -0.993922 0.00195613
-40.4891 30.2171 2.69318 0.114354 -0.993337 -0.014003
-40.5162 30.2354 1.46618 0.0971824 -0.995241 -0.00710287
-40.5239 30.233 0.992189 0.10067 -0.994894 0.0072194
-41.5741 30.1281 0.912567 0.0943921 -0.995531 0.00198767
-41.5557 30.1268 1.92598 0.0945208 -0.995464 -0.0108643
-41.5509 30.1085 2.97193 0.0897441 -0.995826 -0.0155471
-41.5541 30.0984 4.03093 0.093702 -0.995584 -0.00567816
-41.5462 30.0974 5.04002 0.105895 -0.994371 0.00342573
-41.5393 30.0988 6.16893 0.106901 -0.994261 -0.00423493
-41.1856 30.1301 6.97244 0.105985 -0.994337 -0.00781793
-40.0669 30.2528 7.00944 0.114109 -0.993446 -0.00642092
-38.9974 30.3908 6.99422 0.134103 -0.990948 -0.00609517
-37.9407 30.5545 7.00893 0.167832 -0.985765 -0.0099975
-36.9386 30.7342 6.98192 0.184534 -0.98282 -0.0035065
-35.9141 30.9366 6.97035 0.203667 -0.979029 -0.00186032
-34.8764 31.1589 6.99771 0.213735 -0.976888 -0.000910281
-33.8212 31.403 6.98871 0.236808 -0.971507 0.00967991
-32.8192 31.6547 6.98427 0.267641 -0.963483 0.00829975
-31.6368 31.9996 6.98211 0.292701 -0.956135 0.0115302
-30.6112 32.3291 6.99036 0.320883 -0.947117 0.00207227
-30.2877 32.4474 6.11012 0.331268 -0.943532 -0.00288585
-30.3102 32.4444 5.06654 0.328866 -0.944376 7.06127e-05
-30.3038 32.4471 4.0418 0.330102 -0.943944 0.00132271
-30.33 32.4404 2.93507 0.31925 -0.947661 0.00179451
-30.3036 32.4288 1.84844 0.319516 -0.947269 0.0243283
-30.2727 32.4249 0.692872 0.313269 -0.949663 0.00138826
-30.2442 32.4301 -0.390981 0.318551 -0.947896 0.0013188
-30.2592 32.4265 -1.49122 0.310556 -0.950521 -0.00706268
-30.2722 32.4316 -2.53663 0.316998 -0.948418 -0.00401245
-30.2982 32.4294 -3.59569 0.327515 -0.944816 -0.00752554
-30.2754 32.4417 -4.73762 0.323109 -0.946355 0.00169685
-30.2836 32.4381 -5.77957 0.313809 -0.949425 -0.00190872
-30.3701 32.4142 -6.9196 0.311585 -0.950187 -0.00766862
-31.4905 32.0566 -6.99516 0.289987 -0.957017 -0.0013694
-32.4981 31.7722 -6.99215 0.255714 -0.966711 -0.00893126
-33.5644 31.4917 -7.00168 0.254064 -0.96715 -0.00845788
-34.5628 31.2451 -7.01619 0.226358 -0.974008 -0.00388865
-35.7471 30.9899 -6.98024 0.20158 -0.979463 -0.00102001
-36.8191 30.781 -6.97864 0.18196 -0.983306 -0.000150576
-37.806 30.6049 -7.00109 0.171238 -0.985217 0.00500163
-39.0065 30.4087 -7.00603 0.152255 -0.988334 0.00367135
-40.0122 30.271 -6.98374 0.126297 -0.991963 -0.0053379
-41.0896 30.1441 -6.98803 0.107048 -0.994239 -0.00543983
-41.5368 30.1031 -6.17818 0.101263 -0.994839 0.00490485
-41.5437 30.1009 -5.15499 0.108281 -0.994103 -0.00587347
-41.5446 30.0964 -4.11614 0.109271 -0.994011 -0.00153295
-41.5655 30.1018 -3.03162 0.0986701 -0.995075 0.00947783
-41.5296 30.1156 -1.98626 0.0918732 -0.995722 0.009828
-41.55 30.1229 -0.855818 0.0910741 -0.995826 0.00603889
-41.5593 30.1268 0.18852 0.0915203 -0.995797 0.00355815
-41.5741 30.128 0.902664 0.0934523 -0.995617 0.00370248
-39.8632 30.304 0.903011 0.111137 -0.993796 0.00434693
-38.8043 30.4358 0.903916 0.145002 -0.989431 -0.000200739
-37.8129 30.5893 0.904628 0.167572 -0.985835 -0.00695341
-36.6553 30.7949 0.906485 0.185581 -0.982626 -0.00226805
-35.5215 31.0178 0.908061 0.200656 -0.979662 0.000277451
-34.4978 31.238 0.909564 0.221104 -0.975248 0.0019285
-33.5218 31.4719 0.910703 0.247015 -0.96901 0.0018137
-32.4808 31.7468 0.911781 0.260354 -0.96551 0.00268189
-31.9111 31.9088 0.912362 0.286239 -0.958152 -0.00336381
-31.9972 31.8843 1.82293 0.298677 -0.95435 0.00286819
-33.0701 31.589 1.82127 0.249988 -0.968245 0.00258536
-34.1378 31.3238 1.81855 0.234631 -0.972084 0.00080069
-35.1306 31.0987 1.81583 0.210239 -0.977649 0.00118054
-36.148 30.8887 1.81219 0.19194 -0.981359 -0.00969015
-37.1819 30.6934 1.80933 0.181347 -0.983405 -0.00522371
-38.1862 30.5208 1.80694 0.154995 -0.987884 -0.00781568
-39.2559 30.3736 1.80458 0.128578 -0.991686 -0.00517783
-39.8642 30.3014 1.80331 0.107769 -0.994041 -0.0163638
-39.8926 30.2861 2.70355 0.116448 -0.99317 -0.00733
-38.8753 30.417 2.70647 0.138445 -0.990363 0.00369157
-37.8478 30.5747 2.70999 0.167995 -0.985781 -0.0038025
-36.6898 30.7794 2.71522 0.183388 -0.983027 0.00507914
-35.6533 30.9869 2.72013 0.205006 -0.978745 -0.00554825
-34.561 31.226 2.72581 0.218366 -0.975866 0.00101959
-33.5032 31.4795 2.73035 0.244849 -0.969561 0.000786035
-32.4202 31.7634 2.73462 0.266895 -0.963667 0.01058
-31.8739 31.9245 2.73594 0.308124 -0.951291 0.0102755
-31.9624 31.8946 3.6485 0.287974 -0.957563 -0.0120302
-33.0501 31.5978 3.64365 0.247226 -0.968958 0.00075339
-34.0385 31.351 3.63768 0.235886 -0.971758 0.00660799
-35.2142 31.0783 3.62908 0.217902 -0.975961 0.0042761
-36.3069 30.8546 3.6218 0.188034 -0.982153 0.00432826
-37.3826 30.6572 3.61497 0.177199 -0.984161 0.00527771
-38.3873 30.4907 3.60954 0.148089 -0.988941 0.00805573
-39.3822 30.3493 3.60522 0.127549 -0.991832 0.00051442
-39.8438 30.2909 3.60332 0.123545 -0.992338 0.0011538
-39.9153 30.2813 4.50154 0.120678 -0.992688 -0.00280652
-38.7879 30.4347 4.50763 0.145578 -0.989345 0.00191928
-37.6881 30.6069 4.51551 0.16148 -0.986876 0.000939095
-36.6741 30.7923 4.52282 0.185255 -0.98269 -0.000555897
-35.622 30.9953 4.53324 0.19779 -0.980244 0.0011008
-34.6191 31.2163 4.54168 0.22718 -0.973853 -0.000774739
-33.5263 31.4771 4.55215 0.239349 -0.970908 -0.00701793
-32.5255 31.7339 4.56017 0.255831 -0.966717 -0.00286753
-31.9087 31.9083 4.56429 0.285089 -0.95849 0.00454145
-31.7882 31.9502 0.000892732 0.289032 -0.957282 -0.00848405
-32.8479 31.6526 0.00142663 0.261069 -0.965291 -0.0074477
-33.9435 31.372 0.0017162 0.241815 -0.970277 -0.00941253
-34.9686 31.1336 0.00152891 0.218199 -0.975904 -0.000676448
-36.0875 30.9034 0.000801365 0.191202 -0.98155 0.00114085
-37.0719 30.7181 0.00115576 0.175631 -0.984456 -0.000602568
-38.1063 30.5465 0.00166772 0.155576 -0.987816 -0.00404038
-39.1179 30.3909 0.00117841 0.139771 -0.990164 -0.00629615
-39.877 30.2937 0.00137386 0.112801 -0.993611 0.00366941
-39.8784 30.2921 -0.899902 0.12349 -0.99232 -0.00714896
-38.7579 30.4466 -0.901049 0.147501 -0.989062 -0.000706063
-37.7573 30.6026 -0.902564 0.16165 -0.986843 -0.00317832
-36.7639 30.7745 -0.90348 0.175561 -0.984466 -0.00241292
-35.6769 30.9823 -0.9048 0.201833 -0.979413 0.00360542
-34.588 31.2242 -0.905912 0.235382 -0.971881 -0.00658034
-33.561 31.4793 -0.906855 0.240082 -0.970707 -0.00943985
-32.5636 31.7378 -0.908468 0.258215 -0.966029 -0.0106093
-31.754 31.9657 -0.90914 0.280357 -0.959883 -0.00494356
-31.8042 31.9561 -1.81994 0.281316 -0.95961 -0.00303262
-32.8676 31.6579 -1.8173 0.252615 -0.96755 0.00568903
-33.8928 31.399 -1.81523 0.241678 -0.970355 0.00180701
-34.9689 31.1381 -1.81268 0.226304 -0.974048 -0.00404026
-35.9942 30.9215 -1.80976 0.195879 -0.980624 -0.00273699
-37.1569 30.7071 -1.80683 0.170094 -0.985425 -0.0021842
-38.1567 30.5387 -1.80475 0.160184 -0.98707 -0.00577642
-39.2627 30.3762 -1.80235 0.135051 -0.990839 -0.000172326
-39.7323 30.3142 -1.80157 0.127956 -0.991776 -0.00292168
-39.9499 30.2876 -2.70088 0.126929 -0.99191 0.00182612
-38.7867 30.4469 -2.7048 0.144466 -0.98951 0.000243856
-37.7355 30.6127 -2.70862 0.162243 -0.986736 -0.00532755
-36.6066 30.8064 -2.71241 0.179647 -0.98373 0.0011837
-35.613 31.0002 -2.71732 0.203174 -0.979139 -0.00284262
-34.627 31.2168 -2.72126 0.229228 -0.973371 0.00197381
-33.622 31.4628 -2.72489 0.239942 -0.970774 0.00517858
-32.6054 31.7256 -2.72791 0.269316 -0.963046 0.00342878
-31.8046 31.9568 -2.72998 0.284834 -0.958567 -0.0042903
-31.9346 31.9252 -3.64252 0.279907 -0.959997 -0.00756857
-33.0135 31.6196 -3.63791 0.263982 -0.964485 -0.00907356
-34.0828 31.345 -3.63234 0.239814 -0.970818 0.00124059
-35.1374 31.1032 -3.6266 0.215091 -0.976593 0.000903191
-36.1381 30.8966 -3.62054 0.194247 -0.98095 -0.00208408
-37.2053 30.706 -3.61276 0.168486 -0.985653 -0.0100313
-38.2399 30.5386 -3.60861 0.158997 -0.987258 -0.00644999
-39.3077 30.3737 -3.60415 0.138733 -0.990299 0.00780562
-39.8907 30.2936 -3.60172 0.128658 -0.99167 0.0061916
-39.8777 30.2906 -4.5011 0.128084 -0.991741 0.00662122
-38.7795 30.4541 -4.50612 0.162043 -0.986783 0.00116722
-37.6169 30.6445 -4.51354 0.159598 -0.987182 -0.000206514
-36.512 30.83 -4.52297 0.170036 -0.985433 -0.00318414
-35.472 31.0336 -4.53122 0.204116 -0.978944 -0.00237071
-34.4067 31.2676 -4.53977 0.225423 -0.97426 -0.00149866
-33.3146 31.54 -4.54662 0.26242 -0.964945 -0.00405815
-32.1619 31.8605 -4.5546 0.275782 -0.961208 0.0047822
-31.887 31.9394 -4.55625 0.282864 -0.95915 0.00439958
-37.985 30.5824 -5.41149 0.161749 -0.986823 0.00426743
-38.9811 30.4187 -5.40391 0.163296 -0.98657 0.00380523
-39.0468 30.4078 -5.4035 0.160126 -0.987097 -0.000279932
-39.2078 30.3822 -5.40246 0.150812 -0.988558 -0.00287407
