17.4474 33.2301 0.684944 -0.249369 -0.968392 0.00559564
17.4633 33.2278 -0.344368 -0.260392 -0.965501 -0.00182256
17.4787 33.2181 -1.35984 -0.258118 -0.966046 0.00756534
17.5245 33.2037 -2.45146 -0.263537 -0.964637 0.00481058
17.4964 33.2149 -3.5573 -0.245496 -0.969391 -0.00299468
17.4724 33.2281 -4.60684 -0.25727 -0.966266 -0.0109223
17.4887 33.2316 -5.72232 -0.263779 -0.964578 0.000700963
18.4723 32.9825 -5.96198 -0.229887 -0.973162 -0.0103682
19.494 32.7558 -5.96799 -0.203578 -0.979049 -0.00433689
20.5048 32.5533 -5.97395 -0.188354 -0.982097 -0.00290513
21.5194 32.3666 -5.97986 -0.16865 -0.985626 -0.00807123
22.6141 32.1945 -5.95842 -0.154188 -0.988033 -0.00383824
23.6203 32.0479 -5.98565 -0.127857 -0.991788 -0.00300981
24.7065 31.9172 -6.00733 -0.111859 -0.99371 -0.0050398
25.7921 31.8027 -6.00688 -0.101637 -0.994821 0.00110532
26.7673 31.7102 -5.8449 -0.0837584 -0.996486 0.000793131
26.8244 31.7075 -4.83892 -0.0910671 -0.995845 0.000686467
26.8324 31.7057 -3.68981 -0.0884686 -0.996079 -0.00092245
26.8195 31.7079 -2.63647 -0.0839031 -0.996474 -0.000735884
26.8289 31.7068 -1.62503 -0.0834402 -0.996509 -0.00256009
26.8438 31.7051 -0.56234 -0.0805801 -0.996745 -0.00170235
26.8355 31.6999 0.449658 -0.0781354 -0.996902 -0.00901306
26.7984 31.6961 1.49089 -0.0902647 -0.995887 -0.0078508
26.7827 31.6969 2.61555 -0.0952693 -0.995449 0.000889717
26.801 31.6929 3.66829 -0.0892416 -0.996007 -0.00242353
26.7996 31.6914 4.77751 -0.0882894 -0.996089 0.00339624
26.7596 31.6922 5.84313 -0.0866135 -0.996233 -0.00292238
25.7466 31.7906 5.9598 -0.105269 -0.994444 -0.000664364
24.7116 31.9048 5.97753 -0.109186 -0.99401 0.00470475
23.6553 32.039 5.96514 -0.13743 -0.990505 -0.00313265
22.5863 32.1958 5.96905 -0.154458 -0.987987 -0.000877251
21.5544 32.3666 6.0052 -0.174495 -0.984644 -0.000606057
20.505 32.5649 5.96019 -0.194125 -0.980964 0.00468436
19.5076 32.7666 5.95535 -0.204561 -0.978835 0.00586454
18.3376 33.0313 5.95263 -0.237799 -0.97129 0.00640352
17.5189 33.2317 5.6411 -0.243758 -0.96982 0.00550307
17.4874 33.2334 4.63685 -0.245497 -0.969374 0.00674461
17.484 33.229 3.60438 -0.246022 -0.969263 0.0011328
17.4873 33.2255 2.46636 -0.251881 -0.967747 0.00462599
17.4593 33.2302 1.37687 -0.254008 -0.967202 0.0010283
17.4483 33.2313 0.894539 -0.249906 -0.968247 0.00670563
16.4451 33.5081 0.816534 -0.275218 -0.961377 0.00290811
16.4491 33.5052 -0.308327 -0.269796 -0.962902 -0.00367357
16.4541 33.5019 -1.3701 -0.266271 -0.963895 0.00225746
16.4894 33.4936 -2.4036 -0.273096 -0.961967 -0.00622093
16.4514 33.5064 -3.5168 -0.279024 -0.960276 0.00318004
16.4401 33.5122 -4.57041 -0.268098 -0.963357 -0.00675022
16.4476 33.5156 -5.57177 -0.26158 -0.965179 -0.00245438
16.4535 33.5056 -6.70467 -0.257061 -0.966356 0.00841545
17.3779 33.2626 -7.06197 -0.248062 -0.968708 -0.00792769
18.3898 33.0092 -7.05084 -0.223224 -0.974685 -0.0126518
19.4243 32.778 -7.04169 -0.209308 -0.977801 -0.00970965
20.4095 32.5747 -7.04066 -0.19651 -0.980496 -0.00332086
21.4544 32.3864 -7.0225 -0.1639 -0.986417 -0.0107132
22.4607 32.2249 -7.04807 -0.159279 -0.987187 -0.00912523
23.5442 32.0598 -7.04593 -0.131585 -0.991301 -0.00278826
24.6543 31.9287 -7.07047 -0.110979 -0.993815 -0.00394223
25.7182 31.8133 -7.05827 -0.106195 -0.994345 -0.000526779
26.8945 31.7039 -7.04044 -0.0824555 -0.99654 -0.00980776
27.8749 31.6261 -6.80126 -0.0739573 -0.997242 -0.00620018
27.8917 31.6194 -5.64938 -0.0765789 -0.997057 -0.00302351
27.8783 31.6178 -4.64405 -0.0710349 -0.997472 -0.0017122
27.8873 31.6221 -3.62231 -0.070376 -0.997506 0.00543513
27.8653 31.6267 -2.58015 -0.0689069 -0.997623 0.000413296
27.8841 31.6253 -1.4812 -0.0695907 -0.997575 0.0013691
27.8847 31.6265 -0.430342 -0.0661778 -0.997804 0.00254146
27.8747 31.6201 0.634785 -0.0725426 -0.997297 -0.0116837
27.8685 31.61 1.72056 -0.0656406 -0.997836 -0.00385134
27.8476 31.612 2.73041 -0.0722558 -0.997369 0.00559812
27.8657 31.6104 3.87487 -0.0658016 -0.997816 -0.00578452
27.8596 31.6034 4.94843 -0.0758241 -0.997112 -0.00425361
27.8842 31.5987 5.96992 -0.0799763 -0.996792 -0.00312321
27.6707 31.6137 7.00018 -0.0818222 -0.996624 -0.00356107
26.5825 31.7108 7.01445 -0.0920126 -0.995758 4.66617e-05
25.5228 31.8183 7.05809 -0.109417 -0.993995 0.00118382
24.4773 31.9354 7.03486 -0.110272 -0.993895 0.00367787
23.4595 32.0646 7.02328 -0.140914 -0.99002 -0.000136308
22.4349 32.2223 7.02355 -0.157881 -0.987446 0.00455882
21.3545 32.4052 7.05732 -0.182236 -0.983252 0.00220928
20.3531 32.6009 7.01959 -0.196135 -0.98056 0.00502553
19.3565 32.8055 7.02548 -0.205043 -0.978704 0.00962875
18.357 33.0342 7.01766 -0.238636 -0.971058 0.00994507
17.3068 33.2953 7.03479 -0.249752 -0.968233 0.0111015
16.4883 33.5115 6.66896 -0.27576 -0.961112 0.0114933
16.4699 33.5076 5.65572 -0.27299 -0.96198 0.00843232
16.4562 33.5049 4.50264 -0.276256 -0.961067 -0.00570767
16.4341 33.5121 3.29421 -0.26647 -0.963842 0.00147422
16.4473 33.5083 2.16753 -0.279632 -0.960099 0.00329419
16.4449 33.5088 1.08674 -0.275517 -0.961296 0.00114722
16.4455 33.5086 1.03304 -0.275223 -0.961378 0.00186498
18.0304 33.0859 1.81322 -0.234164 -0.972171 0.00707642
19.1339 32.8375 1.81166 -0.213088 -0.977032 0.00125812
20.2191 32.6088 1.80999 -0.195418 -0.980714 0.00347453
21.3138 32.4008 1.80761 -0.1719 -0.985112 0.00220601
22.3147 32.2378 1.80548 -0.148533 -0.988903 -0.00293977
23.3302 32.0909 1.80357 -0.138647 -0.990342 0.000247729
24.4994 31.9357 1.80139 -0.124772 -0.992185 -0.000650408
25.5276 31.8227 1.79996 -0.1048 -0.99449 0.00272257
26.1293 31.7595 1.79907 -0.102957 -0.994681 0.00317434
26.2515 31.7478 2.69826 -0.0989575 -0.995091 -0.00135674
25.1752 31.859 2.70042 -0.108811 -0.994056 -0.00344617
24.0272 31.9955 2.70307 -0.130905 -0.991391 -0.0027774
23.0281 32.1321 2.70611 -0.141811 -0.989892 -0.0017307
21.8985 32.3021 2.71023 -0.154239 -0.988031 0.00224081
20.8692 32.4863 2.7134 -0.188932 -0.981977 0.00506143
19.7306 32.7144 2.717 -0.20237 -0.979266 0.00924625
18.583 32.9556 2.71982 -0.224568 -0.974457 -0.0018873
18.0875 33.0724 2.72068 -0.238849 -0.971054 0.00206484
18.1055 33.0718 3.62913 -0.23885 -0.971039 0.00582757
19.1166 32.8432 3.6259 -0.200189 -0.979753 0.00276247
20.2161 32.6196 3.62143 -0.198042 -0.980193 -0.000940353
21.2024 32.427 3.61661 -0.176693 -0.984211 0.0103857
22.2144 32.2561 3.61179 -0.155474 -0.987809 0.00781774
23.3787 32.0795 3.6069 -0.141589 -0.989917 -0.0042358
24.4465 31.9365 3.6022 -0.121005 -0.992644 -0.00393706
25.4486 31.8243 3.59863 -0.103945 -0.994569 -0.00528686
26.1212 31.7564 3.59722 -0.0980667 -0.995158 -0.00656534
26.22 31.7446 4.49543 -0.0956595 -0.995414 0.000772451
25.1915 31.8478 4.49896 -0.107125 -0.994237 -0.00405627
24.0649 31.982 4.50449 -0.137937 -0.990438 -0.00265187
22.9015 32.1481 4.51061 -0.151133 -0.988513 -0.00098985
21.8104 32.3251 4.51705 -0.166385 -0.98606 0.00165343
20.6853 32.5268 4.52471 -0.188384 -0.982095 -0.0008225
19.6397 32.7345 4.53088 -0.206723 -0.978399 0.000466248
18.6331 32.9531 4.53613 -0.224134 -0.974549 0.00415769
18.0589 33.0918 4.53826 -0.238989 -0.970991 0.00784328
20.6689 32.529 5.43071 -0.194383 -0.98092 0.00327908
21.7144 32.3402 5.42134 -0.171763 -0.985128 -0.00445215
22.8532 32.1555 5.41224 -0.156256 -0.987715 -0.00167923
23.8746 32.0094 5.40597 -0.134213 -0.990952 0.000458036
24.9687 31.8736 5.39922 -0.116144 -0.9932 0.0080472
25.9161 31.7726 5.39414 -0.10324 -0.994656 -0.000818669
26.2624 31.7485 0.898929 -0.0935326 -0.995607 -0.0043017
25.2262 31.853 0.900321 -0.103937 -0.99458 0.00292802
24.1543 31.9779 0.901476 -0.125875 -0.992046 -0.000946067
23.0693 32.1274 0.902248 -0.142721 -0.98976 0.00227081
21.9707 32.2937 0.903174 -0.157249 -0.987559 5.11385e-05
20.9171 32.476 0.904096 -0.183018 -0.983109 -0.00135165
19.8396 32.6845 0.905083 -0.200906 -0.979608 0.00214588
18.7845 32.9106 0.905804 -0.218147 -0.975835 0.0125613
18.219 33.0402 0.905907 -0.224963 -0.974356 0.00465643
18.0583 33.0738 -0.000730361 -0.249842 -0.968251 0.00826307
19.1859 32.8136 -0.000284897 -0.199942 -0.979792 0.0055042
20.266 32.5972 -0.000317185 -0.187315 -0.9823 -0.00078353
21.3676 32.3939 -0.000313641 -0.172241 -0.985042 -0.00509365
22.5782 32.1972 7.50998e-05 -0.15004 -0.988677 0.00249064
23.6674 32.0404 -8.98245e-05 -0.134962 -0.990846 0.00306968
24.7264 31.9054 -0.000133055 -0.10765 -0.994187 0.00204873
25.8667 31.79 -0.000463474 -0.0944583 -0.995528 -0.000816318
26.0942 31.7691 -0.000662672 -0.0923809 -0.995715 -0.00408463
26.2578 31.7556 -0.901159 -0.086934 -0.996214 0.000825269
25.1133 31.8643 -0.901809 -0.108129 -0.994137 -0.000245013
24.1145 31.9813 -0.901856 -0.125285 -0.992121 0.000415909
22.9287 32.1427 -0.902872 -0.144526 -0.9895 0.00169456
21.9144 32.3029 -0.903808 -0.164859 -0.986312 0.00317145
20.9015 32.4772 -0.904733 -0.177011 -0.984208 -0.00152187
19.768 32.6967 -0.905939 -0.193667 -0.981067 0.000893528
18.7345 32.9062 -0.907366 -0.210549 -0.977578 0.00315231
17.9871 33.0861 -0.908176 -0.256732 -0.966426 0.0104803
18.0698 33.064 -1.81471 -0.244654 -0.969595 0.00545121
19.1493 32.8207 -1.81281 -0.207496 -0.978235 -0.000873628
20.1394 32.6238 -1.81071 -0.190078 -0.981768 0.00166939
21.1382 32.4358 -1.80881 -0.180396 -0.983578 -0.00556717
22.162 32.2596 -1.80674 -0.158288 -0.987389 -0.00263675
23.3012 32.0892 -1.80442 -0.135932 -0.990717 0.00155684
24.3729 31.9498 -1.80268 -0.123796 -0.992307 0.00113972
25.3905 31.8338 -1.80103 -0.102263 -0.994757 0.000287127
26.2936 31.7521 -1.80018 -0.0859404 -0.9963 0.00029356
26.1764 31.7626 -2.69917 -0.0851259 -0.99637 -0.00108667
25.1601 31.8594 -2.70144 -0.105018 -0.994468 0.00203898
24.1503 31.9756 -2.70386 -0.123698 -0.99232 0.000377478
23.1253 32.1133 -2.70666 -0.140691 -0.990053 0.00111001
22.0469 32.2793 -2.71003 -0.160275 -0.987072 0.000354271
21.0145 32.4585 -2.71321 -0.175434 -0.984469 0.00667722
19.945 32.6582 -2.71652 -0.196613 -0.980469 0.00491855
18.8996 32.8753 -2.71987 -0.213551 -0.97692 0.00483418
18.1386 33.0469 -2.72222 -0.239468 -0.970843 -0.0109549
18.0895 33.0655 -3.62936 -0.243292 -0.969946 -0.00381974
19.1087 32.8285 -3.62555 -0.217699 -0.976006 0.00443805
20.1842 32.6054 -3.62121 -0.190217 -0.981675 0.0114632
21.226 32.4135 -3.61624 -0.173388 -0.984853 0.000953138
22.4077 32.2223 -3.61113 -0.151379 -0.98847 -0.0032403
23.4265 32.0728 -3.60699 -0.14122 -0.989976 -0.00202922
24.4572 31.938 -3.60312 -0.118565 -0.99293 -0.00569489
25.6113 31.8178 -3.60011 -0.0951715 -0.995449 -0.00485529
26.1644 31.7661 -3.59862 -0.0908847 -0.995856 -0.00324355
26.1736 31.7678 -4.49629 -0.0950732 -0.995469 -0.00135087
25.1028 31.8718 -4.49958 -0.101168 -0.994859 -0.00452315
24.0428 31.9914 -4.50449 -0.125413 -0.992101 -0.00281643
23.0367 32.1298 -4.50991 -0.148094 -0.988969 -0.00305429
21.9844 32.2906 -4.51565 -0.152664 -0.988276 -0.00182832
20.9971 32.4549 -4.52212 -0.17698 -0.984214 0.000365585
19.9832 32.6469 -4.52826 -0.197591 -0.980256 -0.00746829
18.9455 32.865 -4.53361 -0.22023 -0.975447 -0.00148715
18.1411 33.0566 -4.53789 -0.24452 -0.969607 -0.00853601
19.8676 32.6755 -5.43547 -0.191958 -0.981376 -0.00728945
20.8515 32.4859 -5.42752 -0.183092 -0.983077 -0.00603787
21.8599 32.3118 -5.41978 -0.159316 -0.987219 -0.00403538
21.9193 32.3022 -5.41929 -0.160394 -0.987053 -0.000146024
22.5415 32.2051 -5.414 -0.150185 -0.988658 0.000549223
23.5489 32.0561 -5.40732 -0.134227 -0.99094 0.00466193
24.7069 31.9158 -5.39993 -0.110046 -0.993926 -0.000696993
25.7908 31.8047 -5.39475 -0.0982397 -0.995158 0.0031213
26.0813 31.776 -5.39382 -0.0973755 -0.995222 0.00712451
26.1128 31.773 -5.39369 -0.0945367 -0.995506 0.00552752
