-45.4571 39.7286 3.48835 0.0288063 -0.999584 0.00106551
-45.4186 39.7276 2.42442 0.0296129 -0.999559 0.0020596
-45.4012 39.7261 1.37657 0.0311462 -0.999514 0.000898269
-45.4115 39.7249 0.303266 0.0303507 -0.999539 0.000918681
-45.3973 39.7234 -0.763214 0.030011 -0.999546 0.00257702
-45.4057 39.7201 -1.84742 0.0296149 -0.999558 0.00246435
-45.3959 39.7186 -2.92539 0.0303716 -0.999538 0.00127302
-45.3868 39.7176 -4.02303 0.0300588 -0.999546 0.00171367
-45.3953 39.7155 -5.07117 0.0303822 -0.999536 0.00198278
-45.1907 39.7213 -6.04143 0.0309813 -0.99952 -0.000417823
-43.9896 39.7617 -6.05031 0.0369344 -0.999317 0.000154431
-42.9035 39.8062 -6.07571 0.0454767 -0.998965 -0.000163942
-41.9011 39.8533 -6.07122 0.0500046 -0.998746 0.000270185
-40.8238 39.9134 -6.06551 0.0611347 -0.998127 -0.00212639
-39.7687 39.9804 -6.05836 0.064455 -0.997919 -0.00180718
-38.7302 40.0516 -6.05149 0.0743497 -0.997228 -0.00306225
-37.5175 40.146 -6.06914 0.0817917 -0.99664 -0.00432919
-36.5387 40.23 -5.85612 0.0896339 -0.995969 -0.00284728
-36.4978 40.2299 -4.82167 0.0906662 -0.995877 -0.00297486
-36.4659 40.2311 -3.67492 0.0868412 -0.99622 -0.00172885
-36.4616 40.228 -2.65597 0.0838841 -0.99647 -0.00337409
-36.4617 40.2249 -1.45981 0.0896758 -0.99597 0.000202887
-36.4588 40.2283 -0.363352 0.0916709 -0.995784 0.00335138
-36.4473 40.2331 0.794803 0.0923701 -0.99572 0.00310793
-36.4797 40.234 1.84873 0.0901533 -0.995915 0.00497778
-36.4561 40.2408 2.98337 0.0911625 -0.995836 -0.000106752
-36.4423 40.2392 4.01874 0.0896689 -0.995966 -0.00320656
-36.4799 40.2339 5.09296 0.0811789 -0.996699 0.000838728
-36.6754 40.2181 6.03167 0.0789141 -0.99688 0.0010853
-37.7166 40.135 6.09386 0.0824576 -0.996594 -0.000657649
-38.7613 40.0514 6.05439 0.0729607 -0.997334 -0.000540577
-39.9123 39.974 6.07575 0.0614502 -0.99811 -0.000361089
-40.9441 39.9136 6.07589 0.0557898 -0.998441 0.00165983
-41.9936 39.8598 6.06538 0.0469936 -0.998895 0.000285525
-43.0087 39.8133 6.08379 0.0439926 -0.999031 -0.00106031
-44.0906 39.7699 6.07358 0.0375413 -0.999294 -0.00107961
-45.1536 39.7346 6.01711 0.0295494 -0.999563 -0.000492867
-45.394 39.7284 5.07998 0.0286326 -0.999588 -0.00181185
-45.4366 39.7292 3.96455 0.0285429 -0.999592 -0.00110181
-45.4547 39.7287 3.58256 0.028786 -0.999586 0.000249938
-46.4541 39.7004 3.59067 0.0276972 -0.999616 0.000542994
-46.4285 39.7 4.61266 0.0277703 -0.999611 -0.00237354
-46.4029 39.6986 5.72077 0.027997 -0.999607 -0.000696002
-46.401 39.6987 6.80321 0.0285532 -0.999592 0.000192691
-45.4567 39.7246 7.06156 0.0279682 -0.999608 -0.00111507
-44.3527 39.7582 7.06844 0.0339274 -0.999422 -0.0023245
-43.202 39.8043 7.08536 0.0431259 -0.999069 0.000658369
-42.188 39.8501 7.0667 0.0465003 -0.998917 -0.00127517
-41.0976 39.906 7.05324 0.0538537 -0.998548 0.00109168
-40.0597 39.9646 7.08967 0.0594049 -0.998234 -0.000938411
-38.9213 40.0394 7.06085 0.0742669 -0.997228 -0.00183102
-37.7227 40.1342 7.08627 0.0801736 -0.996781 0.00044926
-36.7213 40.2166 7.09346 0.0834206 -0.996512 0.00203409
-35.5682 40.3162 6.95859 0.0928526 -0.995674 0.00347074
-35.4563 40.3246 5.87695 0.0966307 -0.99532 0.00033352
-35.4607 40.3251 4.69273 0.0986252 -0.99511 -0.00482391
-35.4575 40.3326 3.62032 0.0968953 -0.995283 -0.00469952
-35.4736 40.3308 2.60296 0.0890213 -0.99602 0.00434715
-35.4773 40.3255 1.58813 0.0916652 -0.995782 0.0039694
-35.4542 40.3238 0.526709 0.0911896 -0.995828 0.00339033
-35.4524 40.3208 -0.491526 0.0918193 -0.995771 0.00297253
-35.4512 40.3174 -1.59823 0.0942448 -0.995546 0.00225397
-35.4501 40.3175 -2.62476 0.0893699 -0.995997 -0.00153275
-35.4676 40.3198 -3.76411 0.090658 -0.995874 -0.00407692
-35.4826 40.3219 -4.82112 0.0914375 -0.995804 -0.00359472
-35.4885 40.325 -5.82445 0.0894855 -0.995983 -0.00323239
-35.518 40.3239 -6.86584 0.0929754 -0.995664 -0.00183736
-36.4424 40.2398 -7.05584 0.0856061 -0.996329 -0.000450183
-37.5405 40.1466 -7.07204 0.0816667 -0.996651 -0.00417031
-38.5815 40.0648 -7.07147 0.07365 -0.997283 -0.00179078
-39.5912 39.9942 -7.05674 0.0668745 -0.997757 -0.00267849
-40.7441 39.9198 -7.07422 0.0629707 -0.998014 -0.00134567
-41.77 39.8602 -7.07953 0.0557178 -0.998442 -0.00301821
-42.8263 39.8097 -7.08662 0.0447119 -0.998999 -0.000794813
-43.8701 39.7647 -7.06968 0.0384886 -0.999258 0.00171857
-44.8796 39.7303 -7.07405 0.032707 -0.999464 0.0012484
-45.9246 39.6987 -7.07017 0.0274856 -0.999621 0.00130163
-46.4208 39.6854 -6.3765 0.0277903 -0.999614 -0.000123208
-46.4038 39.686 -5.31626 0.0274721 -0.999622 0.000707721
-46.393 39.6881 -4.12405 0.0292845 -0.999569 0.00182857
-46.4035 39.6891 -3.08428 0.0289415 -0.999581 0.000915384
-46.4071 39.6905 -1.9818 0.0286733 -0.999587 0.00213066
-46.4045 39.6929 -0.9768 0.0296922 -0.999557 0.00226886
-46.4294 39.6936 0.0759023 0.0305946 -0.999529 0.00204812
-46.4008 39.6959 1.15524 0.0294227 -0.999567 0.000627787
-46.418 39.6978 2.2004 0.028911 -0.999576 0.0034177
-46.448 39.7004 3.38917 0.028022 -0.999606 0.00146397
-46.45 39.7004 3.46246 0.0277006 -0.999616 0.000552559
-44.9272 39.7441 3.58895 0.0298276 -0.999555 0.000595779
-43.8035 39.7809 3.58932 0.0355572 -0.999365 0.00217112
-42.7287 39.8241 3.58976 0.0433293 -0.999057 0.0027444
-41.5449 39.8791 3.59031 0.0496643 -0.998766 0.00045366
-40.4197 39.942 3.59082 0.0625194 -0.998043 -0.000863072
-39.2096 40.0208 3.59146 0.067357 -0.997729 0.000406919
-38.0289 40.1056 3.59196 0.0789367 -0.99688 -0.000377463
-37.0426 40.1865 3.59232 0.0913087 -0.995823 0.000204016
-37.0379 40.1862 2.69406 0.093255 -0.995635 0.00373559
-38.1019 40.0996 2.69385 0.0754051 -0.997151 -0.00190528
-39.2681 40.0165 2.6935 0.067511 -0.997717 -0.00194674
-40.3597 39.9479 2.69314 0.060539 -0.998163 -0.00240424
-41.5341 39.8792 2.69272 0.0556832 -0.998444 -0.00300161
-42.6728 39.8245 2.69238 0.0440628 -0.999029 0.000666067
-43.6757 39.7843 2.69215 0.0374184 -0.999299 0.000802978
-44.7619 39.7478 2.69192 0.0312115 -0.999512 0.00113397
-44.8536 39.745 2.6919 0.0312115 -0.999512 0.00113397
-44.8073 39.7453 1.79469 0.0320051 -0.999486 0.00162187
-43.7894 39.7795 1.79474 0.0345844 -0.999401 0.000959485
-42.6083 39.8266 1.79492 0.0433951 -0.999057 0.00135019
-41.5526 39.8795 1.79515 0.0555033 -0.998458 -0.00117337
-40.5125 39.9396 1.79538 0.0607406 -0.998153 0.00123855
-39.4878 40.0034 1.79556 0.0635907 -0.997975 -0.00175792
-38.3942 40.0785 1.79574 0.0717783 -0.997421 0.000169962
-37.3104 40.16 1.79584 0.0772553 -0.997011 0.000103787
-37.0149 40.1858 1.79583 0.0882127 -0.996095 0.0036892
-36.9899 40.1846 0.897771 0.0850794 -0.996362 0.00502526
-37.9953 40.1045 0.897782 0.0721821 -0.997377 0.00536418
-39.0575 40.0305 0.897738 0.0662714 -0.99779 0.00487598
-40.1601 39.9598 0.897705 0.0622193 -0.998055 0.00378966
-41.1866 39.8988 0.897611 0.0570715 -0.998367 0.00255995
-42.2211 39.845 0.897533 0.04838 -0.998829 -0.000467512
-43.2388 39.8005 0.897449 0.040405 -0.999183 0.000793946
-44.3687 39.7586 0.897413 0.0334692 -0.99944 -0.000245982
-44.7786 39.7451 0.897403 0.0317618 -0.999495 0.00107526
-44.8301 39.7426 6.26764e-05 0.0311366 -0.999515 0.00093798
-43.7973 39.7781 7.60112e-05 0.0375761 -0.999291 0.00244112
-42.7576 39.8201 2.71366e-05 0.0438076 -0.999039 0.00103343
-41.748 39.8674 -1.53592e-05 0.049316 -0.99878 0.00245748
-40.7377 39.9222 -3.38136e-05 0.0584132 -0.998281 0.00479943
-39.6957 39.9851 -9.16134e-05 0.0631333 -0.99799 0.00546988
-38.6148 40.0565 -0.000138766 0.0688035 -0.997626 0.00286721
-37.5806 40.1326 -0.000232446 0.0799848 -0.996775 0.00649307
-37.0723 40.175 -0.000325778 0.0866907 -0.996234 0.00138983
-36.9641 40.182 -0.89826 0.0864558 -0.996256 0.000377969
-38.0163 40.099 -0.898144 0.072143 -0.997393 -0.00174914
-39.0491 40.0268 -0.897992 0.0681001 -0.997676 -0.00237059
-40.092 39.9588 -0.897833 0.0637226 -0.997968 -0.000130219
-41.2176 39.893 -0.897656 0.0515942 -0.998668 0.00107886
-42.2261 39.843 -0.897487 0.0464097 -0.998922 0.00042272
-43.3567 39.7936 -0.89739 0.0423449 -0.999101 0.00192819
-44.4235 39.7529 -0.897333 0.0345993 -0.999401 0.000738088
-44.8272 39.7402 -0.897336 0.0300799 -0.999544 0.00281215
-44.7884 39.7393 -1.79449 0.0322553 -0.999477 0.00223458
-43.7464 39.7766 -1.79467 0.0398283 -0.999203 0.00251641
-42.6362 39.8234 -1.79492 0.0439582 -0.99903 0.0024212
-41.5905 39.8718 -1.79522 0.0491994 -0.998785 0.00291649
-40.5162 39.9318 -1.79548 0.0629052 -0.998013 0.00349842
-39.4618 40.0008 -1.79577 0.0662447 -0.997802 -0.00135788
-38.3971 40.0724 -1.79608 0.0696021 -0.997574 -0.00159317
-37.3944 40.1478 -1.79625 0.0794467 -0.996837 -0.00212729
-37.0318 40.1771 -1.79632 0.0818824 -0.996638 -0.00292976
-37.0113 40.1821 -2.69437 0.0820965 -0.996623 -0.00187105
-38.1745 40.091 -2.6941 0.0742881 -0.997236 -0.00157335
-39.2779 40.0129 -2.69368 0.0663134 -0.997798 -0.00124336
-40.3741 39.9411 -2.69325 0.0640958 -0.997944 0.000320998
-41.5317 39.8748 -2.6928 0.0515087 -0.998672 -0.00112942
-42.5462 39.8257 -2.69247 0.0452947 -0.998974 0.00041149
-43.7236 39.7765 -2.69213 0.039763 -0.999207 0.00200961
-44.8072 39.7372 -2.69186 0.0323359 -0.999477 0.00100946
-44.8043 39.7358 -3.58904 0.0340313 -0.999418 0.00212983
-43.6442 39.7782 -3.58942 0.0404559 -0.99918 0.00188366
-42.5178 39.8263 -3.58987 0.0455516 -0.998959 0.00263369
-41.3904 39.8826 -3.59043 0.051405 -0.998678 0.000342681
-40.3596 39.9426 -3.591 0.0645097 -0.997917 -0.0001052
-39.3173 40.0109 -3.59154 0.0650547 -0.997881 0.000897245
-38.2893 40.0825 -3.59206 0.0722891 -0.997383 0.000701636
-37.2398 40.1645 -3.59248 0.083009 -0.996547 0.00202834
-37.0287 40.1824 -3.59254 0.0857587 -0.996316 -0.000820492
-37.0923 40.1778 -4.49077 0.0834332 -0.996509 -0.00303349
-38.1284 40.0953 -4.49018 0.0751907 -0.997168 -0.00129506
-39.307 40.0103 -4.4895 0.0672299 -0.997737 -0.000845339
-40.4632 39.9359 -4.48875 0.0623153 -0.998056 0.000451551
-41.6365 39.8691 -4.48784 0.0526437 -0.998611 0.00231758
-42.7268 39.8157 -4.48711 0.0454086 -0.998967 0.00181703
-43.835 39.7702 -4.48656 0.0370903 -0.999312 -0.000145748
-44.8916 39.7323 -4.48611 0.0328011 -0.99946 0.00209579
-44.7817 39.7351 -5.38317 0.0340125 -0.999419 0.00214895
-43.7823 39.7707 -5.38371 0.0384408 -0.99926 0.00130445
-42.6332 39.8187 -5.3845 0.0457529 -0.998952 0.000916912
-41.5982 39.8692 -5.38537 0.0508644 -0.998704 0.00152991
-40.5125 39.932 -5.38645 0.0637417 -0.997966 0.00076105
-39.4935 39.9975 -5.38728 0.065452 -0.997855 -0.00074369
-38.4546 40.0712 -5.38817 0.0753058 -0.99716 -0.000379375
-37.3185 40.1607 -5.38899 0.083383 -0.996517 -0.000647691
-37.1395 40.1756 -5.38909 0.0845684 -0.996416 -0.001812
-37.0298 40.1887 4.49063 0.0820458 -0.996628 0.00131161
-38.1405 40.0993 4.4901 0.0786158 -0.996905 0.000451334
-39.2609 40.0174 4.48935 0.0691066 -0.997608 -0.00166256
-40.2603 39.951 4.48865 0.0624971 -0.998045 0.000735114
-41.3533 39.8891 4.48795 0.0488457 -0.9988 0.00343648
-42.5445 39.8335 4.4872 0.0447609 -0.998998 0.000607379
-43.6088 39.7887 4.48666 0.0382146 -0.999269 0.00114091
-44.7175 39.7503 4.48616 0.0332467 -0.999447 8.28105e-05
-44.7954 39.7478 4.48613 0.031751 -0.999496 -0.000500966
-44.6511 39.7515 5.3832 0.0338094 -0.999427 -0.00189257
-43.5539 39.7911 5.38381 0.0387045 -0.999251 0.000304843
-42.5491 39.8338 5.38446 0.0462888 -0.998927 0.00128302
-41.4711 39.8847 5.38541 0.0485993 -0.998815 0.00241432
-40.3255 39.9485 5.38633 0.0610076 -0.998136 0.00175445
-39.2135 40.0188 5.38733 0.0652419 -0.997869 0.000740394
-38.0744 40.1057 5.38842 0.080381 -0.996764 -0.000654823
-37.2383 40.1738 5.38899 0.0794924 -0.996835 -0.000108705
-37.0792 40.1863 5.38909 0.0783133 -0.996929 9.54978e-05
