23.2039 44.0309 0.472752 -0.0530256 -0.99859 0.00267247
23.2579 44.0237 -0.623993 -0.0529743 -0.998589 0.00381539
23.2314 44.0206 -1.73955 -0.0534365 -0.998565 0.00354237
23.263 44.016 -2.75941 -0.0538339 -0.998548 0.00202954
23.2222 44.0163 -3.86024 -0.0533482 -0.998576 0.000134477
23.227 44.0158 -5.07348 -0.0533157 -0.998577 0.000954672
23.4454 44.0024 -5.99153 -0.0536449 -0.998558 0.0018811
24.6214 43.938 -6.07241 -0.0557708 -0.998443 0.0013011
25.6382 43.8816 -6.04117 -0.0554122 -0.998463 0.00127723
26.725 43.8225 -6.06966 -0.0536205 -0.998561 0.00124617
27.8113 43.7652 -6.07172 -0.051677 -0.998663 0.00112643
28.9654 43.7066 -6.08855 -0.0502231 -0.998738 0.000899371
30.0162 43.6538 -6.04613 -0.0501336 -0.998742 0.00118032
31.0405 43.6021 -6.06746 -0.049853 -0.998755 0.00157077
31.8227 43.5651 -5.56362 -0.0476473 -0.998863 0.00164947
31.8167 43.568 -4.41499 -0.0480759 -0.998842 0.00160164
31.8558 43.5679 -3.37363 -0.0466062 -0.998912 0.00170582
31.8445 43.5714 -2.30609 -0.0470683 -0.998888 0.00287974
31.8384 43.5743 -1.22933 -0.0472324 -0.998883 0.00151792
31.8543 43.5742 -0.17828 -0.0470981 -0.99889 2.90751e-05
31.869 43.5735 0.903123 -0.0472119 -0.998885 0.000183429
31.845 43.5759 2.03436 -0.0461304 -0.998934 0.00166306
31.8402 43.5769 3.08495 -0.0454276 -0.998968 -0.000233299
31.8018 43.5788 4.28809 -0.0457943 -0.998951 -0.000216262
31.8346 43.5766 5.32084 -0.0464719 -0.99892 -8.9644e-05
31.2357 43.6049 6.07743 -0.0475863 -0.998866 0.00121596
30.0528 43.6623 6.06755 -0.0497702 -0.998761 0.000212197
29.0502 43.715 6.05641 -0.0550809 -0.998481 0.00116728
27.9373 43.7771 6.04744 -0.0569587 -0.998376 0.000489584
26.9144 43.8368 6.06733 -0.0592898 -0.99824 0.000801005
25.8792 43.8982 6.0733 -0.0588794 -0.998264 0.00123396
24.7474 43.9648 6.0659 -0.0589154 -0.998262 0.00167535
23.6895 44.0239 6.07241 -0.0547719 -0.998493 0.00355792
23.2551 44.0456 5.3282 -0.0555482 -0.998451 0.00314711
23.2615 44.0413 4.29465 -0.056969 -0.998366 0.00450862
23.2272 44.0371 3.14181 -0.0542808 -0.998511 0.00545288
23.2253 44.0326 1.91067 -0.0515798 -0.998666 0.00228338
23.2179 44.0311 0.900011 -0.0519578 -0.998648 0.00168246
23.2051 44.0314 0.69064 -0.0530197 -0.99859 0.00266512
22.2414 44.081 0.655112 -0.0518799 -0.99865 0.00254395
22.263 44.0828 1.65581 -0.0541261 -0.99853 0.00299387
22.251 44.0879 2.70771 -0.0547675 -0.99849 0.00429364
22.2783 44.0935 3.78319 -0.0549637 -0.998461 0.00745038
22.2645 44.0996 4.80722 -0.0554075 -0.998453 0.00461497
22.2515 44.1028 5.85378 -0.0560714 -0.998426 0.00156696
22.302 44.1016 6.86893 -0.0539376 -0.998543 0.00160416
23.2965 44.0495 7.05188 -0.0527524 -0.998594 0.00508134
24.4231 43.986 7.03514 -0.0590809 -0.99825 0.00253817
25.4495 43.9247 7.03652 -0.0594088 -0.998233 0.00113545
26.5386 43.86 7.0398 -0.0595484 -0.998225 0.000943041
27.6567 43.7936 7.0217 -0.0586004 -0.998281 0.000248729
28.7255 43.7337 7.02474 -0.0545766 -0.998509 0.000556103
29.8818 43.672 7.03279 -0.051299 -0.998683 0.000738239
30.9151 43.6219 7.05507 -0.0474859 -0.998868 0.00270406
31.9998 43.5699 7.039 -0.0476213 -0.998865 0.000526148
32.8132 43.5318 6.58842 -0.0450869 -0.99898 0.0022656
32.8217 43.53 5.5383 -0.0464736 -0.998919 9.62193e-05
32.7768 43.5333 4.53649 -0.0472148 -0.998883 -0.00187041
32.8072 43.5329 3.47398 -0.0455965 -0.99896 0.000125844
32.8086 43.5321 2.4562 -0.0465349 -0.998915 0.00190145
32.8238 43.5294 1.34387 -0.0463827 -0.998922 0.00168299
32.8055 43.5296 0.2391 -0.0466443 -0.998912 0.000170495
32.8011 43.5294 -0.81257 -0.0466785 -0.99891 0.000662767
32.8101 43.5272 -1.89138 -0.046478 -0.998916 0.00245869
32.8082 43.5242 -3.07599 -0.046033 -0.998937 0.00229683
32.8001 43.5223 -4.10658 -0.0456352 -0.998954 0.00276354
32.8016 43.519 -5.24681 -0.0470609 -0.998888 0.00283838
32.7646 43.5193 -6.33736 -0.0474715 -0.998873 0.000289984
32.2665 43.5423 -7.05097 -0.045606 -0.998958 0.00186264
31.1466 43.5948 -7.03257 -0.0497675 -0.998758 0.0024677
30.0912 43.6486 -7.0356 -0.0509958 -0.998697 0.00166335
28.9648 43.7054 -7.06726 -0.0503072 -0.998733 0.00113856
27.8992 43.7596 -7.03187 -0.0512233 -0.998687 0.000770391
26.8393 43.8155 -7.04384 -0.053599 -0.998562 0.000638725
25.7582 43.8742 -7.03324 -0.0546249 -0.998507 0.000790306
24.703 43.9325 -7.03801 -0.0555927 -0.998453 0.000733098
23.6865 43.9886 -7.00971 -0.0543638 -0.998521 0.000887836
22.658 44.0455 -7.024 -0.0558539 -0.998439 0.000146457
22.2379 44.0708 -6.23049 -0.0603784 -0.998173 0.00240245
22.2531 44.0703 -5.20666 -0.0586944 -0.998273 -0.00205587
22.2563 44.0686 -4.19684 -0.0543798 -0.998519 0.00143392
22.2761 44.0691 -3.16425 -0.0554577 -0.99846 0.00137449
22.2621 44.0714 -2.16431 -0.0545316 -0.99851 0.0020885
22.2594 44.0746 -1.10853 -0.0520683 -0.998638 0.00344775
22.2532 44.0789 0.127422 -0.0512576 -0.998681 0.00297063
22.2415 44.0809 0.623111 -0.0516355 -0.998662 0.00294753
23.7756 44.0016 0.896233 -0.0532659 -0.998573 0.00378749
24.9361 43.9363 0.896409 -0.0574991 -0.998339 0.00356892
26.0359 43.8736 0.896554 -0.0563391 -0.998407 0.00311074
27.0532 43.8168 0.896659 -0.0553049 -0.998468 0.00166698
28.1362 43.7578 0.896755 -0.0534804 -0.998567 0.00199202
29.3371 43.6962 0.896832 -0.0490791 -0.998794 0.00149528
30.3428 43.6468 0.896891 -0.0499021 -0.998753 0.00154243
31.3522 43.598 0.896947 -0.0472936 -0.998881 0.000336614
31.2873 43.6009 -8.15969e-05 -0.0468809 -0.9989 -0.000211902
30.068 43.6593 -0.000148114 -0.0489808 -0.998799 0.000955835
28.9655 43.7138 -0.000231983 -0.0501055 -0.998744 0.000583554
27.8623 43.7712 -0.00032922 -0.0537476 -0.998554 0.00111691
26.7498 43.8314 -0.000448711 -0.0551043 -0.998478 0.002459
25.7389 43.8873 -0.000563401 -0.055845 -0.998434 0.00315654
24.7207 43.9453 -0.000698143 -0.0568111 -0.998377 0.00392318
23.7788 43.9982 -0.00082961 -0.0558062 -0.998435 0.00372492
23.7885 43.994 -0.897861 -0.0546033 -0.998499 0.00431388
24.828 43.936 -0.89773 -0.0561547 -0.998417 0.00313166
25.8386 43.8796 -0.897608 -0.0548838 -0.998492 0.00145231
26.8971 43.8221 -0.897484 -0.0541419 -0.998532 0.00151557
27.9164 43.7672 -0.897366 -0.0529219 -0.998597 0.00152463
28.9891 43.7122 -0.897265 -0.0503121 -0.998733 0.000805213
30.1214 43.6559 -0.897165 -0.0486384 -0.998815 0.00151886
31.138 43.6077 -0.897082 -0.0470675 -0.998892 0.000296485
31.1842 43.6056 -0.897078 -0.0471804 -0.998886 0.000354521
31.3664 43.5955 -1.79405 -0.0477669 -0.998856 0.00220761
30.2758 43.6473 -1.79415 -0.0478598 -0.998852 0.00178817
29.2449 43.6981 -1.79426 -0.0498187 -0.998757 0.00164269
28.1528 43.7538 -1.79438 -0.051914 -0.99865 0.00199866
26.9882 43.8159 -1.79453 -0.0543471 -0.998521 0.00143786
25.9424 43.8728 -1.79466 -0.0545668 -0.998509 0.00131609
24.9358 43.9282 -1.79478 -0.0550968 -0.99848 0.00159769
23.8093 43.9896 -1.7949 -0.0535472 -0.99856 0.00320025
23.7616 43.9896 -2.69197 -0.0532565 -0.998577 0.0026287
24.8437 43.9316 -2.69185 -0.0544403 -0.998514 0.00236806
25.8542 43.8762 -2.69173 -0.054599 -0.998506 0.00217188
27.0305 43.8117 -2.69157 -0.0545775 -0.998507 0.00209719
28.1104 43.754 -2.69143 -0.0518302 -0.998654 0.00174517
29.1949 43.6991 -2.69128 -0.0496461 -0.998765 0.00187206
30.2718 43.6456 -2.69115 -0.0486194 -0.998815 0.00233513
31.2644 43.5975 -2.69103 -0.0476099 -0.998862 0.00270028
31.3441 43.5919 -3.588 -0.0485258 -0.998821 0.00158181
30.3336 43.6413 -3.58814 -0.0493442 -0.998781 0.000913859
29.258 43.6946 -3.5883 -0.0497326 -0.998761 0.00151287
28.1748 43.7486 -3.58845 -0.0513998 -0.998677 0.00121692
27.1223 43.8048 -3.58861 -0.0547126 -0.9985 0.00196511
26.1149 43.8598 -3.58876 -0.0544596 -0.998513 0.00245493
25.0565 43.9175 -3.5889 -0.0542352 -0.998524 0.00272734
23.9352 43.9782 -3.58902 -0.0537503 -0.998553 0.00150288
23.9309 43.9785 -3.58902 -0.0537197 -0.998555 0.00148702
23.9043 43.9794 -4.48612 -0.0547256 -0.998501 0.000527689
24.9235 43.923 -4.48601 -0.0552804 -0.99847 0.000875418
26.07 43.8604 -4.48584 -0.0544979 -0.998512 0.00185382
27.1443 43.8021 -4.48567 -0.053764 -0.998553 0.00141097
28.2191 43.7455 -4.48549 -0.0514367 -0.998676 0.00100049
29.4087 43.6857 -4.48529 -0.0494672 -0.998775 0.000918487
30.5321 43.6304 -4.4851 -0.0488598 -0.998804 0.00179554
31.2668 43.5945 -4.48499 -0.0489129 -0.998802 0.00165208
31.2013 43.5957 -5.38198 -0.0491696 -0.998788 0.00237873
30.1667 43.6471 -5.38216 -0.0500009 -0.998748 0.00145756
29.1459 43.698 -5.38235 -0.0497384 -0.998762 0.000410734
28.0632 43.7529 -5.38256 -0.0512655 -0.998684 0.00109684
27.0304 43.8071 -5.38275 -0.0530476 -0.998591 0.0014034
26.0293 43.861 -5.38294 -0.054446 -0.998515 0.00163117
24.9523 43.9204 -5.38313 -0.0557802 -0.998442 0.00119254
23.9034 43.9787 -5.38326 -0.0548268 -0.998494 0.00185161
23.8657 43.9808 -5.38326 -0.0547657 -0.998498 0.00180786
23.7164 44.0065 1.79332 -0.0527724 -0.998604 0.00224957
24.7817 43.9481 1.79349 -0.0571723 -0.998359 0.00333316
25.7928 43.8903 1.79363 -0.0568298 -0.998378 0.00336838
26.9748 43.8232 1.79374 -0.0563701 -0.998407 0.00234287
28.1678 43.7576 1.79382 -0.0539109 -0.998545 0.00129349
29.2552 43.7006 1.79387 -0.0503291 -0.998732 0.00111084
30.3099 43.6491 1.79392 -0.0488897 -0.998803 -0.00124014
31.2142 43.605 1.79396 -0.0470442 -0.998893 0.000298107
31.3066 43.6011 2.69096 -0.0459529 -0.998943 0.000552968
30.2238 43.6523 2.69094 -0.0493401 -0.998782 0.000151822
29.2101 43.7035 2.69093 -0.0516907 -0.998663 0.000482636
28.1705 43.7591 2.6909 -0.0545834 -0.998507 0.00219622
27.1611 43.815 2.69084 -0.0562535 -0.998413 0.00269643
26.1282 43.874 2.69075 -0.0572062 -0.998357 0.00327216
25.0377 43.9367 2.69063 -0.0573254 -0.998348 0.00378397
23.8003 44.0049 2.69045 -0.0526377 -0.998606 0.00392038
23.7617 44.0069 2.69045 -0.0520323 -0.998639 0.00358567
23.7738 44.0098 3.58759 -0.0537997 -0.998541 0.00463362
24.7895 43.9543 3.58775 -0.0571742 -0.998356 0.00416241
25.8344 43.8939 3.58787 -0.057952 -0.998314 0.00331893
26.9238 43.8308 3.58796 -0.0576766 -0.998331 0.00286828
27.9636 43.7722 3.588 -0.0553542 -0.998465 0.00200478
29.1094 43.7096 3.58799 -0.0537332 -0.998555 0.0011401
30.1549 43.6555 3.58798 -0.0492239 -0.998787 0.00129097
31.2524 43.6037 3.58796 -0.0458597 -0.998948 0.000366285
31.3261 43.6003 3.58795 -0.0458257 -0.998949 0.000426129
31.2 43.6061 4.48495 -0.0452819 -0.998974 0.000194284
30.1265 43.6576 4.485 -0.0500755 -0.998745 0.0010896
29.0629 43.7128 4.48506 -0.0528409 -0.998603 0.000320259
28.0466 43.7692 4.48509 -0.0560887 -0.998424 0.00167428
27.037 43.8269 4.48509 -0.057588 -0.998337 0.00251545
25.8472 43.8962 4.48505 -0.0582687 -0.998295 0.00351372
24.8173 43.9556 4.48493 -0.0566984 -0.998386 0.00334172
23.9102 44.0061 4.4848 -0.0547772 -0.998491 0.00386463
23.9389 44.0078 5.38202 -0.0551644 -0.998471 0.00356977
25.0817 43.9436 5.38218 -0.0583769 -0.99829 0.0028859
26.0972 43.8843 5.38227 -0.0588642 -0.998264 0.00174209
27.1188 43.8238 5.38227 -0.0581378 -0.998308 0.00135876
28.2159 43.7606 5.38222 -0.0563217 -0.998412 0.000904029
29.3017 43.7005 5.38213 -0.053699 -0.998557 0.00113181
30.3749 43.6458 5.38201 -0.0494174 -0.998778 0.000538583
31.0542 43.6129 5.38196 -0.0464776 -0.998919 0.000518746
31.1642 43.6078 5.38196 -0.0465595 -0.998915 0.000507537
