23.5387 45.1905 -3.30721 -0.0520259 -0.998642 0.00259144
23.563 45.1881 -4.4724 -0.052282 -0.998632 0.000415743
23.5959 45.1858 -5.49233 -0.0522787 -0.998632 0.000811753
24.1419 45.1565 -6.06353 -0.0528 -0.998604 0.00147605
25.1875 45.0999 -6.07359 -0.0546432 -0.998505 0.00128902
26.3288 45.0374 -6.06311 -0.0548011 -0.998497 0.00101655
27.4502 44.9762 -6.09548 -0.0545308 -0.998511 0.00115624
28.611 44.9138 -6.05913 -0.0522635 -0.998633 0.00103723
29.8058 44.8504 -6.07256 -0.0538382 -0.998546 0.00272275
30.8516 44.7931 -6.04374 -0.0530985 -0.998585 0.00285861
31.8507 44.7412 -6.03678 -0.0503521 -0.998729 0.0020909
32.0988 44.7324 -4.97585 -0.0496977 -0.998756 0.00410225
32.1316 44.7346 -3.97449 -0.0513799 -0.998673 0.00347135
32.1078 44.7377 -2.86622 -0.0511093 -0.998692 0.0014915
32.0896 44.7403 -1.83617 -0.0505654 -0.99872 0.000903071
32.1144 44.7388 -0.82857 -0.0504247 -0.998727 -0.000878046
32.1217 44.7389 0.191594 -0.0507036 -0.998713 0.00141431
32.1129 44.7403 1.38156 -0.0518936 -0.998652 -0.000541429
32.0865 44.7401 2.48737 -0.0513854 -0.998678 -0.00145208
32.0832 44.7406 3.55478 -0.0512424 -0.998685 0.00140522
32.0923 44.7414 4.654 -0.0494829 -0.998775 0.000562324
32.0943 44.7415 5.70843 -0.0489732 -0.9988 0.00061612
31.287 44.7824 6.07443 -0.0521123 -0.99864 0.00158002
30.2709 44.8373 6.08297 -0.0538458 -0.998548 0.00159908
29.2523 44.8945 6.06727 -0.0582489 -0.998301 0.00160624
28.1895 44.957 6.09117 -0.0587436 -0.998272 0.00152562
27.11 45.0205 6.08933 -0.0589738 -0.998258 0.00152848
26.0959 45.0805 6.06374 -0.059103 -0.998249 0.00230237
24.987 45.145 6.05284 -0.0578037 -0.998326 0.00181818
23.9402 45.2035 6.05724 -0.0533233 -0.998573 0.0028451
23.5846 45.2185 5.10004 -0.0521409 -0.998628 0.00489715
23.5764 45.2136 4.08117 -0.0527096 -0.998598 0.0047873
23.5718 45.2098 3.05493 -0.0517519 -0.998655 0.00319966
23.5673 45.2067 2.00194 -0.0515383 -0.998666 0.00316695
23.5581 45.2037 0.976028 -0.0519133 -0.998644 0.00384892
23.5457 45.2004 -0.0346284 -0.0512654 -0.998677 0.00396887
23.5499 45.1966 -1.07641 -0.0509718 -0.998695 0.00320695
23.551 45.1936 -2.10039 -0.0512018 -0.998683 0.00338517
23.539 45.1908 -3.21347 -0.0520257 -0.998642 0.00259167
22.5848 45.2408 -3.21072 -0.0525566 -0.998615 0.00245007
22.598 45.2386 -4.34903 -0.0522761 -0.998632 0.0007576
22.6429 45.2355 -5.46106 -0.0520331 -0.998644 0.00155597
22.6004 45.2352 -6.61071 -0.0511091 -0.998691 0.00205784
23.477 45.1897 -7.03891 -0.050786 -0.998709 0.000854682
24.56 45.1329 -7.05007 -0.0545752 -0.998509 0.00111849
25.7103 45.0699 -7.03567 -0.0548473 -0.998493 0.00172795
26.8603 45.0072 -7.05255 -0.0542171 -0.998528 0.00122032
27.8747 44.9523 -7.04455 -0.0536813 -0.998558 0.000949855
28.8738 44.8989 -7.03778 -0.0544695 -0.998514 0.00149446
29.9198 44.8412 -7.04504 -0.0551037 -0.998478 0.00245085
31.0209 44.7824 -7.02688 -0.0518858 -0.998653 0.00101358
32.1275 44.725 -7.0387 -0.0513556 -0.998678 0.00204517
33.0623 44.6788 -6.66765 -0.0499699 -0.998749 0.00196396
33.0779 44.6804 -5.58029 -0.0517146 -0.998657 0.00311433
33.0554 44.685 -4.56904 -0.0521794 -0.998634 0.00275398
33.0714 44.6866 -3.54165 -0.0528097 -0.998602 0.00237291
33.0574 44.6893 -2.44077 -0.0520686 -0.998642 0.00164516
33.0512 44.6911 -1.41485 -0.0513983 -0.998678 0.0011296
33.0654 44.6906 -0.35558 -0.0508219 -0.998708 0.000283319
33.0751 44.6905 0.741187 -0.051876 -0.998654 6.67925e-05
33.0638 44.6906 1.76075 -0.0521484 -0.998638 -0.0012169
33.0627 44.6913 2.81149 -0.0490648 -0.998795 0.00143148
33.0711 44.6922 3.96691 -0.0484092 -0.998826 0.00130527
33.0717 44.693 5.03087 -0.0496365 -0.998767 0.000649154
33.0927 44.693 6.11474 -0.0488799 -0.998805 0.000495847
32.8483 44.7051 7.03618 -0.0488609 -0.998805 -0.000487785
31.8007 44.7568 7.03474 -0.0497265 -0.998763 0.000692806
30.7996 44.8088 7.04293 -0.053387 -0.998574 -0.000549453
29.7373 44.8673 7.03118 -0.0571264 -0.998366 0.000847878
28.7081 44.9276 7.04037 -0.0588107 -0.998268 0.00127149
27.7004 44.9866 7.05036 -0.0586413 -0.998278 0.0011393
26.676 45.0479 7.02883 -0.0603949 -0.998173 0.00169412
25.5909 45.1121 7.03395 -0.0580904 -0.998308 0.00251034
24.5895 45.1698 7.0425 -0.0568326 -0.998381 0.00233938
23.4643 45.2318 7.0312 -0.053048 -0.998587 0.00324289
22.6224 45.275 6.71711 -0.0527208 -0.998602 0.00380574
22.6082 45.2714 5.52039 -0.0527041 -0.998602 0.00397625
22.6164 45.2661 4.46289 -0.0531106 -0.998578 0.00457697
22.5971 45.2624 3.39192 -0.0528609 -0.998593 0.00408974
22.6049 45.2577 2.36211 -0.052392 -0.99862 0.00356903
22.611 45.2542 1.34208 -0.0513621 -0.998676 0.00291956
22.5939 45.2507 0.231549 -0.051647 -0.998656 0.00432608
22.5763 45.2475 -0.816996 -0.0519097 -0.998645 0.00363756
22.602 45.2433 -1.82883 -0.0520342 -0.998643 0.00225941
22.585 45.2414 -2.94616 -0.0524582 -0.998621 0.00220389
22.5847 45.2411 -3.07348 -0.0525595 -0.998615 0.00245784
24.0706 45.1645 -2.69168 -0.0522353 -0.99863 0.00299484
25.1261 45.1087 -2.69157 -0.0537643 -0.998551 0.00222095
26.2635 45.0469 -2.69144 -0.0547047 -0.9985 0.00224217
27.2633 44.9919 -2.69133 -0.0550976 -0.998479 0.00205912
28.4296 44.9279 -2.69121 -0.0536698 -0.998555 0.00282725
29.5434 44.8693 -2.69109 -0.0519214 -0.99865 0.00124688
30.575 44.8159 -2.69099 -0.051444 -0.998675 0.00115723
31.5594 44.766 -2.69089 -0.0504126 -0.998727 0.00173983
31.6022 44.7647 -1.79388 -0.0501119 -0.998744 0.000223405
30.5554 44.8178 -1.79398 -0.0513817 -0.998679 0.000976537
29.4915 44.8732 -1.79408 -0.0525369 -0.998618 0.00162139
28.4403 44.9292 -1.79418 -0.053985 -0.998541 0.0012178
27.3786 44.9873 -1.79429 -0.0548592 -0.998493 0.001568
26.2468 45.0497 -1.79441 -0.0550097 -0.998484 0.0020172
25.2051 45.107 -1.79454 -0.0546986 -0.9985 0.00244634
24.1213 45.1651 -1.79467 -0.0520926 -0.998638 0.00294179
24.0371 45.1695 -1.79468 -0.0517768 -0.998656 0.00232997
24.1989 45.1639 -0.897654 -0.0519538 -0.998646 0.00275237
25.2952 45.1045 -0.89751 -0.0551487 -0.998473 0.00332959
26.4387 45.0409 -0.897367 -0.055506 -0.998456 0.00214602
27.563 44.9785 -0.897243 -0.05539 -0.998463 0.00172609
28.6556 44.9184 -0.897131 -0.0542946 -0.998525 0.00069361
29.7378 44.8614 -0.897027 -0.0520462 -0.998644 0.00110277
30.7476 44.8087 -0.896948 -0.0521157 -0.998641 0.000479675
31.5273 44.7686 -0.896895 -0.0505776 -0.99872 4.86116e-05
31.6088 44.7647 0.00013025 -0.0505555 -0.998721 0.00118601
30.539 44.8197 5.2281e-05 -0.0529092 -0.998599 -0.00103077
29.3834 44.8805 -2.92101e-05 -0.0526642 -0.998612 2.00492e-05
28.285 44.9399 -0.000122162 -0.0550797 -0.998481 0.0013586
27.1173 45.0051 -0.000248269 -0.0560122 -0.998427 0.00240696
26.0982 45.0626 -0.00037307 -0.0562187 -0.998413 0.00322429
25.0695 45.1203 -0.000510616 -0.0559782 -0.998425 0.00370786
24.121 45.171 -0.000646207 -0.0511343 -0.998685 0.00367714
24.0553 45.1776 0.896373 -0.0518301 -0.998651 0.00326679
25.1728 45.1177 0.896539 -0.0552656 -0.998466 0.00340774
26.2471 45.057 0.8967 -0.0564846 -0.998398 0.00328903
27.3768 44.9925 0.896831 -0.056988 -0.998372 0.00240231
28.3976 44.9352 0.896934 -0.0555388 -0.998455 0.00195467
29.5315 44.873 0.897025 -0.0538655 -0.998548 0.00108678
30.6525 44.8139 0.897096 -0.0513523 -0.998681 0.000399038
31.6183 44.7656 0.897156 -0.0508784 -0.998704 0.00135569
31.4714 44.7727 1.79419 -0.0512429 -0.998685 -0.00151586
30.332 44.8308 1.79412 -0.0516698 -0.998663 0.00130578
29.1628 44.8947 1.79405 -0.0556354 -0.998448 0.0024077
28.0503 44.9564 1.79395 -0.0562791 -0.998412 0.00253678
27.0454 45.014 1.79382 -0.0576648 -0.998331 0.00301567
25.9876 45.0747 1.7937 -0.056716 -0.998385 0.00339645
24.8235 45.14 1.79354 -0.0550615 -0.998478 0.00308192
24.1322 45.1767 1.79343 -0.0519833 -0.998642 0.00350467
24.1194 45.1804 2.69048 -0.0525147 -0.998618 0.0022205
25.1233 45.1262 2.69065 -0.0545785 -0.998506 0.00280629
26.1878 45.0661 2.69081 -0.0573303 -0.99835 0.00328134
27.2944 45.0023 2.69095 -0.0575793 -0.998337 0.00278137
28.3404 44.9426 2.69105 -0.0557421 -0.998443 0.00217987
29.3466 44.8857 2.69112 -0.05638 -0.998409 0.000964058
30.4226 44.8268 2.69118 -0.0525994 -0.998615 0.00110177
31.5014 44.7703 2.69123 -0.0523386 -0.998629 -0.000233971
31.4556 44.773 3.58827 -0.0518022 -0.998657 0.000386424
30.2911 44.8344 3.58824 -0.0534553 -0.99857 0.000652866
29.101 44.9002 3.58818 -0.0569685 -0.998376 0.000498973
28.0547 44.9599 3.58811 -0.0571802 -0.998363 0.00109113
26.9811 45.0226 3.58802 -0.0583335 -0.998295 0.00202578
25.8507 45.0882 3.58785 -0.0570899 -0.998364 0.00314968
24.7477 45.1493 3.58767 -0.0545407 -0.998507 0.00291146
24.0599 45.1861 3.58755 -0.0525814 -0.998611 0.00349724
24.2641 45.1793 4.48468 -0.0531635 -0.998571 0.00544426
25.4501 45.1139 4.48491 -0.0572369 -0.998355 0.0032351
26.5601 45.0494 4.48508 -0.0584072 -0.998289 0.00268605
27.6284 44.9857 4.48521 -0.0585281 -0.998282 0.00279213
28.8134 44.9175 4.48527 -0.0566611 -0.998392 0.00162559
29.9224 44.8547 4.48531 -0.0549728 -0.998488 0.000655366
31.1086 44.7911 4.48531 -0.0519181 -0.998651 -0.00103475
31.6036 44.7657 4.4853 -0.0500263 -0.998748 0.000346896
31.5442 44.7684 5.38234 -0.0499698 -0.99875 -0.00134906
30.4559 44.8261 5.38238 -0.0544574 -0.998514 0.00185779
29.3449 44.8886 5.38242 -0.0577893 -0.998326 0.00227071
28.3123 44.9485 5.3824 -0.0577225 -0.998329 0.00280474
27.2538 45.0105 5.38231 -0.0592941 -0.998236 0.00309725
26.2196 45.0716 5.38219 -0.0589703 -0.998257 0.00225632
25.1596 45.1337 5.382 -0.0570573 -0.998368 0.00230889
24.1929 45.1874 5.38178 -0.0531887 -0.998576 0.00419249
24.1343 45.1587 -3.58868 -0.052374 -0.998627 0.00142893
25.2521 45.0998 -3.58858 -0.0535012 -0.998565 0.00235955
26.3528 45.0401 -3.58846 -0.0546859 -0.998501 0.00210485
27.3601 44.9846 -3.58835 -0.0552969 -0.998468 0.00191888
28.4464 44.9247 -3.58823 -0.0532172 -0.998582 0.00145722
29.6035 44.8652 -3.58811 -0.051425 -0.998676 0.00100914
30.744 44.8061 -3.58798 -0.0520494 -0.998642 0.00209961
31.6331 44.7609 -3.58789 -0.0502261 -0.998735 0.00226709
31.4934 44.7651 -4.48489 -0.050327 -0.998722 0.00474716
30.4771 44.818 -4.48502 -0.0539501 -0.998542 0.00172617
29.3792 44.8759 -4.48515 -0.0509751 -0.998699 0.00168347
28.3359 44.9294 -4.48528 -0.0529546 -0.998596 0.00111184
27.2926 44.9868 -4.48539 -0.0553655 -0.998465 0.0016656
26.212 45.046 -4.48551 -0.0546209 -0.998506 0.00178037
25.1775 45.1023 -4.48561 -0.0539356 -0.998544 0.00130831
24.1087 45.1594 -4.4857 -0.0527004 -0.99861 0.000525438
24.0559 45.1622 -4.48571 -0.0524632 -0.998623 0.000582015
24.1949 45.1545 -5.38271 -0.0531502 -0.998586 0.000950002
25.2386 45.098 -5.38263 -0.0543868 -0.998519 0.00127361
26.3001 45.0398 -5.38253 -0.0547018 -0.998502 0.00127391
27.4959 44.9744 -5.38241 -0.0550996 -0.99848 0.00116236
28.5446 44.918 -5.3823 -0.0522682 -0.998633 0.000675758
29.5576 44.8655 -5.38216 -0.0526478 -0.998611 0.00225187
30.5746 44.81 -5.38201 -0.0547705 -0.998494 0.0030531
31.3087 44.7711 -5.38191 -0.0516602 -0.998661 0.00284211
31.3712 44.7679 -5.3819 -0.0516602 -0.998661 0.00284211
