-47.0324 45.6221 -2.6414 0.0274583 -0.99962 0.00224239
-46.9886 45.6253 -1.506 0.0277972 -0.999613 0.00129088
-46.9865 45.6263 -0.400728 0.0284795 -0.999594 0.000484076
-46.9932 45.6266 0.63968 0.028722 -0.999587 0.000612447
-46.9709 45.6284 1.81897 0.0282357 -0.999601 0.000784847
-46.9951 45.6283 2.91341 0.0277444 -0.999615 6.47299e-05
-47.007 45.6281 3.9257 0.0280646 -0.999606 -0.000165092
-47.0057 45.6278 4.94311 0.0276514 -0.999618 -0.000492513
-46.8571 45.6321 5.98496 0.0275942 -0.999619 0.000465698
-45.7623 45.6642 6.07745 0.0300146 -0.999549 0.00134148
-44.7548 45.6952 6.12807 0.0311321 -0.999515 0.00120321
-43.6483 45.7305 6.10705 0.032657 -0.999465 0.0015909
-42.4766 45.7703 6.07897 0.0348454 -0.999391 0.00161683
-41.4564 45.8066 6.08831 0.0358394 -0.999356 0.00160752
-40.3779 45.8452 6.10289 0.0358144 -0.999357 0.00164415
-39.2111 45.8879 6.06608 0.038292 -0.999265 0.00200472
-38.4315 45.9166 5.50615 0.0387812 -0.999246 0.00200752
-38.4234 45.9152 4.41577 0.0390117 -0.999238 0.00138858
-38.4509 45.9137 3.30472 0.0390042 -0.999237 0.00198547
-38.433 45.9129 2.19952 0.0372688 -0.999305 0.000683056
-38.4568 45.912 1.0781 0.0371136 -0.999311 -0.000256384
-38.4829 45.9112 0.0709995 0.0367289 -0.999325 0.000312574
-38.4387 45.9118 -1.07569 0.0366991 -0.999326 0.000950133
-38.4055 45.9124 -2.20102 0.0367532 -0.999324 -0.000116889
-38.4413 45.9103 -3.30451 0.0364536 -0.999334 0.00165107
-38.4758 45.9075 -4.3194 0.0363016 -0.999341 0.000524525
-38.4731 45.9077 -5.33209 0.0355563 -0.999367 -0.00111861
-39.0669 45.8871 -6.06343 0.0359013 -0.999355 -0.000851628
-40.0756 45.85 -6.07388 0.0377986 -0.999285 -0.000170887
-41.224 45.8071 -6.1127 0.0369221 -0.999318 -0.000137562
-42.2658 45.7686 -6.08788 0.0365451 -0.999332 0.000690942
-43.348 45.7295 -6.07441 0.0352763 -0.999377 0.00117882
-44.3979 45.6939 -6.11596 0.0324528 -0.999473 0.00101869
-45.4571 45.662 -6.06254 0.0296409 -0.99956 0.00131802
-46.5899 45.6296 -6.0173 0.02755 -0.999619 0.00139477
-46.9786 45.6202 -5.17902 0.0276183 -0.999618 0.00111253
-46.9735 45.6212 -4.08932 0.0284183 -0.999596 0.00109233
-47.0213 45.6215 -3.0424 0.027506 -0.999619 0.0021595
-47.0288 45.6219 -2.77825 0.0274585 -0.99962 0.0022422
-47.9819 45.5957 -2.7613 0.0275059 -0.999619 0.0022448
-47.9621 45.5979 -1.6908 0.0279933 -0.999608 0.00108119
-47.9498 45.5986 -0.623766 0.0287752 -0.999586 -5.40078e-05
-47.9665 45.5986 0.490107 0.0283669 -0.999597 0.00115519
-47.9467 45.6006 1.49905 0.028039 -0.999606 0.00157887
-47.9583 45.6015 2.61641 0.027521 -0.999621 0.000729829
-47.9552 45.6018 3.73865 0.0272934 -0.999627 -4.80728e-05
-47.9598 45.6017 4.80466 0.0273215 -0.999627 -8.50963e-05
-47.9698 45.6017 5.84296 0.0265935 -0.999646 0.000743768
-47.934 45.6035 6.85116 0.0264257 -0.99965 0.000766024
-46.9773 45.6296 7.02904 0.0288964 -0.999582 0.000678376
-45.9527 45.6596 7.04489 0.029531 -0.999563 0.00120819
-44.8781 45.6927 7.06605 0.0319503 -0.999488 0.00153472
-43.8325 45.7263 7.0742 0.0323561 -0.999475 0.00168551
-42.7872 45.7609 7.03023 0.0342165 -0.999414 0.00123681
-41.7169 45.7988 7.0563 0.0356651 -0.999363 0.00149857
-40.7105 45.8349 7.06489 0.0356493 -0.999363 0.00164429
-39.5096 45.8783 7.04397 0.0377638 -0.999285 0.00188936
-38.4323 45.92 7.04369 0.0381322 -0.999271 0.00182588
-37.4941 45.9556 6.73948 0.0386765 -0.999251 0.000721969
-37.4909 45.9545 5.68844 0.0406858 -0.999169 0.00243403
-37.459 45.9534 4.6133 0.0395044 -0.999218 0.00183998
-37.4756 45.9509 3.58178 0.0370994 -0.999308 0.00257153
-37.4749 45.9485 2.39805 0.0367889 -0.999322 0.00100865
-37.4736 45.9487 1.35028 0.037154 -0.99931 -0.000198919
-37.5355 45.9465 0.249049 0.0374306 -0.999299 0.000464671
-37.4966 45.9471 -0.757625 0.0375628 -0.999294 0.000820865
-37.4764 45.9471 -1.84583 0.0376949 -0.999289 0.000923992
-37.4838 45.9461 -2.87469 0.0380586 -0.999275 0.00138207
-37.4995 45.9445 -3.90639 0.0380219 -0.999276 0.00161624
-37.5173 45.9435 -5.00408 0.0402706 -0.999188 -0.000768317
-37.4967 45.9449 -6.0509 0.0398258 -0.999206 -0.000163024
-37.7763 45.9346 -6.99914 0.038312 -0.999262 -0.00258813
-38.8842 45.8941 -7.03019 0.0360002 -0.999352 -0.000564194
-39.9636 45.8543 -7.03537 0.0375247 -0.999296 -3.53756e-05
-41.0824 45.8122 -7.06421 0.0374716 -0.999298 0.000239134
-42.0927 45.7744 -7.06106 0.0374275 -0.999299 0.000831482
-43.215 45.7333 -7.03884 0.0358859 -0.999355 0.000926573
-44.331 45.6949 -7.07017 0.0325797 -0.999469 0.000904479
-45.5129 45.6588 -7.05813 0.0292161 -0.999572 0.00138155
-46.5851 45.628 -7.02452 0.0276812 -0.999615 0.00197181
-47.71 45.5982 -7.02976 0.0262539 -0.999653 0.00234801
-47.9395 45.5936 -6.10539 0.026346 -0.999652 0.00087875
-47.9351 45.594 -5.08728 0.0274823 -0.999622 -0.000164191
-47.9511 45.5939 -4.0514 0.0277967 -0.999613 0.000920617
-47.9718 45.5954 -3.03211 0.0273023 -0.999624 0.00255076
-47.9733 45.5955 -2.98769 0.0273893 -0.999622 0.00237956
-46.4622 45.6379 -2.69103 0.028195 -0.9996 0.0022129
-45.316 45.6715 -2.69109 0.0303396 -0.999539 0.000854732
-44.265 45.7041 -2.69116 0.0316655 -0.999498 0.000380611
-43.2222 45.7381 -2.69122 0.0339062 -0.999425 0.00024745
-42.2069 45.7736 -2.69128 0.0357764 -0.999359 0.000902925
-41.2012 45.8098 -2.69134 0.0361162 -0.999347 0.00106859
-40.0545 45.8515 -2.6914 0.0365862 -0.99933 0.000838836
-39.0547 45.8886 -2.69144 0.0371172 -0.999311 -0.000155019
-38.9577 45.8922 -2.69144 0.0365269 -0.999333 -0.000179392
-38.9498 45.8913 -3.5885 0.0365291 -0.999331 0.00161865
-40.1193 45.8483 -3.58845 0.0367536 -0.999324 0.000915625
-41.284 45.8058 -3.58839 0.0359386 -0.999354 0.000916512
-42.2868 45.77 -3.58832 0.0353472 -0.999375 0.000839499
-43.3557 45.7327 -3.58824 0.0338975 -0.999424 0.00138214
-44.4988 45.6957 -3.58815 0.0312325 -0.99951 0.00189984
-45.5772 45.6625 -3.58806 0.0303648 -0.999538 0.00164136
-46.4257 45.6374 -3.58801 0.0284126 -0.999596 0.00124854
-46.438 45.636 -4.48498 0.0282257 -0.999601 0.000962069
-45.3227 45.6686 -4.48507 0.0304251 -0.999535 0.00204738
-44.2246 45.7024 -4.48517 0.0313548 -0.999505 0.00244497
-43.207 45.7366 -4.48528 0.0345966 -0.999401 0.0011558
-42.1671 45.7734 -4.48537 0.0357335 -0.999361 0.000779837
-41.1432 45.8102 -4.48546 0.0359599 -0.999353 0.000621566
-39.9893 45.8525 -4.48553 0.0367847 -0.999323 0.000338453
-39.0127 45.8879 -4.48558 0.0362024 -0.999344 0.000438086
-39.1563 45.8835 -5.38267 0.0360485 -0.99935 -0.000880951
-40.3798 45.8384 -5.38259 0.0375065 -0.999296 -0.000557673
-41.4985 45.797 -5.3825 0.0366184 -0.999329 0.000244397
-42.5384 45.7593 -5.38239 0.0360798 -0.999349 0.000850164
-43.6802 45.7188 -5.38225 0.0349083 -0.99939 0.00107241
-44.7029 45.6857 -5.38213 0.0309171 -0.999521 0.00132959
-45.8098 45.6527 -5.38199 0.0283424 -0.999597 0.00125244
-46.2692 45.6397 -5.38194 0.0280153 -0.999607 0.00133179
-46.4314 45.6404 -1.79405 0.0277623 -0.999613 0.00156099
-45.4064 45.6696 -1.79409 0.0294863 -0.999565 0.00095888
-44.2276 45.7054 -1.79415 0.0318675 -0.999492 0.00050823
-43.0532 45.7445 -1.79421 0.0344365 -0.999407 0.000740883
-41.983 45.7826 -1.79426 0.0361011 -0.999348 0.00106603
-40.8502 45.8234 -1.79431 0.0359329 -0.999354 0.000874112
-39.7261 45.8641 -1.79435 0.0364521 -0.999335 0.00105273
-38.9143 45.8939 -1.79437 0.036568 -0.999331 0.000637008
-38.9658 45.8928 -0.897315 0.0363407 -0.999339 0.000789817
-40.0748 45.8521 -0.897288 0.037012 -0.999314 0.000948853
-41.2715 45.8089 -0.897248 0.0354199 -0.999372 0.000187785
-42.3918 45.7687 -0.897207 0.0359293 -0.999354 0.000931034
-43.4008 45.7333 -0.897173 0.0338878 -0.999425 0.000737768
-44.4392 45.6995 -0.897136 0.0310577 -0.999517 0.000900077
-45.4469 45.6694 -0.897102 0.0294569 -0.999566 0.000750658
-46.3844 45.643 -0.897068 0.028238 -0.999601 0.000803033
-46.4066 45.643 -9.2754e-05 0.0286168 -0.99959 0.000678656
-45.2878 45.675 -0.000112215 0.0294554 -0.999565 0.0011763
-44.1108 45.7114 -0.000142036 0.0318837 -0.999491 0.00142772
-43.0628 45.7459 -0.000168089 0.0341338 -0.999416 0.00154983
-42.0277 45.7822 -0.000196046 0.0354529 -0.999371 0.000477642
-41.0128 45.818 -0.000220404 0.0355985 -0.999366 -0.000662141
-40.0126 45.8551 -0.000244347 0.0370502 -0.999313 0.000267447
-38.9554 45.8938 -0.000265933 0.0362072 -0.999344 0.000470198
-39.0091 45.8918 0.896776 0.0365529 -0.999332 -0.00025984
-40.1872 45.8484 0.896801 0.0369032 -0.999319 -0.000206904
-41.2925 45.808 0.896819 0.0359486 -0.999354 0.000133806
-42.3337 45.7718 0.896837 0.0342414 -0.999413 0.000789954
-43.4064 45.7356 0.896857 0.0329788 -0.999455 0.00137495
-44.4408 45.702 0.896872 0.0316271 -0.9995 0.000447062
-45.6329 45.6658 0.89689 0.0288865 -0.999582 0.000632668
-46.3582 45.645 0.896897 0.0286497 -0.999589 0.000582944
-46.3248 45.6465 1.79389 0.0280246 -0.999607 0.000558892
-45.2329 45.6778 1.79388 0.0300848 -0.999547 0.000256778
-44.2075 45.7099 1.79388 0.0323428 -0.999477 -4.19452e-05
-43.2049 45.7429 1.79387 0.0337561 -0.99943 -0.000372648
-42.1636 45.7782 1.79386 0.0338881 -0.999426 0.000397422
-41.1036 45.8153 1.79385 0.0359577 -0.999353 0.000739331
-39.9754 45.8562 1.79384 0.0363316 -0.99934 0.000254483
-38.9438 45.8938 1.79382 0.0372983 -0.999304 -0.000110941
-38.9693 45.8929 2.69086 0.0371095 -0.999311 0.000778809
-40.0149 45.855 2.69088 0.0360196 -0.999351 0.000415212
-41.0503 45.8177 2.69089 0.0359344 -0.999354 0.000699232
-42.1127 45.78 2.69089 0.0349082 -0.999391 0.000180426
-43.2196 45.7421 2.69088 0.0339117 -0.999425 0.000426318
-44.29 45.7074 2.69088 0.0317603 -0.999495 0.000165191
-45.3631 45.6743 2.69088 0.0294853 -0.999565 0.000171027
-46.2913 45.6479 2.69087 0.0281907 -0.999602 0.000533272
-46.4084 45.6451 3.58786 0.0285903 -0.999591 0.000481209
-45.3248 45.6765 3.58787 0.0299008 -0.999552 0.00106436
-44.2943 45.7081 3.58788 0.0314882 -0.999504 0.00107959
-43.2416 45.7417 3.5879 0.0330452 -0.999454 0.000758488
-42.2303 45.7765 3.58792 0.0355541 -0.999367 0.000972165
-41.1721 45.8141 3.58793 0.0354792 -0.99937 0.0010294
-39.9778 45.8567 3.58793 0.0354777 -0.99937 0.000370453
-38.9578 45.8941 3.58791 0.0379257 -0.99928 0.000740802
-38.9343 45.8954 4.48499 0.0383813 -0.999263 0.000879608
-39.9761 45.8573 4.48499 0.035587 -0.999366 0.00146447
-40.9779 45.8219 4.48498 0.035408 -0.999373 0.00075286
-42.0031 45.7854 4.48496 0.0353267 -0.999376 0.000742347
-43.0277 45.7498 4.48492 0.0331688 -0.999449 0.000806327
-44.0644 45.716 4.48489 0.0316219 -0.9995 0.000494004
-45.1607 45.6819 4.48485 0.0305683 -0.999533 0.00033188
-46.3035 45.6479 4.48482 0.0288514 -0.999584 -0.000426816
-46.5321 45.6414 4.48482 0.0285326 -0.999593 -0.000439685
-46.3751 45.6457 5.38178 0.0286344 -0.99959 -0.000302917
-45.269 45.6788 5.38182 0.0306686 -0.999529 0.000480323
-44.1939 45.712 5.38188 0.0318066 -0.999494 0.000562242
-43.194 45.7448 5.38193 0.033694 -0.999432 0.00109136
-42.176 45.78 5.38199 0.0352956 -0.999376 0.000975095
-40.9941 45.8221 5.38205 0.0358297 -0.999357 0.00136213
-39.9135 45.8608 5.38207 0.036308 -0.99934 0.00124119
-39.2456 45.8853 5.38209 0.0370637 -0.999311 0.00177149
-39.1567 45.8886 5.38209 0.0374972 -0.999295 0.00159521
