-47.2506 46.793 -4.15427 0.0285354 -0.999592 0.00108436
-47.1828 46.7936 -5.30993 0.0288456 -0.999583 0.00130754
-46.6634 46.8077 -6.07963 0.0294132 -0.999566 0.00144936
-45.5703 46.8406 -6.09895 0.02994 -0.999551 0.000798227
-44.4844 46.8736 -6.10022 0.0310517 -0.999517 0.00147092
-43.354 46.9106 -6.103 0.034618 -0.9994 0.000996991
-42.2694 46.9489 -6.09153 0.0355848 -0.999366 0.00111797
-41.1238 46.9899 -6.07607 0.0361072 -0.999348 0.000698522
-40.1009 47.0267 -6.1183 0.0357281 -0.999361 0.000307257
-39.085 47.0625 -6.07063 0.0345383 -0.999403 -0.000274953
-38.7244 47.0746 -5.24444 0.034264 -0.999413 -0.000286845
-38.7129 47.0745 -4.20172 0.034225 -0.999414 -0.000690826
-38.684 47.0748 -3.17643 0.035077 -0.999384 -0.000215719
-38.6907 47.0757 -2.15614 0.0353337 -0.999375 0.00101067
-38.6962 47.076 -1.15149 0.0354598 -0.999371 -0.000377006
-38.7063 47.076 -0.0704937 0.0356858 -0.999363 0.000697805
-38.6965 47.0768 0.974866 0.035729 -0.999362 -1.07821e-05
-38.6947 47.0772 1.99203 0.0348158 -0.999393 0.000990492
-38.7095 47.0772 3.13642 0.0339585 -0.999423 0.000329132
-38.7022 47.078 4.14405 0.0336649 -0.999433 0.000852237
-38.7259 47.0799 5.2754 0.0353844 -0.999368 0.00333759
-39.1177 47.0679 6.05089 0.0356966 -0.999361 0.00191532
-40.172 47.0302 6.07074 0.034687 -0.999398 0.00108299
-41.2585 46.9927 6.09474 0.0339902 -0.999422 0.000971112
-42.3007 46.9574 6.07988 0.0337444 -0.99943 0.00100852
-43.3748 46.9212 6.1057 0.0335419 -0.999437 0.000943277
-44.4506 46.886 6.07078 0.0319148 -0.99949 0.000933757
-45.5054 46.8531 6.05922 0.0301695 -0.999544 0.000995542
-46.5602 46.8214 6.05213 0.0294554 -0.999566 0.000439327
-47.2117 46.8023 5.59281 0.0288028 -0.999585 9.72575e-05
-47.1947 46.8025 4.50308 0.0288204 -0.999585 0.000250415
-47.1576 46.8035 3.49939 0.0285126 -0.999593 0.000102418
-47.1665 46.8031 2.35978 0.0280337 -0.999607 0.000297788
-47.2244 46.8004 1.21121 0.0284371 -0.999595 0.00136209
-47.1994 46.8 0.189811 0.0288365 -0.999584 0.00103224
-47.2052 46.7985 -0.86196 0.0285269 -0.999592 0.00131912
-47.1818 46.7979 -2.01293 0.0287158 -0.999587 0.00135129
-47.2122 46.7955 -3.03909 0.0286114 -0.99959 0.00130991
-47.247 46.7932 -4.07681 0.0285531 -0.999592 0.00113501
-48.1904 46.7664 -4.09406 0.0283083 -0.999598 0.0012466
-48.1811 46.768 -3.08934 0.0286074 -0.99959 0.00115801
-48.1445 46.7706 -1.95208 0.0285485 -0.999592 0.00125813
-48.1688 46.7711 -0.928781 0.0283604 -0.999597 0.00102681
-48.1517 46.7726 0.184626 0.0287215 -0.999587 0.000932441
-48.1799 46.7731 1.24173 0.0288564 -0.999583 0.00125136
-48.1321 46.775 2.29597 0.0295776 -0.999562 -4.13927e-05
-48.1449 46.7747 3.40349 0.0296054 -0.999562 0.000122238
-48.1559 46.7745 4.4086 0.0294295 -0.999567 0.000264981
-48.1592 46.7749 5.43302 0.029449 -0.999566 0.000393013
-48.1634 46.7759 6.54513 0.0284189 -0.999596 0.000739007
-47.4923 46.7947 7.04763 0.0275727 -0.99962 0.000273504
-46.4332 46.8253 7.01485 0.030275 -0.999542 -0.000109965
-45.3396 46.8587 7.03079 0.0311605 -0.999514 0.000980083
-44.2483 46.8934 7.025 0.032267 -0.999478 0.001362
-43.1467 46.9297 7.05862 0.0335429 -0.999437 0.000810174
-42.0511 46.9667 7.02115 0.0339274 -0.999424 0.000957676
-40.9407 47.0048 7.06966 0.0346754 -0.999397 0.00150798
-39.8147 47.0444 7.03267 0.0353394 -0.999374 0.00156123
-38.7635 47.0807 7.04677 0.0340796 -0.999419 0.00048079
-37.7961 47.1149 6.90539 0.0360461 -0.99935 -9.28985e-05
-37.7548 47.1162 5.83657 0.0351855 -0.99938 0.00108443
-37.7414 47.1132 4.80371 0.0354757 -0.999363 0.00389788
-37.735 47.1105 3.71533 0.0339417 -0.999423 0.00121463
-37.7392 47.1105 2.63608 0.0350735 -0.999385 2.6875e-05
-37.7447 47.1107 1.60699 0.0361261 -0.999347 -0.000482484
-37.7471 47.1107 0.464117 0.035997 -0.999352 0.000638537
-37.7491 47.1097 -0.630807 0.0360432 -0.99935 0.000638859
-37.7396 47.1098 -1.70924 0.0351372 -0.999382 0.000499371
-37.7501 47.1084 -2.71451 0.0356163 -0.999365 0.00134728
-37.7531 47.1074 -3.75731 0.0350318 -0.999386 -5.94267e-05
-37.7666 47.1074 -4.77732 0.0343746 -0.999409 -0.000420896
-37.7627 47.108 -5.86512 0.0343491 -0.99941 -0.000437345
-37.8215 47.1065 -6.91967 0.0346677 -0.999399 -0.000479859
-38.9017 47.069 -7.03873 0.0355227 -0.999369 -0.000162016
-39.9723 47.0307 -7.07578 0.0358824 -0.999356 0.000838804
-40.9962 46.9939 -7.03953 0.0361302 -0.999347 0.000578861
-42.0888 46.9543 -7.04466 0.0359292 -0.999354 0.000974232
-43.2786 46.9126 -7.06178 0.0339889 -0.999422 0.000836695
-44.2954 46.8787 -7.05412 0.0322555 -0.999479 0.000153274
-45.3141 46.8468 -7.05584 0.0302462 -0.999541 0.00183587
-46.4512 46.8124 -7.03322 0.0297337 -0.999556 0.00210453
-47.4716 46.7831 -7.0669 0.0276174 -0.999617 0.00196294
-48.1425 46.7649 -6.5491 0.0282052 -0.999602 0.000760227
-48.1661 46.7655 -5.36906 0.028302 -0.999598 0.00139735
-48.1948 46.766 -4.30529 0.028186 -0.999602 0.00122243
-48.1944 46.7661 -4.23944 0.0282474 -0.9996 0.00117975
-46.7109 46.8081 -4.48488 0.028776 -0.999585 0.000948199
-45.6959 46.8378 -4.48495 0.0299257 -0.999551 0.00160037
-44.6892 46.8691 -4.48502 0.0313404 -0.999508 0.00149389
-43.6594 46.9024 -4.48509 0.0326183 -0.999466 0.00168401
-42.6 46.9385 -4.48517 0.0348565 -0.999392 0.000965286
-41.4335 46.9799 -4.48524 0.035271 -0.999378 0.000327222
-40.4048 47.0161 -4.48529 0.0349221 -0.99939 -3.76506e-05
-39.3063 47.0542 -4.48533 0.0345277 -0.999404 -0.000377804
-39.2225 47.0571 -4.48533 0.0344589 -0.999406 -0.000424878
-39.2704 47.0559 -5.38237 0.0346559 -0.999399 -0.000183107
-40.3758 47.0171 -5.38233 0.0356528 -0.999364 1.15612e-05
-41.5716 46.9744 -5.38227 0.0357199 -0.999362 0.000792815
-42.614 46.9373 -5.38219 0.0355774 -0.999367 0.000856751
-43.6282 46.9018 -5.3821 0.0342296 -0.999413 0.00164116
-44.7228 46.867 -5.38199 0.0306996 -0.999528 0.00101535
-45.8003 46.8341 -5.3819 0.0298523 -0.999554 0.000495743
-46.6715 46.8084 -5.38184 0.0290393 -0.999578 0.00100113
-46.6738 46.8102 -3.58792 0.0287456 -0.999586 0.00138492
-45.6444 46.8412 -3.58798 0.0307052 -0.999527 0.00199031
-44.5801 46.8742 -3.58804 0.0316768 -0.999496 0.00202236
-43.5723 46.9065 -3.5881 0.0324838 -0.999472 0.00107616
-42.3725 46.9472 -3.58817 0.0349926 -0.999387 0.000673091
-41.2049 46.9881 -3.58823 0.0348516 -0.999392 0.000106837
-40.1212 47.0257 -3.58827 0.0345311 -0.999404 -0.000344909
-39.3127 47.0535 -3.5883 0.0341352 -0.999417 -0.000554717
-39.3351 47.0526 -2.69128 0.0349694 -0.999388 0.000470556
-40.4298 47.0148 -2.69124 0.0341551 -0.999416 -0.000298783
-41.4669 46.9793 -2.6912 0.0344 -0.999408 0.000600224
-42.5786 46.9409 -2.69116 0.0347142 -0.999397 0.000734199
-43.7344 46.9024 -2.6911 0.0318635 -0.999492 0.00072536
-44.9267 46.8651 -2.69104 0.030833 -0.999523 0.00145582
-46.0069 46.8318 -2.69099 0.0305321 -0.999532 0.00213342
-46.6962 46.811 -2.69096 0.0294689 -0.999563 0.00214576
-46.683 46.8127 -1.79399 0.0294458 -0.999566 0.00132358
-45.6152 46.8452 -1.79403 0.0308076 -0.999525 0.00127824
-44.463 46.8806 -1.79408 0.0308632 -0.999524 0.000369707
-43.4315 46.9127 -1.79412 0.0325906 -0.999468 0.0011194
-42.3801 46.9485 -1.79416 0.0352355 -0.999379 0.000849375
-41.3581 46.9838 -1.7942 0.0337429 -0.99943 0.000640262
-40.3479 47.0179 -1.79423 0.0339783 -0.999422 0.00062868
-39.274 47.0553 -1.79426 0.0359486 -0.999354 0.000461062
-39.2287 47.0569 -1.79427 0.0359569 -0.999353 0.000460762
-39.2974 47.0547 -0.897249 0.0353088 -0.999376 -2.61953e-05
-40.3501 47.0181 -0.897218 0.0338206 -0.999428 0.000212803
-41.4516 46.9813 -0.89719 0.0339862 -0.999422 6.2112e-05
-42.4962 46.9451 -0.897157 0.0347673 -0.999395 0.000862851
-43.5665 46.9091 -0.897122 0.0323735 -0.999476 0.000149097
-44.7266 46.8727 -0.897086 0.0302771 -0.999542 0.000149205
-45.809 46.8396 -0.897052 0.0306238 -0.999531 0.000359589
-46.7162 46.8125 -0.897023 0.0293692 -0.999568 0.00129362
-46.5675 46.818 -5.66883e-05 0.0291981 -0.999573 0.00135319
-45.454 46.8511 -8.44961e-05 0.030434 -0.999536 0.000922384
-44.3434 46.8854 -0.000110206 0.0309886 -0.999519 0.00109398
-43.2762 46.9197 -0.000135567 0.0332651 -0.999445 0.00167409
-42.1406 46.9578 -0.000164696 0.033594 -0.999435 0.000523937
-41.0814 46.9936 -0.000188378 0.0335735 -0.999436 -2.51693e-05
-39.9876 47.0307 -0.00021315 0.0349799 -0.999388 0.00013832
-39.2835 47.0555 -0.000225666 0.0352918 -0.999377 0.000663947
-39.328 47.0545 0.896785 0.0350801 -0.999384 0.000364506
-40.4134 47.0167 0.896806 0.0342957 -0.999411 0.00113719
-41.5847 46.977 0.896826 0.0335169 -0.999438 0.000656151
-42.6708 46.9408 0.896845 0.0330889 -0.999452 0.000776213
-43.8465 46.9023 0.896867 0.0323184 -0.999477 0.00114523
-44.9091 46.8689 0.896885 0.0309958 -0.999519 0.00115417
-45.9563 46.8369 0.896906 0.030077 -0.999547 0.00047841
-46.6947 46.8153 0.896914 0.0289432 -0.999581 0.000959539
-46.5603 46.8198 1.79388 0.0283674 -0.999597 0.000714101
-45.5409 46.8498 1.79387 0.0307114 -0.999528 0.000426927
-44.47 46.8833 1.79386 0.0316711 -0.999498 0.000354922
-43.4313 46.9164 1.79385 0.0326394 -0.999467 0.000453103
-42.4021 46.9504 1.79384 0.0333372 -0.999444 0.000772119
-41.3372 46.986 1.79382 0.0334149 -0.999441 0.000758029
-40.1107 47.028 1.79381 0.034628 -0.9994 0.00102637
-39.2904 47.0564 1.7938 0.0344531 -0.999406 0.00101273
-39.2659 47.0582 2.69081 0.0340111 -0.999421 0.000684486
-40.4498 47.0173 2.69082 0.0345283 -0.999403 0.00107212
-41.6163 46.9774 2.69083 0.0334896 -0.999439 0.000879939
-42.6762 46.9419 2.69084 0.0332971 -0.999445 0.000675535
-43.6929 46.9084 2.69084 0.0322058 -0.999481 0.000479983
-44.8037 46.8729 2.69085 0.0316532 -0.999499 0.000632702
-45.866 46.8404 2.69085 0.0293972 -0.999568 0.000486866
-46.6157 46.8187 2.69085 0.028145 -0.999604 0.000358037
-46.6608 46.8176 3.58782 0.0286987 -0.999588 3.22643e-05
-45.6385 46.848 3.58782 0.030291 -0.999541 0.000733325
-44.5795 46.8805 3.58783 0.0309445 -0.999521 0.000856788
-43.5501 46.9136 3.58783 0.032802 -0.999462 0.000623834
-42.4673 46.9496 3.58784 0.0334733 -0.999439 0.000792029
-41.3886 46.9862 3.58783 0.0341292 -0.999417 0.00105064
-40.3316 47.0224 3.58783 0.0342602 -0.999412 0.00101899
-39.3677 47.0551 3.58782 0.033811 -0.999428 0.000251574
-39.3348 47.0569 4.48483 0.0339746 -0.999422 0.00149305
-40.392 47.0211 4.48485 0.0340137 -0.999421 0.000960495
-41.4662 46.9844 4.48485 0.0342648 -0.999413 0.00071729
-42.5644 46.947 4.48484 0.0337005 -0.999432 0.000697916
-43.7055 46.9089 4.48482 0.0327503 -0.999463 0.000729123
-44.8057 46.8741 4.4848 0.0308426 -0.999524 0.000503109
-45.9339 46.8396 4.48478 0.0303674 -0.999539 0.000148936
-46.6763 46.8175 4.48477 0.0293322 -0.99957 0.000649337
-46.6681 46.818 5.38173 0.0290414 -0.999578 0.000305798
-45.64 46.8487 5.38175 0.0302697 -0.999542 -6.52457e-05
-44.5561 46.8822 5.38179 0.0312906 -0.99951 0.000204212
-43.4321 46.9186 5.38183 0.0332693 -0.999446 0.000783096
-42.3845 46.9538 5.38185 0.0339013 -0.999425 0.000847753
-41.319 46.9901 5.38187 0.0340972 -0.999418 0.000690593
-40.3059 47.0248 5.38187 0.0344638 -0.999405 0.00113825
-39.4847 47.0534 5.38186 0.0354989 -0.999367 0.00240056
-39.4816 47.0535 5.38186 0.0355008 -0.999367 0.00239348
