-47.4176 47.9708 1.34391 0.030536 -0.999534 -0.000241605
-47.3665 47.9723 0.299148 0.0301467 -0.999545 0.00044968
-47.3768 47.9712 -0.719165 0.0294996 -0.999564 0.00150206
-47.4037 47.9687 -1.83383 0.0295576 -0.999562 0.00152177
-47.3883 47.9677 -2.83387 0.0300723 -0.999546 0.00162715
-47.3844 47.9667 -3.91439 0.0300263 -0.999549 0.000606365
-47.4054 47.9649 -5.01361 0.0297908 -0.999555 0.00177824
-47.2569 47.9676 -6.00349 0.0302035 -0.999543 0.00154293
-46.2008 47.9995 -6.10127 0.0307206 -0.999527 0.00124962
-45.0951 48.0336 -6.0998 0.0313781 -0.999507 0.00146182
-43.9492 48.0707 -6.08888 0.0332979 -0.999445 0.000850135
-42.7823 48.1104 -6.08378 0.0345345 -0.999403 0.000570131
-41.7797 48.1454 -6.10564 0.0352903 -0.999377 0.000860029
-40.6122 48.1864 -6.10827 0.0348921 -0.999391 0.000497168
-39.5814 48.2219 -6.10943 0.0335021 -0.999439 6.20828e-05
-38.9508 48.243 -5.56491 0.0334784 -0.999439 0.000402245
-38.9043 48.2447 -4.43639 0.0331262 -0.999451 -0.000128519
-38.9277 48.2435 -3.24937 0.0332415 -0.999447 -0.000463387
-38.9236 48.2434 -2.20124 0.0333933 -0.999442 0.000385318
-38.9083 48.2445 -1.01846 0.0339174 -0.999424 0.00072136
-38.9417 48.2445 0.138564 0.0340855 -0.999418 0.00109021
-38.941 48.2457 1.18258 0.0337625 -0.999429 0.000947089
-38.9281 48.2467 2.30693 0.0335005 -0.999439 0.000243566
-38.908 48.2475 3.40077 0.0331799 -0.999449 0.000189639
-38.9296 48.2477 4.50448 0.0325827 -0.999469 0.000937607
-38.9399 48.2486 5.53094 0.0319606 -0.999488 0.00119775
-39.671 48.2258 6.10719 0.0325502 -0.99947 0.000745776
-40.7252 48.1907 6.11328 0.0335425 -0.999437 0.000815358
-41.7435 48.1565 6.12518 0.0336745 -0.999432 0.000910456
-42.8197 48.1202 6.11244 0.0335435 -0.999437 0.00115694
-43.9358 48.0832 6.10114 0.032591 -0.999468 0.00109223
-44.9502 48.0504 6.11455 0.0319553 -0.999489 0.00065518
-46.0186 48.0165 6.10682 0.0314995 -0.999504 0.000691245
-47.0801 47.9834 6.06476 0.0304819 -0.999535 0.000731881
-47.3776 47.9737 5.16564 0.0305389 -0.999533 0.000839341
-47.3871 47.9725 4.11939 0.0307509 -0.999527 0.000765637
-47.3911 47.9715 3.00001 0.0310746 -0.999517 0.000220878
-47.4038 47.971 1.95538 0.0306296 -0.999531 -0.000277317
-47.4176 47.9707 1.54183 0.0305848 -0.999532 -0.000234606
-48.3719 47.9416 1.59991 0.0303693 -0.999539 -0.000386056
-48.3426 47.9428 0.571748 0.0304347 -0.999537 -0.000202506
-48.3342 47.9428 -0.577027 0.0299411 -0.999551 0.000641642
-48.345 47.9413 -1.62291 0.029489 -0.999564 0.00137377
-48.326 47.9402 -2.68165 0.029193 -0.999573 0.00152454
-48.3335 47.9384 -3.71336 0.0294433 -0.999566 0.00107234
-48.3457 47.9373 -4.78277 0.0306585 -0.99953 0.000747326
-48.3374 47.9358 -5.89178 0.0296646 -0.999558 0.00180362
-48.2599 47.937 -6.96983 0.028791 -0.999585 0.00110552
-47.2082 47.9677 -7.03463 0.0303437 -0.999539 0.00136829
-46.1784 47.9991 -7.05716 0.0304076 -0.999537 0.00117129
-45.081 48.033 -7.04711 0.0315408 -0.999502 0.0013417
-43.8957 48.0719 -7.03766 0.0332686 -0.999446 0.000362807
-42.802 48.1091 -7.03172 0.0346814 -0.999398 0.0006213
-41.6883 48.1479 -7.06973 0.034924 -0.99939 0.000695771
-40.6433 48.1847 -7.04636 0.0351739 -0.999381 0.000681543
-39.4788 48.2253 -7.0528 0.034288 -0.999412 0.000256266
-38.4718 48.2592 -7.03845 0.0336502 -0.999434 -0.000409362
-37.9755 48.2756 -6.39524 0.0337587 -0.99943 -0.000277405
-38.0033 48.2745 -5.27633 0.0330329 -0.999454 5.31307e-05
-37.9524 48.2761 -4.19897 0.0327566 -0.999463 -0.000333788
-37.9785 48.275 -3.12848 0.0330905 -0.999452 -6.87421e-05
-37.9724 48.2754 -2.03459 0.0339834 -0.999422 0.000626738
-37.9705 48.2763 -1.02352 0.0340157 -0.999421 0.000854561
-37.9844 48.2768 0.0580844 0.0336329 -0.999434 0.0010698
-37.9815 48.2779 1.17774 0.0335359 -0.999437 0.000820628
-37.9764 48.2785 2.26466 0.0334351 -0.999441 2.51424e-06
-37.9538 48.2792 3.2764 0.0334414 -0.999441 0.000109731
-37.9662 48.2791 4.3897 0.0331547 -0.99945 0.000558236
-37.9837 48.2797 5.47252 0.0333941 -0.999442 0.000998969
-37.9932 48.2805 6.51857 0.0326371 -0.999467 0.000919131
-38.6642 48.2596 7.04227 0.0319554 -0.999487 0.00190124
-39.7221 48.2252 7.04467 0.0333623 -0.999442 0.00127715
-40.7833 48.1895 7.06355 0.0335455 -0.999437 0.000850903
-41.8586 48.1535 7.05521 0.0335154 -0.999438 0.000935569
-42.9001 48.1186 7.03784 0.0334673 -0.999439 0.00105519
-44.0115 48.0816 7.05393 0.0330015 -0.999455 0.000739736
-45.1086 48.0459 7.06465 0.0316705 -0.999498 0.000532285
-46.1192 48.0141 7.06013 0.0314028 -0.999507 0.000692413
-47.1495 47.9822 7.03158 0.0304225 -0.999537 0.000813006
-48.165 47.9518 7.02617 0.0297098 -0.999557 0.00149654
-48.3287 47.9457 6.11456 0.0301257 -0.999546 0.00108841
-48.3419 47.9443 5.06659 0.0302274 -0.999543 0.000921942
-48.3457 47.9431 3.9678 0.0296796 -0.999559 0.00108703
-48.3482 47.9423 2.92686 0.0299755 -0.999551 5.06457e-05
-48.3561 47.942 1.90023 0.0302892 -0.999541 -0.000368397
-48.3717 47.9416 1.61338 0.0303121 -0.99954 -0.000398062
-46.9039 47.9865 1.79383 0.031275 -0.999511 8.43175e-05
-45.6538 48.0259 1.79381 0.031533 -0.999502 0.000698353
-44.454 48.0635 1.79379 0.0314457 -0.999505 0.00105273
-43.4173 48.0966 1.79377 0.0323489 -0.999476 0.000746842
-42.3682 48.1312 1.79376 0.0332293 -0.999447 0.000856181
-41.2923 48.1671 1.79374 0.0332921 -0.999445 0.000975146
-40.2371 48.2023 1.79372 0.0335575 -0.999436 0.000942024
-39.4359 48.2294 1.7937 0.033906 -0.999425 0.000863571
-39.44 48.2284 0.89672 0.0340121 -0.999421 0.00103422
-40.6045 48.1891 0.896745 0.0332114 -0.999448 0.00103446
-41.6441 48.1546 0.896767 0.0331953 -0.999448 0.000879901
-42.7791 48.1167 0.89679 0.0330541 -0.999453 0.00107239
-43.7819 48.084 0.896812 0.0322134 -0.99948 0.00119552
-44.7923 48.0519 0.896833 0.0313254 -0.999509 0.00118307
-45.879 48.018 0.896855 0.0310206 -0.999518 0.00103375
-46.8584 47.9878 0.896872 0.0305507 -0.999533 0.000380905
-46.8275 47.9882 -8.6196e-05 0.0296863 -0.999559 0.00104324
-45.7195 48.0219 -0.000110172 0.0309351 -0.99952 0.00138974
-44.6877 48.0542 -0.000132686 0.0315121 -0.999503 0.000999903
-43.5535 48.0903 -0.000161575 0.0320063 -0.999487 0.00109159
-42.5136 48.1245 -0.000188728 0.0334708 -0.999439 0.0010539
-41.4843 48.1589 -0.000213158 0.0333187 -0.999444 0.00102419
-40.476 48.1924 -0.000236387 0.0334245 -0.999441 0.000842546
-39.564 48.2232 -0.000255363 0.0338299 -0.999427 0.000984176
-39.4746 48.2253 -0.897243 0.0338924 -0.999425 0.000554487
-40.4999 48.191 -0.897214 0.0333474 -0.999444 0.00070473
-41.5267 48.1566 -0.897189 0.0333482 -0.999444 0.000729569
-42.7253 48.1166 -0.897157 0.0332623 -0.999446 0.000904788
-43.8779 48.0791 -0.897123 0.0321314 -0.999483 0.00102696
-44.9155 48.0461 -0.897094 0.0317143 -0.999497 0.000952038
-45.996 48.0123 -0.897065 0.0309421 -0.999521 0.000900576
-46.8899 47.9852 -0.897045 0.0295839 -0.999562 0.00125826
-46.9183 47.9833 -1.79399 0.0302146 -0.999543 0.00115286
-45.7106 48.0204 -1.79403 0.0308643 -0.999523 0.000923843
-44.5573 48.0565 -1.79407 0.0316099 -0.9995 0.000841892
-43.4492 48.0921 -1.79411 0.0326103 -0.999468 0.00076433
-42.3318 48.129 -1.79414 0.0334013 -0.999442 0.000695756
-41.3316 48.1626 -1.79417 0.0335418 -0.999437 0.000420771
-40.2372 48.1993 -1.7942 0.0335566 -0.999437 0.000198967
-39.4742 48.225 -1.79422 0.0338608 -0.999427 0.000208716
-39.4119 48.2271 -2.69121 0.0333863 -0.999442 -0.000530986
-40.5865 48.1874 -2.69118 0.0338412 -0.999427 -0.000201196
-41.5886 48.1535 -2.69115 0.0338727 -0.999426 0.000439496
-42.6175 48.1189 -2.69111 0.0334413 -0.99944 0.000921969
-43.7326 48.0821 -2.69107 0.0323695 -0.999476 0.000547956
-44.7742 48.0489 -2.69103 0.0312524 -0.999511 0.000964095
-45.8647 48.0149 -2.69099 0.0310801 -0.999516 0.00106719
-46.8664 47.9838 -2.69095 0.0308281 -0.999524 0.00113564
-46.7127 47.9874 -3.5879 0.0304305 -0.999536 0.00130744
-45.621 48.0213 -3.58795 0.0312528 -0.99951 0.001541
-44.6085 48.053 -3.588 0.031531 -0.999502 0.00125919
-43.5873 48.0858 -3.58805 0.0325989 -0.999467 0.00146646
-42.4021 48.1253 -3.5881 0.0338 -0.999428 0.000781559
-41.2763 48.1639 -3.58814 0.0344878 -0.999405 0.000252484
-40.0571 48.2059 -3.58818 0.0342683 -0.999413 -0.000286474
-39.521 48.2239 -3.58819 0.0334586 -0.99944 -0.000313386
-39.4217 48.2274 -4.48518 0.0337417 -0.999431 -4.47377e-05
-40.5307 48.1897 -4.48516 0.0345069 -0.999404 -8.26154e-05
-41.5654 48.1537 -4.48513 0.0348887 -0.999391 7.34439e-05
-42.6562 48.1159 -4.48508 0.0339631 -0.999423 0.000854522
-43.7053 48.0808 -4.48502 0.0324713 -0.999471 0.00180293
-44.8513 48.044 -4.48496 0.0317703 -0.999494 0.00161192
-45.9061 48.0109 -4.48489 0.0309753 -0.999519 0.00180333
-46.7964 47.9838 -4.48485 0.0297156 -0.999558 0.00106677
-46.7171 47.9848 -5.3818 0.029923 -0.99955 0.00195318
-45.6245 48.0182 -5.38187 0.0308392 -0.999523 0.00134891
-44.4413 48.0556 -5.38195 0.0319522 -0.999488 0.0016424
-43.3389 48.0917 -5.38203 0.0332827 -0.999445 0.00112805
-42.2765 48.1284 -5.3821 0.0350034 -0.999387 0.000682959
-41.1784 48.1671 -5.38215 0.0351788 -0.999381 0.000276995
-40.1064 48.2041 -5.38218 0.0338111 -0.999428 6.77022e-05
-39.5514 48.2228 -5.38218 0.0338265 -0.999428 0.000170206
-39.5001 48.2277 2.69068 0.0331799 -0.999449 0.000465381
-40.6824 48.1884 2.6907 0.0334299 -0.99944 0.00125879
-41.8988 48.1477 2.69072 0.0333156 -0.999444 0.00108808
-42.913 48.1139 2.69074 0.0330054 -0.999455 0.000948286
-43.9255 48.0811 2.69075 0.0316547 -0.999499 0.00069823
-44.9383 48.0491 2.69077 0.0317306 -0.999496 0.000718442
-46.09 48.0125 2.69078 0.0318538 -0.999492 0.000440457
-46.8899 47.9871 2.69079 0.0317176 -0.999497 0.00034853
-46.7717 47.9912 3.58775 0.0313058 -0.99951 0.000489885
-45.6081 48.0283 3.58774 0.0317302 -0.999496 0.000580762
-44.5279 48.0626 3.58773 0.0317697 -0.999495 0.000575913
-43.4763 48.0962 3.58772 0.0323583 -0.999476 0.000605454
-42.4488 48.1303 3.5877 0.0334932 -0.999438 0.00103204
-41.2433 48.1709 3.58769 0.0335501 -0.999436 0.00137713
-40.2423 48.2041 3.58767 0.0327284 -0.999464 0.00112421
-39.5338 48.2273 3.58766 0.032239 -0.99948 0.000855746
-39.4731 48.2302 4.48463 0.0320375 -0.999486 0.00146563
-40.5006 48.1968 4.48465 0.033357 -0.999443 0.000694927
-41.6337 48.1586 4.48467 0.0337813 -0.999429 0.000976665
-42.6524 48.1243 4.48469 0.0335069 -0.999438 0.000821708
-43.7293 48.0886 4.48469 0.0321065 -0.999484 0.000779071
-44.7319 48.0566 4.4847 0.0317036 -0.999497 0.000417071
-45.8863 48.0199 4.4847 0.0318198 -0.999494 0.000476267
-46.8722 47.9886 4.48471 0.0312229 -0.999512 0.00064616
-46.7833 47.9921 5.38166 0.030823 -0.999524 0.000868507
-45.5868 48.0298 5.38166 0.0317262 -0.999496 0.000511545
-44.4355 48.0664 5.38167 0.0320378 -0.999486 0.000720183
-43.2818 48.104 5.38167 0.0332473 -0.999447 0.00113855
-42.2487 48.1387 5.38166 0.0337703 -0.999429 0.00100733
-41.2405 48.1728 5.38165 0.0337281 -0.999431 0.000922735
-40.0874 48.2114 5.38163 0.0329156 -0.999458 0.0010183
-39.4735 48.2314 5.38161 0.032313 -0.999477 0.00140681
-39.4543 48.232 5.38161 0.0319973 -0.999487 0.00123902
