24.2682 48.7752 0.677363 -0.0606023 -0.998156 0.00353084
24.2942 48.78 1.86668 -0.0603638 -0.99815 0.00729587
24.3115 48.7871 3.03112 -0.0631139 -0.997982 0.00700847
24.3104 48.7945 4.1292 -0.0639687 -0.997924 0.0073905
24.3168 48.8033 5.3513 -0.0685708 -0.997627 0.00623657
24.7588 48.7765 6.06735 -0.0687372 -0.997626 0.00423771
25.7689 48.7058 6.08122 -0.0700231 -0.997542 0.00276621
26.7978 48.6333 6.10511 -0.0703614 -0.997517 0.00309932
27.8772 48.557 6.09058 -0.0714743 -0.997441 0.00185949
29.0015 48.4766 6.09618 -0.071883 -0.997413 -0.00103235
30.1882 48.3909 6.1189 -0.0720455 -0.997401 0.000525249
31.2345 48.3186 6.08516 -0.0672011 -0.997736 0.0027238
32.2717 48.2512 6.09343 -0.0640045 -0.997949 -0.000148269
32.6798 48.2236 5.21957 -0.0645993 -0.997909 0.0020502
32.7159 48.2178 4.21846 -0.0666195 -0.997767 0.00476199
32.7085 48.2152 3.15813 -0.067212 -0.997738 -0.000521053
32.701 48.2167 2.1114 -0.0674588 -0.997722 -0.000491437
32.7437 48.2135 0.994054 -0.0651658 -0.997874 0.000453387
32.7323 48.214 -0.0972508 -0.0625157 -0.998044 -0.000124531
32.7294 48.2136 -1.14222 -0.0638223 -0.997961 0.000931988
32.7127 48.2142 -2.21562 -0.0660756 -0.997814 -0.000886939
32.7002 48.2158 -3.25733 -0.066813 -0.997766 -7.52254e-05
32.6798 48.2169 -4.39689 -0.0671731 -0.997741 0.00105573
32.7148 48.2123 -5.41449 -0.0649439 -0.997885 0.0029413
32.2423 48.2415 -6.08976 -0.0652878 -0.997864 0.00224328
31.1369 48.3142 -6.06925 -0.0645989 -0.997908 0.00251428
30.0906 48.3818 -6.08883 -0.064757 -0.9979 0.00152549
29.0558 48.449 -6.11467 -0.0647559 -0.9979 0.00172519
27.8642 48.5261 -6.08653 -0.0645375 -0.997915 0.000632386
26.8414 48.5902 -6.0904 -0.0611104 -0.99813 0.00116514
25.6853 48.6619 -6.08829 -0.0641262 -0.997942 -0.000554227
24.6699 48.7285 -6.04271 -0.0650906 -0.997879 1.37468e-07
24.3426 48.7519 -5.18144 -0.0645329 -0.997903 0.00502309
24.287 48.7614 -4.09977 -0.0635679 -0.997967 0.00451683
24.2774 48.7663 -3.02064 -0.0641448 -0.99794 0.000626416
24.3001 48.7666 -2.01943 -0.0624153 -0.998048 0.000381902
24.3069 48.768 -0.956586 -0.0622444 -0.998059 0.00189463
24.285 48.7722 0.091561 -0.0617125 -0.998088 0.00338837
24.2691 48.7748 0.585526 -0.0607086 -0.998151 0.00314832
23.3287 48.8323 0.596273 -0.0608917 -0.998137 0.00377636
23.3623 48.827 -0.512371 -0.0599191 -0.998199 0.00289971
23.3634 48.8232 -1.61465 -0.0588245 -0.998264 0.0027872
23.3488 48.822 -2.70422 -0.0562627 -0.998416 0.000972384
23.3404 48.8208 -3.80866 -0.0535241 -0.998562 0.0029002
23.3644 48.812 -4.8829 -0.0568921 -0.998354 0.00727802
23.3788 48.8065 -6.01252 -0.0570286 -0.998371 0.00191708
23.5711 48.7944 -7.01661 -0.0571266 -0.998366 0.00111847
24.6129 48.732 -7.03767 -0.0628003 -0.998026 0.000188677
25.755 48.6576 -7.04499 -0.0645117 -0.997917 -0.000123972
26.7713 48.5937 -7.04259 -0.0611463 -0.998128 0.00088902
27.8173 48.5278 -7.03786 -0.0646285 -0.997907 0.00212521
28.9041 48.4568 -7.04353 -0.0648943 -0.997889 0.00233514
29.9854 48.3869 -7.03766 -0.0644589 -0.997918 0.00233428
31.0101 48.3203 -7.03571 -0.0649633 -0.997885 0.00217054
32.1752 48.2444 -7.05431 -0.064598 -0.99791 0.00151558
33.3551 48.1696 -7.04352 -0.0628555 -0.998022 0.000832306
33.6764 48.1501 -6.2124 -0.0624617 -0.998047 0.000913777
33.6586 48.152 -5.0893 -0.0639716 -0.997951 0.000972952
33.6538 48.1523 -4.0265 -0.0650601 -0.997881 -0.000754645
33.6533 48.1523 -2.94328 -0.0661442 -0.99781 -0.000100149
33.6739 48.1521 -1.85103 -0.0636158 -0.997972 0.00226251
33.6742 48.1546 -0.800727 -0.0625628 -0.99804 0.00161974
33.6653 48.1554 0.201704 -0.0621813 -0.998064 -0.00127676
33.6685 48.1536 1.22078 -0.0637907 -0.997962 -0.00049305
33.657 48.1528 2.28058 -0.0660698 -0.997814 -0.00162542
33.6718 48.1513 3.44881 -0.0662839 -0.997799 0.00200113
33.6596 48.1564 4.54449 -0.0684502 -0.997648 0.00365764
33.6367 48.1614 5.57703 -0.0676593 -0.997705 0.00265805
33.6813 48.1618 6.61094 -0.0638249 -0.997959 0.00185053
32.9046 48.2113 7.04127 -0.0629226 -0.998018 0.000246421
31.798 48.283 7.06974 -0.067286 -0.997733 0.00082163
30.8006 48.3502 7.05949 -0.0657802 -0.997829 0.0026827
29.7334 48.423 7.06318 -0.0708486 -0.997486 -0.00120913
28.5902 48.5061 7.04503 -0.0733552 -0.997305 0.0011581
27.4049 48.5929 7.0484 -0.0723538 -0.997376 0.00237355
26.2115 48.678 7.05217 -0.0694464 -0.99758 0.00327245
25.1583 48.7504 7.04763 -0.0683753 -0.997658 0.00195004
24.1328 48.8206 7.056 -0.0664741 -0.997787 0.00122714
23.3616 48.8709 6.50641 -0.0609629 -0.998138 0.00223946
23.3385 48.8664 5.43043 -0.0611715 -0.998103 0.00688589
23.3443 48.8571 4.37792 -0.0617478 -0.998059 0.00812428
23.3538 48.8488 3.34042 -0.0614658 -0.998084 0.00710507
23.3635 48.8409 2.3407 -0.0619186 -0.998046 0.00831292
23.3476 48.8339 1.24064 -0.062142 -0.998052 0.00561587
23.3312 48.8328 0.750532 -0.0608891 -0.998137 0.00376741
24.7808 48.7447 0.896263 -0.0609305 -0.998134 0.00396798
25.8638 48.6749 0.896545 -0.0658276 -0.997813 0.00591315
26.8693 48.6082 0.896785 -0.0664368 -0.997778 0.00496553
27.9499 48.5352 0.89699 -0.0684703 -0.997643 0.00441613
29.0493 48.4595 0.897165 -0.070122 -0.997535 0.00247631
30.0555 48.3912 0.897308 -0.0652179 -0.997871 -0.00103894
31.073 48.3246 0.897414 -0.0658289 -0.99783 0.00111378
32.1432 48.2531 0.897479 -0.0665833 -0.99778 0.00146593
32.2079 48.2488 0.897481 -0.0665756 -0.99778 0.0014628
32.1069 48.2542 0.00041966 -0.0665339 -0.997783 0.00117238
31.0109 48.3281 0.000345938 -0.0672807 -0.997734 0.000196552
29.9836 48.3959 0.000234378 -0.065578 -0.997847 0.000815804
28.9465 48.4651 8.74875e-05 -0.06719 -0.997739 0.001441
27.754 48.5444 -8.66524e-05 -0.0661034 -0.997808 0.00300072
26.6181 48.621 -0.000305458 -0.0664776 -0.997777 0.00468785
25.5473 48.6909 -0.00053296 -0.0654427 -0.997844 0.00488031
24.8065 48.7392 -0.000708621 -0.0644362 -0.997913 0.00426129
24.799 48.7368 -0.897683 -0.0656773 -0.997838 0.00225872
25.8914 48.6653 -0.897458 -0.0643907 -0.99792 0.00303384
26.8979 48.599 -0.897267 -0.0666267 -0.997775 0.00235905
28.0388 48.5233 -0.897072 -0.0653353 -0.997859 0.00281909
29.1009 48.4534 -0.89692 -0.0664183 -0.997791 0.00101078
30.1068 48.3871 -0.896793 -0.064886 -0.997892 0.000927877
31.269 48.3106 -0.896686 -0.0668611 -0.997762 -0.00021476
32.1591 48.2508 -0.896621 -0.0659583 -0.997822 0.000639601
32.1922 48.2487 -1.79364 -0.0668848 -0.997761 -5.09745e-05
31.1204 48.3211 -1.79373 -0.0647689 -0.9979 9.60575e-05
30.1054 48.3871 -1.79382 -0.0648211 -0.997897 -3.28744e-05
29.1032 48.4524 -1.79395 -0.0642743 -0.997931 0.00135778
28.0635 48.5197 -1.79408 -0.064933 -0.997889 0.00130113
27.0526 48.5866 -1.79424 -0.066429 -0.99779 0.00161806
25.8715 48.6642 -1.79444 -0.0653639 -0.997858 0.00262766
24.7889 48.7355 -1.79464 -0.0647234 -0.997901 0.00197378
24.8374 48.7313 -2.69158 -0.0666965 -0.997772 0.00173724
25.9304 48.6578 -2.69139 -0.0650459 -0.997879 0.00250522
27.0258 48.5867 -2.69122 -0.0649031 -0.997889 0.00225175
28.1261 48.514 -2.69107 -0.0655708 -0.997847 0.00109834
29.2448 48.4423 -2.69093 -0.0638772 -0.997955 0.00248281
30.287 48.3754 -2.69083 -0.0633288 -0.997993 6.46969e-05
31.4236 48.3009 -2.69073 -0.0672291 -0.997738 -0.000183619
32.2227 48.2472 -2.69067 -0.0671352 -0.997744 -0.000491102
32.1661 48.2516 -3.58769 -0.0667087 -0.997772 -4.11196e-05
30.9595 48.3315 -3.58778 -0.0636336 -0.997973 0.000477206
29.9514 48.3953 -3.58786 -0.0629884 -0.998009 0.00311288
28.9531 48.4587 -3.58796 -0.0641134 -0.997941 0.00180493
27.943 48.5239 -3.58807 -0.0648494 -0.997891 0.00281128
26.8534 48.595 -3.58822 -0.0648196 -0.99789 0.00366554
25.8438 48.661 -3.58836 -0.0660942 -0.997809 0.00293528
24.9294 48.7221 -3.58851 -0.0671205 -0.997738 0.00376428
24.976 48.7147 -4.48539 -0.0659875 -0.997802 0.00612034
26.0618 48.6432 -4.48524 -0.0661372 -0.9978 0.00460893
27.132 48.5737 -4.48513 -0.0647029 -0.997903 0.00191544
28.2485 48.5024 -4.48502 -0.0634736 -0.997982 0.00147691
29.3005 48.4348 -4.48492 -0.0642904 -0.99793 0.00138431
30.3891 48.3651 -4.48483 -0.063368 -0.997987 0.00241347
31.4252 48.2995 -4.48475 -0.0641943 -0.997935 0.00228989
32.0364 48.2597 -4.48471 -0.0660999 -0.997809 0.00265016
32.0007 48.2592 -5.38169 -0.0659848 -0.997816 0.00309341
30.9218 48.3297 -5.38178 -0.0632496 -0.997996 0.00186057
29.8678 48.3972 -5.38186 -0.0645357 -0.997915 0.000898447
28.8306 48.4644 -5.38194 -0.0643877 -0.997925 0.000492442
27.6649 48.5391 -5.38204 -0.0633732 -0.99799 0.000149764
26.6572 48.6022 -5.38212 -0.0625431 -0.998042 0.000579222
25.5577 48.6715 -5.3822 -0.0648229 -0.997888 0.00425711
24.8793 48.7161 -5.38227 -0.066316 -0.997791 0.00399714
24.8898 48.7429 1.79331 -0.0616194 -0.998086 0.00527961
25.9115 48.6769 1.79359 -0.0654352 -0.99784 0.00573593
27.1042 48.5975 1.79388 -0.0670269 -0.997734 0.00591878
28.1473 48.5262 1.79409 -0.0696294 -0.997561 0.00477962
29.1621 48.454 1.79429 -0.070493 -0.997503 0.0041855
30.3424 48.3724 1.79444 -0.0652931 -0.997865 0.00156129
31.4767 48.2986 1.79453 -0.0664239 -0.997791 0.000543943
32.0243 48.2621 1.79456 -0.0662715 -0.997802 0.000346236
32.1414 48.254 2.6917 -0.0675121 -0.997718 -0.0010059
31.1201 48.3217 2.69163 -0.0664773 -0.997787 0.00113687
30.0608 48.3946 2.69151 -0.0708325 -0.99748 0.00408668
28.9097 48.4758 2.69135 -0.0700234 -0.997534 0.00467333
27.8076 48.5531 2.69113 -0.0701852 -0.997527 0.00377045
26.7725 48.6248 2.69089 -0.0675549 -0.997702 0.00515194
25.695 48.6964 2.69058 -0.0650236 -0.997866 0.00594854
24.876 48.7492 2.69033 -0.064009 -0.997933 0.00570029
24.8549 48.756 3.58742 -0.064427 -0.997903 0.00628234
25.9165 48.6866 3.58776 -0.0671392 -0.997738 0.00335297
26.9702 48.6143 3.58805 -0.0694264 -0.997583 0.00286948
28.0445 48.5389 3.58832 -0.0693727 -0.997587 0.0028391
29.1989 48.4596 3.58851 -0.0691475 -0.997596 0.00459396
30.2418 48.3847 3.58868 -0.072588 -0.997359 0.00229063
31.2933 48.3106 3.58879 -0.06724 -0.997737 -0.00022355
32.2322 48.2479 3.58887 -0.0671037 -0.997745 0.00132744
32.0741 48.2606 4.48602 -0.0637845 -0.997958 0.00333681
30.977 48.3326 4.48592 -0.0698748 -0.997555 -0.00106977
29.7549 48.422 4.48577 -0.0740494 -0.997254 0.00125876
28.7531 48.4939 4.48563 -0.0672588 -0.997731 0.00307333
27.7461 48.5626 4.48543 -0.0681055 -0.997674 0.00275627
26.59 48.6428 4.48512 -0.069467 -0.997582 0.00223239
25.4524 48.7216 4.48475 -0.0682991 -0.997654 0.00473876
24.8421 48.7626 4.48452 -0.0661984 -0.997777 0.00769946
24.9673 48.7594 5.38173 -0.0685414 -0.997642 0.00353336
26.1057 48.6794 5.38216 -0.0707612 -0.997486 0.0037457
27.1648 48.6053 5.3825 -0.0689617 -0.997615 0.00306408
28.185 48.5347 5.38276 -0.0693442 -0.997593 0.000564776
29.1962 48.4629 5.38294 -0.0729265 -0.997337 6.6406e-05
30.3126 48.3811 5.38305 -0.0724739 -0.99737 0.000250088
31.369 48.3081 5.38314 -0.0652339 -0.997866 0.00285338
32.0937 48.2617 5.38319 -0.0630643 -0.998008 0.0018019
32.1582 48.2576 5.3832 -0.0637634 -0.997963 0.00201527
