24.4084 49.9939 3.08482 -0.0705859 -0.997502 0.00276359
24.4527 49.9879 2.02867 -0.0722193 -0.997385 0.00288034
24.4511 49.9841 0.978344 -0.0729599 -0.997322 0.00500539
24.437 49.98 -0.1654 -0.0710025 -0.99747 0.00354941
24.4454 49.9749 -1.31317 -0.0701659 -0.997523 0.00497815
24.4651 49.9689 -2.31471 -0.0675781 -0.997704 0.00437471
24.4663 49.9643 -3.3257 -0.0654223 -0.997842 0.00560615
24.4484 49.9587 -4.42791 -0.0643829 -0.997909 0.0056381
24.4531 49.9549 -5.56322 -0.0603964 -0.998174 0.000973247
25.0831 49.9146 -6.09498 -0.0669896 -0.997754 -0.00025119
26.1835 49.8373 -6.12963 -0.0690322 -0.997614 0.000697462
27.2533 49.7629 -6.10874 -0.0692126 -0.9976 0.00204181
28.2773 49.6905 -6.11426 -0.0714762 -0.997437 0.00315771
29.309 49.6168 -6.10672 -0.0696297 -0.997571 0.00211012
30.3282 49.5451 -6.12693 -0.0703471 -0.997518 0.00289141
31.3952 49.4693 -6.13611 -0.071982 -0.997403 0.00252163
32.5448 49.3876 -6.08302 -0.0698851 -0.997535 0.00632397
32.8105 49.3724 -5.22713 -0.0708868 -0.997483 0.00103591
32.8386 49.3698 -4.12232 -0.0716246 -0.997431 -0.000596105
32.8444 49.3702 -3.09342 -0.0711613 -0.997462 0.00256185
32.8267 49.373 -1.93372 -0.0695657 -0.997577 5.25423e-05
32.8951 49.368 -0.859804 -0.0701845 -0.997533 -0.00126722
32.8787 49.3682 0.25762 -0.0722511 -0.997386 0.00125557
32.8601 49.3708 1.33564 -0.067646 -0.997709 0.000691137
32.8272 49.3715 2.48218 -0.0690149 -0.997614 -0.00158066
32.8569 49.3682 3.49134 -0.0690336 -0.997614 -0.00122999
32.8595 49.3665 4.50534 -0.0705773 -0.997505 -0.00129492
32.8297 49.3698 5.52857 -0.0718064 -0.997411 0.00369759
32.2193 49.4164 6.10324 -0.0750055 -0.997178 0.00316828
31.1935 49.4935 6.10624 -0.074853 -0.997195 7.63292e-05
30.1659 49.5722 6.06924 -0.0770665 -0.997026 1.06512e-05
29.1263 49.6542 6.08653 -0.0788045 -0.996889 0.00119496
28.0955 49.7334 6.12612 -0.0762104 -0.997089 0.00214251
27.0115 49.817 6.11852 -0.0771463 -0.997019 0.00135077
25.9627 49.8974 6.07419 -0.0756328 -0.997131 0.00299997
24.9296 49.9748 6.07783 -0.074738 -0.997198 0.00330144
24.4962 50.0049 5.3394 -0.0741411 -0.997239 0.0040886
24.4501 49.9991 4.18286 -0.0698605 -0.9975 0.0106415
24.4124 49.9941 3.26576 -0.071874 -0.997398 0.00502419
23.4685 50.0646 3.25127 -0.0776108 -0.996968 0.00531542
23.5166 50.0697 4.41275 -0.0754621 -0.997093 0.0105389
23.5513 50.0767 5.56584 -0.0761428 -0.997084 0.00507446
23.5574 50.0804 6.63055 -0.0758846 -0.99711 0.00367827
24.3996 50.0181 7.06222 -0.074712 -0.9972 0.00329653
25.4496 49.9399 7.04863 -0.0747278 -0.997196 0.00398982
26.4809 49.86 7.0422 -0.0787069 -0.996895 0.00247814
27.4777 49.7818 7.06544 -0.0770541 -0.997026 0.000931599
28.4885 49.7059 7.05379 -0.0742459 -0.997238 0.00217521
29.5478 49.6221 7.02617 -0.0816034 -0.996663 0.00207409
30.5719 49.5406 7.03683 -0.0759237 -0.997113 0.000260338
31.6144 49.4632 7.05769 -0.0729569 -0.997334 0.00118001
32.6338 49.39 7.04542 -0.0696563 -0.997562 0.00412331
33.7323 49.3125 6.91523 -0.0710223 -0.997465 0.00429608
33.77 49.3044 5.81306 -0.0698363 -0.997545 0.00515157
33.7913 49.3 4.71383 -0.0700452 -0.997544 -2.10268e-05
33.7984 49.3011 3.58181 -0.0752924 -0.997161 -0.00129648
33.7691 49.3046 2.57245 -0.0728989 -0.997333 -0.00364119
33.7924 49.3066 1.5424 -0.0709176 -0.99748 -0.00134885
33.7968 49.3062 0.427694 -0.0646847 -0.997906 0.000337128
33.8241 49.304 -0.756854 -0.0648777 -0.997893 0.000281812
33.7864 49.3064 -1.81298 -0.0694156 -0.997587 0.00144989
33.7819 49.3041 -2.98309 -0.0713361 -0.997444 0.00397769
33.8047 49.301 -4.05352 -0.0693155 -0.997591 -0.00287561
33.7721 49.3035 -5.19691 -0.075543 -0.997141 0.00184243
33.8147 49.2968 -6.21884 -0.0726948 -0.99735 0.00303529
33.463 49.3186 -7.031 -0.0694833 -0.997578 0.00276699
32.4646 49.3874 -7.05652 -0.0702963 -0.997512 0.00528885
31.3753 49.468 -7.07124 -0.0724459 -0.997365 0.00378708
30.2802 49.5448 -7.07584 -0.0676526 -0.997685 0.00684079
29.2271 49.621 -7.06103 -0.0716814 -0.997426 -0.000314728
28.1748 49.6947 -7.07403 -0.0675602 -0.997706 0.00428373
27.0175 49.7779 -7.05639 -0.0723584 -0.997377 0.00206597
25.9996 49.8508 -7.08034 -0.0694528 -0.997585 -0.00107092
24.9928 49.9197 -7.0597 -0.0668728 -0.997761 -0.000441087
23.962 49.9857 -7.05231 -0.0632888 -0.997995 -0.000821413
23.5051 50.0148 -6.22997 -0.0654191 -0.997858 0.000597341
23.4906 50.0182 -5.19974 -0.0698786 -0.997545 0.00444295
23.4901 50.0236 -4.19917 -0.068326 -0.997643 0.00624002
23.5337 50.0276 -3.00365 -0.0662572 -0.997786 0.00582904
23.4938 50.037 -1.91764 -0.067659 -0.997683 0.00706861
23.511 50.0423 -0.765548 -0.0686285 -0.997633 0.00437306
23.4938 50.0485 0.247314 -0.0688643 -0.997611 0.00556621
23.5081 50.0528 1.25848 -0.0698217 -0.997543 0.0057946
23.5018 50.058 2.34598 -0.0717693 -0.997412 0.00416386
23.4717 50.0635 3.01054 -0.0756093 -0.997124 0.00488611
24.964 49.9529 2.68965 -0.0730511 -0.997321 0.00387389
25.9819 49.8804 2.69 -0.0736272 -0.997276 0.0045167
27.0126 49.8037 2.6903 -0.0739115 -0.997255 0.00433864
28.0354 49.7288 2.69055 -0.0735424 -0.997283 0.00422954
29.1124 49.6488 2.69075 -0.0742487 -0.997235 0.00297314
30.2514 49.5612 2.69088 -0.0766183 -0.99706 -0.000272945
31.3297 49.4783 2.69097 -0.0747947 -0.997198 0.000983089
32.3412 49.405 2.69099 -0.0700368 -0.997544 -0.000644016
32.3295 49.4068 1.79387 -0.0693436 -0.997592 -0.00136564
31.2633 49.4833 1.79385 -0.0758594 -0.997118 0.000289301
30.034 49.5768 1.79373 -0.075621 -0.997128 0.00420703
29.0273 49.6517 1.79361 -0.073801 -0.997264 0.00431567
27.9276 49.7326 1.79339 -0.0724214 -0.997366 0.00406668
26.8921 49.8091 1.79315 -0.0739914 -0.997251 0.00391158
25.836 49.8867 1.79284 -0.0724683 -0.997362 0.00415093
25.0188 49.946 1.79256 -0.0727606 -0.997346 0.00276278
25.0585 49.9396 0.895517 -0.0721912 -0.997383 0.00397451
26.0846 49.8653 0.895839 -0.0723144 -0.997376 0.00333215
27.1693 49.7859 0.896133 -0.0727286 -0.997349 0.00246268
28.2229 49.7078 0.896372 -0.0748433 -0.997194 0.00176542
29.2315 49.6331 0.896552 -0.0730313 -0.997323 0.00363649
30.4063 49.5473 0.8967 -0.0735517 -0.99729 0.00186326
31.497 49.4666 0.896794 -0.0727915 -0.997347 -0.000659146
32.2903 49.4098 0.896825 -0.069928 -0.997552 0.000952107
32.3755 49.4037 -0.00018274 -0.0716278 -0.997431 -0.00100218
31.1787 49.4901 -0.000267554 -0.0704857 -0.997513 -0.000491932
30.1343 49.566 -0.00038443 -0.0730256 -0.99733 0.000836513
29.0477 49.6443 -0.000549617 -0.0729928 -0.997332 0.00124551
27.9575 49.7259 -0.00075547 -0.0738845 -0.997258 0.00427659
26.9073 49.8025 -0.000984913 -0.072766 -0.997344 0.00330899
25.8665 49.8781 -0.00125665 -0.0722618 -0.99738 0.00350181
24.938 49.9449 -0.00154161 -0.0713579 -0.997445 0.00337223
25.0045 49.937 -0.898508 -0.0708416 -0.997482 0.00331154
26.038 49.8626 -0.898217 -0.0719034 -0.997409 0.00246685
27.0916 49.7859 -0.897956 -0.0727826 -0.997345 0.0024512
28.1565 49.7085 -0.897742 -0.0731202 -0.997321 0.00216962
29.2929 49.625 -0.897537 -0.071452 -0.997444 0.000599475
30.3931 49.5472 -0.897383 -0.0714055 -0.997447 -0.000881145
31.5822 49.4616 -0.897233 -0.0713576 -0.997451 0.000569699
32.4039 49.4029 -0.89716 -0.0717453 -0.997423 -0.000133407
32.3002 49.4098 -1.79414 -0.0702258 -0.99753 0.00139072
31.2842 49.4825 -1.79426 -0.0721921 -0.99739 0.000838529
30.265 49.556 -1.79441 -0.0714598 -0.997442 0.00164657
29.1779 49.6327 -1.79457 -0.0723886 -0.997376 0.0001631
27.977 49.7207 -1.79478 -0.0720491 -0.997401 0.00105887
26.8896 49.799 -1.795 -0.0733264 -0.997308 0.000509293
25.8701 49.873 -1.79524 -0.0714858 -0.99744 0.00160261
25.0219 49.9329 -1.79547 -0.0698664 -0.99755 0.00357401
24.9981 49.9321 -2.69241 -0.0664055 -0.997784 0.00419642
26.0931 49.8561 -2.69215 -0.0717896 -0.997418 0.00165605
27.1029 49.7823 -2.69193 -0.0721909 -0.997389 0.00200618
28.1128 49.7099 -2.69174 -0.0725884 -0.997359 0.00227002
29.3259 49.6217 -2.69154 -0.0721858 -0.99739 -0.00152234
30.4931 49.5385 -2.69136 -0.0724284 -0.997373 0.000850431
31.6473 49.4551 -2.6912 -0.0715584 -0.997436 0.000386745
32.3538 49.4056 -2.6911 -0.0703104 -0.997524 0.00125128
32.1937 49.4162 -3.58809 -0.0703614 -0.997521 0.000734005
31.1645 49.4892 -3.58823 -0.0726796 -0.997355 0.000347866
30.1647 49.5626 -3.58839 -0.0723788 -0.997377 0.000440801
29.1641 49.634 -3.58856 -0.0701701 -0.997535 0.000111347
28.1104 49.7083 -3.58872 -0.0705488 -0.997507 0.00131983
26.9535 49.7914 -3.58891 -0.0719092 -0.997409 0.00197209
25.9389 49.8635 -3.58911 -0.0689749 -0.997609 0.00433692
25.1511 49.9172 -3.58925 -0.0676296 -0.997697 0.00515786
24.9685 49.9247 -4.48615 -0.064721 -0.99789 0.00524483
26.1047 49.8486 -4.48598 -0.0689007 -0.997608 0.00551655
27.1877 49.7726 -4.48582 -0.0699484 -0.997544 0.0036613
28.2311 49.6987 -4.48567 -0.0702033 -0.997532 0.00109816
29.2986 49.6237 -4.48551 -0.0688502 -0.997618 0.00431792
30.3516 49.5477 -4.48534 -0.0729701 -0.997331 0.00237871
31.3986 49.472 -4.48517 -0.0709565 -0.997479 0.000957283
32.2389 49.4125 -4.48504 -0.0704057 -0.997518 0.000472079
32.1576 49.4176 -5.38202 -0.0683217 -0.997661 0.00208663
31.1189 49.4905 -5.3822 -0.071104 -0.997467 0.00169428
30.1034 49.5632 -5.38236 -0.0711223 -0.997464 0.00251746
29.0134 49.64 -5.38252 -0.0708287 -0.997478 0.00447715
27.9739 49.7148 -5.38267 -0.0716057 -0.997428 0.00302359
26.8708 49.7906 -5.38279 -0.0681727 -0.997663 0.00465115
25.6843 49.8743 -5.3829 -0.0701201 -0.99753 0.00421642
24.9937 49.9213 -5.38299 -0.0655883 -0.997847 0.000563812
24.9242 49.9607 3.5868 -0.0689293 -0.997595 0.00722285
26.0008 49.883 3.58717 -0.0752992 -0.997152 0.00428024
27.0291 49.806 3.58748 -0.0738801 -0.99726 0.00376876
28.0379 49.732 3.58772 -0.074982 -0.99718 0.00307479
29.1217 49.6495 3.58791 -0.0771331 -0.997015 0.00350592
30.1598 49.569 3.58805 -0.0763789 -0.997076 0.00253595
31.2109 49.4881 3.58813 -0.0777154 -0.996975 0.00055268
32.1905 49.4146 3.58819 -0.0718201 -0.997417 -0.00132918
32.2399 49.4109 4.48538 -0.0733955 -0.997302 0.00109099
31.1929 49.4914 4.48533 -0.0777312 -0.99697 0.00296864
30.1255 49.5745 4.48526 -0.0783135 -0.996923 0.00335592
29.1216 49.6524 4.48513 -0.0772574 -0.997007 0.00295964
28.0746 49.7314 4.48494 -0.073042 -0.997326 0.00240314
27.0385 49.8087 4.4847 -0.0744252 -0.997214 0.00506267
26.028 49.8852 4.4844 -0.076408 -0.997064 0.0050664
25.0813 49.9568 4.48406 -0.0710878 -0.997441 0.00767902
25.1619 49.9551 5.38137 -0.0748996 -0.997186 0.00332028
26.3053 49.8687 5.38175 -0.0748849 -0.99718 0.00502697
27.3157 49.7921 5.38204 -0.0763586 -0.997069 0.00466762
28.4541 49.7049 5.38228 -0.0759531 -0.99711 0.00179426
29.5266 49.6225 5.38245 -0.0780871 -0.996947 -9.17009e-05
30.547 49.543 5.38253 -0.077373 -0.997002 -0.000689662
31.5777 49.4634 5.38257 -0.0763634 -0.997078 0.00215773
32.2616 49.411 5.38258 -0.0763811 -0.997076 0.00211385
32.3357 49.4053 5.38259 -0.0757815 -0.997122 0.00233364
