24.4796 56.124 2.85632 -0.117767 -0.993041 -0.000690536
24.518 56.1199 3.90126 -0.117372 -0.993087 0.00109882
24.5201 56.1208 5.02951 -0.119171 -0.992874 0.000578675
24.6621 56.1035 6.03792 -0.119844 -0.992792 -0.00130484
25.7943 55.9712 6.0579 -0.114153 -0.993461 0.00189076
26.7926 55.8564 6.05249 -0.11342 -0.993545 0.0021701
27.8235 55.7399 6.09713 -0.111226 -0.993795 0.00103869
28.8393 55.6276 6.07743 -0.108051 -0.994143 0.00221798
29.9173 55.5094 6.09775 -0.110022 -0.993927 0.00201703
30.9128 55.3989 6.05417 -0.109677 -0.993965 0.001903
31.9323 55.2882 6.06703 -0.106638 -0.994298 0.000314513
32.9456 55.1814 5.93364 -0.102965 -0.994684 0.00124277
33.0042 55.1742 4.83896 -0.104145 -0.994561 0.00106874
32.993 55.1731 3.63048 -0.104474 -0.994524 0.0027077
33.0022 55.167 2.6208 -0.106211 -0.994326 0.00586257
33.0195 55.1586 1.46439 -0.109343 -0.993991 0.0050323
32.9805 55.1598 0.383871 -0.110067 -0.993924 -0.000255825
32.9971 55.1559 -0.747253 -0.104643 -0.994507 0.00243328
33.0243 55.151 -1.82393 -0.103542 -0.994624 0.000473448
32.9833 55.1544 -2.83375 -0.105885 -0.994377 0.00183922
33.0196 55.1488 -4.01233 -0.10464 -0.994508 0.00167724
32.9817 55.1518 -5.05401 -0.105088 -0.994462 -0.00102323
32.8472 55.1676 -6.0547 -0.106438 -0.994319 0.000154392
31.762 55.2853 -6.09649 -0.107577 -0.994195 0.00199762
30.7347 55.3971 -6.07872 -0.107056 -0.994251 0.00198316
29.6921 55.5107 -6.09377 -0.10943 -0.993992 0.00244878
28.5806 55.6326 -6.08678 -0.108332 -0.994114 0.00105321
27.4591 55.758 -6.11257 -0.113693 -0.993516 0.000575605
26.453 55.8751 -6.07862 -0.115604 -0.993294 0.00164684
25.3237 56.0053 -6.05342 -0.114216 -0.993452 0.00269119
24.5375 56.0978 -5.6535 -0.11689 -0.993141 0.00264625
24.52 56.1036 -4.57201 -0.115859 -0.993261 0.00310204
24.4919 56.1105 -3.51809 -0.116748 -0.993154 0.0039874
24.5209 56.1119 -2.49166 -0.119697 -0.992799 0.00476094
24.4938 56.1202 -1.3302 -0.119911 -0.99278 0.00286831
24.491 56.1227 -0.272463 -0.119915 -0.992784 0.000544824
24.5173 56.1175 0.90029 -0.11666 -0.993171 -0.00141662
24.5119 56.1199 2.01017 -0.119648 -0.992815 0.00160106
24.4799 56.1241 2.76806 -0.11862 -0.992939 -0.000716478
23.5364 56.2374 2.75569 -0.118344 -0.992965 -0.00392922
23.5671 56.2349 1.69115 -0.124267 -0.992248 0.00126719
23.5581 56.2344 0.609451 -0.124945 -0.992156 -0.00209781
23.5478 56.2362 -0.538791 -0.11755 -0.993058 0.00429171
23.5481 56.2321 -1.58878 -0.117219 -0.993098 0.00390491
23.5663 56.2251 -2.63137 -0.115907 -0.993244 0.00566243
23.5307 56.2233 -3.66896 -0.119027 -0.992881 0.00438882
23.5523 56.2178 -4.80317 -0.119766 -0.992798 0.00283905
23.5573 56.2146 -5.8681 -0.119986 -0.992773 0.00215288
23.6174 56.2045 -6.93383 -0.119946 -0.992774 0.00344588
24.6225 56.0841 -7.03206 -0.117427 -0.993077 0.00291028
25.6426 55.965 -7.02678 -0.114579 -0.993407 0.00369931
26.747 55.8389 -7.04349 -0.112504 -0.993649 0.00196548
27.9296 55.7054 -7.06374 -0.11215 -0.993691 -0.00113254
29.0303 55.5817 -7.03981 -0.111828 -0.993724 0.00274414
30.0879 55.464 -7.06015 -0.108654 -0.99407 0.0043822
31.1869 55.3448 -7.05248 -0.107851 -0.994161 0.00334839
32.2286 55.2317 -7.06348 -0.107271 -0.994224 0.00339978
33.4078 55.1081 -7.05108 -0.10266 -0.994711 0.00321988
33.9699 55.0522 -6.3928 -0.0993391 -0.995049 0.00263367
33.9511 55.053 -5.3361 -0.0976021 -0.995225 -0.000627473
33.9612 55.0526 -4.31875 -0.0989857 -0.995087 0.00196108
33.9444 55.0556 -3.29104 -0.0993885 -0.995047 0.00189114
33.9607 55.0554 -2.17293 -0.0988678 -0.9951 0.00055925
33.9436 55.0583 -1.14725 -0.100164 -0.994971 0.000749828
33.9384 55.0591 -0.117244 -0.100756 -0.994911 -0.00109124
33.9491 55.0575 0.937197 -0.104243 -0.99455 -0.00177512
33.9824 55.057 1.98614 -0.106409 -0.994304 0.00608204
33.934 55.0712 3.0934 -0.105184 -0.994422 0.00784498
33.9612 55.0732 4.18834 -0.101744 -0.994808 0.00214513
33.9559 55.0773 5.34144 -0.0995232 -0.995031 0.00296722
33.9711 55.0784 6.35423 -0.0987776 -0.995106 0.00257356
33.4548 55.1319 7.04124 -0.100372 -0.994946 0.00292383
32.4489 55.2356 7.04344 -0.104423 -0.994523 0.0043599
31.4506 55.3416 7.04945 -0.107996 -0.99415 0.00155228
30.2656 55.4723 7.07043 -0.111525 -0.993761 0.0010428
29.083 55.6028 7.0253 -0.108767 -0.994066 0.00153506
28.0032 55.7208 7.05605 -0.111159 -0.9938 0.00172979
26.9222 55.8441 7.03302 -0.114264 -0.993447 0.00274118
25.8517 55.9671 7.03301 -0.113894 -0.993488 0.0031754
24.8072 56.0865 7.06155 -0.115851 -0.993263 0.000300782
23.6884 56.2216 6.99132 -0.120571 -0.992703 0.00175673
23.5725 56.2355 5.83955 -0.120428 -0.992722 -5.71245e-05
23.5654 56.2347 4.69535 -0.119548 -0.992824 0.00294381
23.5543 56.234 3.6331 -0.118249 -0.992984 0.000740692
23.5369 56.237 2.85136 -0.118348 -0.992964 -0.00393831
24.9837 56.0647 2.69095 -0.11601 -0.993248 1.68333e-05
26.0758 55.9393 2.69095 -0.114365 -0.993437 0.00208518
27.1318 55.8157 2.69095 -0.1163 -0.993212 0.00224311
28.193 55.6935 2.691 -0.110305 -0.993897 0.000852877
29.2244 55.5782 2.69106 -0.111308 -0.993783 0.00232236
30.2282 55.4661 2.69114 -0.11083 -0.993832 0.00383804
31.3072 55.3477 2.69126 -0.107533 -0.994193 0.00403955
32.3746 55.2339 2.69146 -0.105323 -0.994434 0.00300897
32.4398 55.227 2.69147 -0.104734 -0.994493 0.00384026
32.4355 55.2239 1.79417 -0.107917 -0.99415 0.00432096
31.403 55.335 1.79402 -0.107471 -0.994208 0.00104048
30.196 55.4671 1.79383 -0.110148 -0.993914 0.00130667
29.0282 55.5981 1.79371 -0.112047 -0.9937 0.00256198
27.9616 55.7185 1.79357 -0.112185 -0.993686 0.00156655
26.8457 55.8471 1.79348 -0.116478 -0.99319 0.00239129
25.8192 55.9673 1.79338 -0.1155 -0.993305 0.00234279
25.1628 56.0434 1.79333 -0.115303 -0.99333 0.00117763
24.9987 56.0612 0.895668 -0.11476 -0.993393 0.000596262
26.0095 55.9431 0.895844 -0.117428 -0.993078 0.00270426
27.0923 55.816 0.896017 -0.114834 -0.993381 0.00288801
28.2086 55.6882 0.896181 -0.112725 -0.993621 0.00325016
29.2812 55.5672 0.896373 -0.11081 -0.993836 0.00319239
30.3331 55.4511 0.896539 -0.108666 -0.994078 0.000386474
31.4348 55.3307 0.896707 -0.109633 -0.993972 0.000610555
32.444 55.2198 0.896884 -0.109486 -0.993985 0.00260637
32.483 55.2155 0.896891 -0.109504 -0.993983 0.00260084
32.4433 55.2176 -0.000426777 -0.10905 -0.994028 0.00395195
31.3749 55.3355 -0.000595115 -0.108707 -0.994068 0.0033444
30.3074 55.4516 -0.000776529 -0.107305 -0.99422 0.00336501
29.3023 55.5623 -0.000990107 -0.110739 -0.993848 0.00153888
28.2006 55.6858 -0.00121807 -0.111855 -0.99372 0.00311507
27.1901 55.8019 -0.00143719 -0.115539 -0.993299 0.00289837
26.1513 55.9233 -0.00169432 -0.118008 -0.993006 0.00358279
25.0961 56.0495 -0.00197436 -0.120882 -0.992666 0.00136981
25.087 56.049 -0.899605 -0.121852 -0.992544 0.00289677
26.0805 55.9294 -0.899294 -0.116774 -0.993155 0.0025858
27.1747 55.8012 -0.898933 -0.116262 -0.993216 0.00213006
28.3287 55.6683 -0.898606 -0.111768 -0.993727 0.00372281
29.3582 55.5548 -0.898349 -0.110369 -0.99389 0.00101256
30.5174 55.4264 -0.898087 -0.109537 -0.99398 0.0024021
31.6446 55.3019 -0.897834 -0.109442 -0.993982 0.00473603
32.5162 55.2068 -0.897689 -0.107286 -0.994225 0.00262759
32.4748 55.2092 -1.79487 -0.105723 -0.994396 6.95189e-06
31.37 55.33 -1.79514 -0.109676 -0.993967 -0.000160549
30.2579 55.4543 -1.79545 -0.110928 -0.993828 0.000781397
29.1773 55.574 -1.79575 -0.108345 -0.994113 0.000652355
28.0027 55.7037 -1.79613 -0.112282 -0.993673 0.00240647
26.8619 55.8357 -1.79652 -0.115838 -0.993266 0.00211749
25.7226 55.9698 -1.79689 -0.119058 -0.992882 0.00317986
25.1883 56.0341 -1.7971 -0.120145 -0.99275 0.00348527
25.0062 56.0527 -2.69475 -0.119223 -0.992861 0.0035347
26.0718 55.9267 -2.69431 -0.116686 -0.993169 0.000825622
27.0979 55.8062 -2.69391 -0.116433 -0.993197 0.00176317
28.154 55.6842 -2.69348 -0.111074 -0.99381 0.00218167
29.2567 55.564 -2.69308 -0.10736 -0.99422 0.00107814
30.2631 55.4532 -2.69275 -0.110219 -0.993907 0.000498539
31.283 55.3404 -2.69239 -0.109985 -0.993933 -0.00122678
32.4096 55.2161 -2.6921 -0.10977 -0.993957 -4.48037e-05
32.4718 55.2092 -2.69208 -0.108729 -0.994071 0.000886474
32.3516 55.2214 -3.58927 -0.109931 -0.993938 0.00151549
31.2285 55.3466 -3.58963 -0.110396 -0.993888 0.000404606
30.1272 55.4682 -3.59005 -0.108918 -0.994051 0.000130766
29.1069 55.5792 -3.59048 -0.107803 -0.994171 0.00139508
28.0397 55.6962 -3.59091 -0.111495 -0.993763 0.00182805
26.9714 55.8196 -3.5914 -0.118688 -0.992929 0.00203976
25.9213 55.9438 -3.59189 -0.115949 -0.993255 0.000395256
25.1931 56.0282 -3.59223 -0.115099 -0.993349 0.00307617
25.1077 56.0355 -4.48982 -0.115122 -0.993345 0.00345066
26.2122 55.9069 -4.48923 -0.117646 -0.993047 0.00410918
27.3724 55.77 -4.48865 -0.11681 -0.99315 0.00297402
28.3934 55.6557 -4.48811 -0.10857 -0.994088 0.00132008
29.4413 55.5413 -4.48763 -0.108574 -0.994087 0.00163509
30.542 55.4218 -4.48711 -0.107712 -0.99418 0.00226636
31.6073 55.303 -4.48665 -0.112786 -0.993619 0.000706569
32.508 55.203 -4.48629 -0.109596 -0.993975 0.00139658
32.2919 55.2266 -5.38339 -0.108833 -0.994058 -0.00191489
31.154 55.3527 -5.38397 -0.110041 -0.993926 0.00123075
30.1255 55.4649 -5.38453 -0.108171 -0.99413 0.00207978
29.0813 55.5792 -5.3851 -0.108696 -0.994073 0.00219086
28.0182 55.6948 -5.38573 -0.108299 -0.99411 0.00416862
26.8553 55.8285 -5.38643 -0.116914 -0.993142 0.000102594
25.8232 55.9496 -5.38702 -0.115771 -0.993274 0.00213642
25.1381 56.0288 -5.38741 -0.113875 -0.99349 0.00318715
25.1328 56.0473 3.58851 -0.115764 -0.993276 0.00132807
26.2074 55.9238 3.58846 -0.114414 -0.993433 -0.000812443
27.2263 55.8055 3.58843 -0.115975 -0.993252 -0.000160878
28.3964 55.6714 3.5884 -0.110435 -0.993882 0.00158224
29.4614 55.5537 3.5884 -0.109528 -0.993983 0.00134404
30.4641 55.444 3.58843 -0.10924 -0.99401 0.00322835
31.4785 55.3325 3.5885 -0.107033 -0.994248 0.00377081
32.4804 55.2264 3.58869 -0.103655 -0.994608 0.00331484
32.5234 55.2242 4.48572 -0.104879 -0.994483 0.00187537
31.4804 55.3346 4.48562 -0.108583 -0.994087 0.00113527
30.3548 55.4577 4.48562 -0.108883 -0.994053 0.00175188
29.2986 55.5732 4.48568 -0.109529 -0.993979 0.00302297
28.1626 55.6994 4.48578 -0.110866 -0.993831 0.00282113
27.1572 55.8131 4.4859 -0.114127 -0.993466 -0.000314388
26.1413 55.9303 4.48601 -0.115092 -0.993354 -0.00160354
25.1261 56.0486 4.48607 -0.116866 -0.993147 -0.000626069
25.0656 56.0554 5.38372 -0.118802 -0.992918 0.000385771
26.1019 55.9344 5.38358 -0.114927 -0.993373 0.00145567
27.1525 55.8141 5.38338 -0.113459 -0.993542 0.000661564
28.1697 55.7005 5.38317 -0.110066 -0.993923 0.00139383
29.2048 55.5858 5.38293 -0.109155 -0.994021 0.00288263
30.2546 55.4705 5.3828 -0.109798 -0.99395 0.00263735
31.2947 55.3559 5.38269 -0.108521 -0.994093 0.00159842
32.2277 55.2564 5.38263 -0.104944 -0.994478 0.00042665
32.3551 55.243 5.38263 -0.105021 -0.99447 0.000452898
