-47.7572 55.0068 3.43949 0.0385929 -0.999255 0.000903778
-47.7263 55.0075 2.40094 0.0386616 -0.999252 0.000411824
-47.7217 55.0074 1.31958 0.0386816 -0.999252 0.000224773
-47.7301 55.0071 0.250421 0.0385252 -0.999258 -0.000198105
-47.7154 55.0078 -0.821194 0.038262 -0.999268 0.000235252
-47.7134 55.0076 -1.9479 0.0379942 -0.999278 0.000449411
-47.7098 55.0071 -3.11732 0.0379717 -0.999278 0.000854364
-47.7106 55.0062 -4.21842 0.0373863 -0.999301 0.000206023
-47.6798 55.0068 -5.38349 0.0372854 -0.999304 0.000705671
-47.1703 55.0251 -6.12221 0.0373945 -0.9993 0.000875757
-45.9511 55.0705 -6.08621 0.0370615 -0.999313 0.000787524
-44.8529 55.1111 -6.1059 0.0368155 -0.999322 0.00102474
-43.7293 55.1516 -6.10282 0.0358516 -0.999357 0.00107292
-42.6671 55.1895 -6.09564 0.035636 -0.999364 0.000907588
-41.6062 55.2274 -6.09047 0.0356759 -0.999363 0.000812611
-40.4723 55.2682 -6.12542 0.0364739 -0.999334 0.00107467
-39.4115 55.3074 -6.05207 0.0370763 -0.999311 0.00139521
-39.3015 55.3128 -5.02452 0.0372171 -0.999306 0.00118836
-39.2747 55.3149 -4.01069 0.0371365 -0.99931 0.00117776
-39.2682 55.3162 -3.00371 0.0372438 -0.999306 0.00111224
-39.2607 55.3173 -1.97579 0.0377303 -0.999288 0.000809526
-39.2685 55.318 -0.949561 0.0379138 -0.99928 0.00134872
-39.2806 55.3189 0.051482 0.0383127 -0.999265 0.000912077
-39.2621 55.3202 1.08056 0.0378589 -0.999283 0.000207908
-39.2691 55.3206 2.19888 0.0379632 -0.999279 0.000768393
-39.2702 55.3212 3.3213 0.0379066 -0.999281 0.000472329
-39.2901 55.3209 4.44489 0.0376456 -0.999291 0.000159729
-39.2696 55.3215 5.58786 0.0376828 -0.99929 -0.000119742
-39.9864 55.2945 6.07432 0.0371206 -0.999311 -0.000314561
-41.0433 55.2558 6.11132 0.0361366 -0.999347 4.20382e-05
-42.0767 55.2187 6.08735 0.0357535 -0.999361 0.000339307
-43.1821 55.1792 6.07123 0.0357789 -0.99936 0.000462464
-44.2275 55.1417 6.09082 0.0358952 -0.999355 0.000614609
-45.2277 55.1056 6.0957 0.036529 -0.999332 0.000836503
-46.275 55.0669 6.11432 0.0375811 -0.999292 0.00148686
-47.2879 55.0286 6.07979 0.0377521 -0.999285 0.00183151
-47.6949 55.0119 5.3087 0.0374674 -0.999296 0.00179019
-47.7302 55.0089 4.2417 0.0380276 -0.999276 0.0014639
-47.7567 55.0069 3.45686 0.0384712 -0.999259 0.00117221
-48.6873 54.9715 3.54039 0.0378611 -0.999282 0.00138888
-48.6567 54.9743 4.55847 0.0374987 -0.999295 0.00194863
-48.6394 54.977 5.62269 0.037518 -0.999295 0.00156518
-48.629 54.9787 6.70724 0.0383973 -0.999262 0.000643067
-47.7859 55.0113 7.04688 0.0381889 -0.999269 0.00151342
-46.7378 55.051 7.06509 0.0373884 -0.9993 0.0013706
-45.7002 55.0893 7.05542 0.036657 -0.999327 0.00112515
-44.6998 55.1254 7.04624 0.0357949 -0.999359 0.000706752
-43.588 55.1652 7.0287 0.035744 -0.999361 0.00049447
-42.4705 55.2051 7.02693 0.0355952 -0.999366 0.00046532
-41.3929 55.2436 7.0505 0.0357582 -0.99936 0.000528221
-40.3659 55.2807 7.03437 0.0368233 -0.999322 0.000586912
-39.2354 55.323 7.06204 0.0378835 -0.999282 0.000597933
-38.3477 55.3567 6.76792 0.0385005 -0.999259 0.00028596
-38.3182 55.3575 5.72444 0.0378385 -0.999284 0.000229797
-38.3511 55.3563 4.62367 0.0376731 -0.99929 -0.000362654
-38.3297 55.3572 3.59787 0.0379246 -0.999281 0.0003545
-38.3263 55.3568 2.56018 0.03817 -0.999271 0.000745583
-38.3179 55.3564 1.44756 0.0382856 -0.999267 0.000304402
-38.3359 55.3554 0.349831 0.0383119 -0.999266 0.000422188
-38.3197 55.3547 -0.734949 0.0387146 -0.999249 0.00155666
-38.3251 55.3529 -1.83926 0.0378059 -0.999284 0.0012132
-38.3339 55.3514 -2.85796 0.037406 -0.9993 0.00112423
-38.331 55.3503 -3.91855 0.0374007 -0.9993 0.00100098
-38.3371 55.3488 -5.04784 0.0373827 -0.9993 0.00122599
-38.3343 55.3473 -6.1747 0.0370392 -0.999313 0.000892711
-38.6133 55.336 -7.03605 0.0373414 -0.999302 0.00112974
-39.6648 55.2967 -7.06182 0.0371857 -0.999308 0.00126832
-40.8099 55.2549 -7.05302 0.0357776 -0.999359 0.00106107
-41.8966 55.2162 -7.03725 0.035521 -0.999369 0.000774712
-42.9498 55.1786 -7.04322 0.0358565 -0.999357 0.000908599
-44.1294 55.1362 -7.05237 0.0360251 -0.99935 0.00130165
-45.1683 55.0985 -7.05098 0.0366015 -0.999329 0.00105515
-46.263 55.0583 -7.0571 0.0369458 -0.999317 0.000558597
-47.2809 55.0203 -7.07426 0.0387031 -0.999251 0.000253065
-48.2854 54.9817 -7.04732 0.0380223 -0.999276 0.00148525
-48.6695 54.9681 -6.22169 0.0381245 -0.999272 0.00134291
-48.6325 54.9709 -5.22237 0.038125 -0.999272 0.00133593
-48.6616 54.9707 -4.20867 0.0375013 -0.999296 0.000481377
-48.672 54.9706 -3.07487 0.0376055 -0.999293 0.000340936
-48.6691 54.9711 -1.99392 0.0381249 -0.999273 0.00040265
-48.6725 54.9712 -0.966161 0.0384624 -0.99926 5.27369e-05
-48.6686 54.9711 0.0770502 0.0384353 -0.999261 -0.000593247
-48.6615 54.9711 1.18009 0.0382514 -0.999268 0.000174553
-48.6617 54.9715 2.29871 0.038038 -0.999276 0.000494335
-48.6909 54.9712 3.36167 0.037794 -0.999285 0.00109724
-47.2009 55.0285 3.58793 0.0387784 -0.999248 0.000781719
-46.1429 55.0691 3.58789 0.0375477 -0.999294 0.000937449
-45.0168 55.111 3.58785 0.0369261 -0.999317 0.00102729
-43.9913 55.1486 3.58781 0.0362889 -0.999341 0.000701612
-42.9171 55.1875 3.58778 0.0360505 -0.99935 0.000913873
-41.9096 55.2239 3.58776 0.0363263 -0.999339 0.00102237
-40.8735 55.2617 3.58775 0.036664 -0.999327 0.00075543
-39.8236 55.3004 3.58773 0.0373868 -0.9993 0.000913994
-39.8563 55.2996 4.48468 0.0372272 -0.999307 4.93317e-05
-40.937 55.2597 4.48469 0.036609 -0.99933 -3.29912e-05
-41.9477 55.2231 4.48471 0.0360299 -0.999351 0.000385832
-42.9483 55.1869 4.48473 0.0361425 -0.999346 0.000556742
-43.9951 55.1491 4.48476 0.0361849 -0.999345 0.000707714
-45.046 55.1108 4.48479 0.0365799 -0.99933 0.00094374
-46.0923 55.0721 4.48484 0.0378501 -0.999283 0.000691435
-47.1629 55.0309 4.48489 0.0382818 -0.999267 0.000898475
-47.0111 55.0379 5.38184 0.0380416 -0.999275 0.00134363
-45.9473 55.0784 5.38178 0.0374177 -0.999299 0.00100079
-44.9303 55.1158 5.38173 0.0362765 -0.999341 0.000829723
-43.8516 55.1548 5.38169 0.0359933 -0.999352 0.000639664
-42.8226 55.1918 5.38166 0.0358185 -0.999358 0.000378351
-41.7981 55.2286 5.38165 0.035845 -0.999357 8.28824e-05
-40.7631 55.266 5.38164 0.0364423 -0.999336 3.12954e-05
-39.8239 55.3007 5.38164 0.0374828 -0.999297 -0.000217745
-39.7486 55.3027 2.69077 0.0377982 -0.999285 0.000524558
-40.7836 55.2642 2.69079 0.0368271 -0.999321 0.000900958
-41.8291 55.2259 2.69081 0.0364805 -0.999334 0.00116195
-42.8965 55.1873 2.69083 0.0359791 -0.999352 0.00119972
-43.9132 55.1507 2.69086 0.0361736 -0.999345 0.00092626
-45.0597 55.1086 2.6909 0.0370905 -0.999312 0.000636228
-46.0766 55.0707 2.69093 0.0374287 -0.999299 0.000816713
-47.0726 55.0328 2.69096 0.0384387 -0.999261 0.000560282
-47.1969 55.0278 1.794 0.0386328 -0.999253 9.67187e-05
-46.138 55.0679 1.79397 0.0373621 -0.999302 0.000611276
-44.9638 55.1116 1.79394 0.0367119 -0.999326 0.000794427
-43.9513 55.1484 1.79391 0.0359453 -0.999353 0.00108069
-42.8904 55.1865 1.79388 0.0359583 -0.999353 0.00106677
-41.7911 55.2263 1.79386 0.0363859 -0.999337 0.000892314
-40.6549 55.2682 1.79383 0.0372284 -0.999306 0.000996176
-39.8964 55.2966 1.79382 0.0375844 -0.999293 0.000666184
-39.7666 55.3009 0.896853 0.0379492 -0.99928 0.000433037
-40.7924 55.2623 0.896881 0.0373983 -0.9993 0.000922149
-41.8328 55.2239 0.896907 0.0364834 -0.999334 0.000850524
-42.833 55.1876 0.896934 0.0361797 -0.999345 0.000949734
-43.9384 55.1479 0.89696 0.0358305 -0.999357 0.000955473
-44.9407 55.1117 0.896984 0.0365369 -0.999332 0.000713347
-45.9615 55.074 0.897008 0.0370203 -0.999314 0.000581383
-47.0643 55.0327 0.897031 0.0383538 -0.999264 4.74406e-05
-47.2438 55.0258 0.897034 0.0382979 -0.999266 -5.89709e-05
-47.1368 55.0298 7.49129e-05 0.0378005 -0.999285 -9.60506e-05
-46.0677 55.0695 5.50946e-05 0.0371182 -0.999311 0.000573709
-45.0614 55.1067 3.33746e-05 0.0366857 -0.999327 0.000388352
-43.8854 55.1492 9.2015e-06 0.0358751 -0.999356 0.000446787
-42.8792 55.1855 -1.51013e-05 0.0360635 -0.999349 0.000429298
-41.6825 55.229 -4.83227e-05 0.0364075 -0.999337 0.000215511
-40.6025 55.2687 -8.01868e-05 0.0373307 -0.999303 0.000881509
-39.7919 55.2993 -0.000104239 0.0381256 -0.999273 0.000865619
-39.8147 55.2975 -0.897062 0.0376416 -0.999291 0.000977982
-40.9663 55.2547 -0.897025 0.0363876 -0.999338 0.000694117
-42.1772 55.2109 -0.896988 0.0362629 -0.999342 0.000176361
-43.3489 55.1683 -0.896956 0.0362576 -0.999342 0.000318083
-44.4207 55.1295 -0.896931 0.0361947 -0.999345 0.000699974
-45.5085 55.0897 -0.896908 0.0369483 -0.999317 0.00049929
-46.6263 55.0485 -0.896889 0.0367882 -0.999323 0.000517447
-47.169 55.0285 -0.896881 0.0371485 -0.99931 0.000103983
-47.2361 55.0257 -1.79383 0.037685 -0.99929 0.000384334
-46.2011 55.0639 -1.79385 0.0366529 -0.999328 -0.000116666
-45.177 55.1015 -1.79386 0.0365035 -0.999333 0.000493765
-44.1631 55.1384 -1.79389 0.036379 -0.999338 0.000466035
-43.1611 55.1748 -1.79391 0.0362989 -0.999341 0.000394509
-42.1348 55.212 -1.79394 0.0361836 -0.999345 0.000402654
-41.0893 55.2498 -1.79397 0.0361392 -0.999347 0.000528082
-40.0812 55.2867 -1.79401 0.0370783 -0.999312 0.000419547
-39.8114 55.2967 -1.79402 0.0373656 -0.999301 0.000647192
-39.9545 55.2909 -2.69096 0.036944 -0.999317 0.000479268
-40.9952 55.2528 -2.69092 0.0362678 -0.999342 0.000433767
-42.1015 55.2128 -2.69089 0.0360739 -0.999349 0.000596052
-43.272 55.1704 -2.69085 0.0363636 -0.999338 0.000585206
-44.4321 55.1281 -2.69083 0.0363704 -0.999338 0.000490191
-45.4623 55.0907 -2.69081 0.0362573 -0.999342 0.000457929
-46.5677 55.0504 -2.69079 0.0372474 -0.999306 0.000479808
-47.0688 55.0317 -2.69078 0.0371682 -0.999309 0.000566435
-47.1884 55.0263 -3.58772 0.0377796 -0.999286 0.00101868
-46.1837 55.064 -3.58774 0.0369732 -0.999316 0.000656703
-45.1318 55.1023 -3.58776 0.0361646 -0.999346 0.000444704
-44.0118 55.1429 -3.58778 0.0363327 -0.99934 0.000596904
-42.9894 55.1801 -3.5878 0.0362399 -0.999343 0.000763473
-41.914 55.219 -3.58784 0.0361756 -0.999345 0.000815125
-40.8486 55.2575 -3.58787 0.0363596 -0.999338 0.00115429
-39.9445 55.2906 -3.58791 0.0367331 -0.999325 0.000926907
-39.7913 55.2952 -4.48486 0.0367848 -0.999323 0.000962854
-40.8701 55.2557 -4.48481 0.0362003 -0.999344 0.00128738
-41.9221 55.2177 -4.48477 0.0357965 -0.999359 0.00108599
-42.9675 55.1802 -4.48474 0.0358815 -0.999356 0.000668578
-44.1842 55.1362 -4.48471 0.0361735 -0.999345 0.000467466
-45.2264 55.0985 -4.4847 0.0362071 -0.999344 0.000558641
-46.2706 55.0599 -4.48468 0.0371217 -0.99931 0.000814315
-47.1424 55.0274 -4.48467 0.0373204 -0.999303 0.000605853
-47.0376 55.0307 -5.38162 0.0372574 -0.999305 0.000873621
-46.0264 55.0683 -5.38163 0.0370297 -0.999314 0.000723299
-44.9938 55.1064 -5.38164 0.0367666 -0.999324 0.000680804
-43.8852 55.1466 -5.38166 0.0357764 -0.99936 0.000502771
-42.8441 55.1838 -5.38168 0.0357176 -0.999361 0.000923746
-41.8236 55.2203 -5.38171 0.0358185 -0.999358 0.00105139
-40.6686 55.2619 -5.38176 0.0365556 -0.999331 0.00126888
-39.8429 55.2922 -5.38179 0.0369533 -0.999316 0.00120757
-39.8211 55.293 -5.3818 0.0371784 -0.999308 0.00124857
