-17.0252 10.1244 -3.82874 0.246294 -0.96919 0.00129079
-16.9989 10.1312 -2.77977 0.250313 -0.968149 -0.00533331
-16.9872 10.1291 -1.75984 0.252095 -0.967683 -0.00606503
-16.989 10.1196 -0.755608 0.25058 -0.968051 -0.0093523
-16.963 10.1187 0.371456 0.249754 -0.968307 -0.0022591
-16.9865 10.1107 1.48774 0.246528 -0.969133 -0.00232953
-16.987 10.1078 2.5449 0.247477 -0.968891 -0.00253311
-17.0045 10.1053 3.56027 0.250971 -0.967976 0.00598308
-17.0063 10.1115 4.58656 0.254526 -0.967063 0.00233946
-17.0117 10.1135 5.63044 0.246669 -0.969005 -0.0123292
-16.3559 10.2712 6.10794 0.229495 -0.973294 -0.00562168
-15.3275 10.5148 6.10645 0.231667 -0.972783 -0.00482484
-14.3415 10.7416 6.09799 0.218946 -0.975736 -0.00127596
-13.3245 10.9458 6.11141 0.192481 -0.981293 -0.00396945
-12.3196 11.1219 6.11677 0.161081 -0.986917 -0.00630847
-11.1793 11.3 6.10588 0.143 -0.989718 -0.00308168
-10.0662 11.4351 6.12787 0.0989937 -0.995082 -0.00144141
-8.99999 11.5299 6.1149 0.0721113 -0.997392 -0.00316524
-7.99639 11.57 6.13408 0.0143339 -0.999766 0.0162187
-6.90696 11.5675 6.09776 -0.0216679 -0.999753 0.00485842
-5.86891 11.5306 6.11339 -0.0437629 -0.999015 0.00340975
-4.8035 11.4633 6.1194 -0.0706131 -0.997503 0.00141639
-3.70581 11.3584 6.10323 -0.113783 -0.993441 -0.00721418
-2.62398 11.204 6.08214 -0.162623 -0.986604 -0.00995968
-1.62327 11.0268 6.05728 -0.178925 -0.98386 -0.00172354
-0.574453 10.8239 6.09589 -0.196893 -0.980369 -0.0105058
0.594404 10.5601 6.09966 -0.234386 -0.972135 -0.00400548
1.70067 10.2825 6.09411 -0.253844 -0.967236 0.00412456
2.36538 10.1022 5.59922 -0.260601 -0.965437 0.00426381
2.32721 10.124 4.57385 -0.255888 -0.966531 -0.01831
2.30766 10.1378 3.48464 -0.253861 -0.96723 0.00450473
2.273 10.1313 2.45763 -0.254772 -0.966898 0.0137307
2.30786 10.1114 1.30859 -0.248977 -0.968485 0.00601436
2.30892 10.1144 0.274647 -0.257402 -0.966263 -0.00889805
2.32526 10.124 -0.822178 -0.255378 -0.966771 -0.0116745
2.29194 10.1397 -1.82835 -0.249752 -0.968308 -0.0017595
2.29915 10.1375 -2.84039 -0.251317 -0.967904 0.00136594
2.29624 10.1384 -3.86139 -0.257572 -0.966257 -0.00199091
2.27793 10.1437 -4.88161 -0.261192 -0.965275 0.00477544
2.28246 10.1353 -5.97693 -0.260531 -0.965461 0.00185508
1.18154 10.4221 -6.12314 -0.237958 -0.971275 0.000828513
0.0373903 10.6721 -6.08529 -0.20528 -0.978685 0.00598356
-0.96318 10.8818 -6.1104 -0.202078 -0.979365 0.00280757
-1.99101 11.0765 -6.09634 -0.171141 -0.985245 0.00154483
-3.02626 11.2358 -6.11861 -0.142832 -0.989739 -0.0039708
-4.06372 11.3767 -6.10219 -0.125172 -0.992132 -0.00228497
-5.10482 11.4806 -6.09056 -0.0845542 -0.996418 0.0009915
-6.12853 11.5261 -6.12284 -0.0289063 -0.999581 0.00174041
-7.15124 11.5477 -6.1574 -0.00362521 -0.999967 -0.00116993
-8.16932 11.54 -6.13026 0.0436701 -0.998963 -0.0128476
-9.17547 11.485 -6.12236 0.070727 -0.997299 0.0166025
-10.2842 11.3875 -6.09665 0.0997083 -0.995017 0.000485123
-11.3234 11.2714 -6.12649 0.119051 -0.992865 -0.00672105
-12.3275 11.1205 -6.11729 0.172345 -0.984985 -0.0101297
-13.3629 10.9267 -6.11788 0.186254 -0.982494 -0.00373203
-14.4372 10.7228 -6.1156 0.191304 -0.981531 0.00049394
-15.5048 10.4902 -6.08604 0.226138 -0.97407 0.00703206
-16.5573 10.2317 -6.04636 0.241116 -0.970486 -0.00436353
-16.992 10.1224 -5.21401 0.23903 -0.971011 0.000861331
-17.0215 10.1229 -4.17792 0.245055 -0.969465 0.00922892
-17.0248 10.1239 -3.9875 0.246442 -0.969131 0.00649207
-17.9377 9.89237 -3.99291 0.243743 -0.969838 0.00191513
-17.9201 9.89703 -2.95599 0.242751 -0.970086 -0.00211181
-17.9088 9.89527 -1.86856 0.242771 -0.970057 -0.00710145
-17.9134 9.88601 -0.802851 0.240509 -0.970628 -0.00612919
-17.9176 9.87886 0.255049 0.239093 -0.970991 -0.00262896
-17.9046 9.87964 1.35104 0.241564 -0.970368 -0.00568258
-17.8976 9.87459 2.4634 0.248116 -0.96869 -0.00878586
-17.9137 9.86422 3.4775 0.259116 -0.965802 -0.00926484
-17.9208 9.86424 4.55544 0.266788 -0.963752 0.00241246
-17.9571 9.86472 5.56228 0.266557 -0.963778 0.00265429
-17.9316 9.85672 6.64212 0.25769 -0.965897 -0.0252131
-17.2017 10.0443 7.04654 0.266701 -0.963649 -0.015023
-16.197 10.3069 7.06 0.22785 -0.973682 0.000541281
-15.1537 10.5516 7.03206 0.231564 -0.972806 -0.00450926
-14.009 10.8041 7.06129 0.191518 -0.981445 -0.00925231
-12.9578 11.0048 7.05903 0.179545 -0.983657 -0.0132097
-11.9397 11.1822 7.05831 0.159645 -0.98717 0.00309002
-10.913 11.3337 7.06243 0.135328 -0.990792 -0.00258282
-9.87234 11.4519 7.06427 0.0941346 -0.99555 -0.0026708
-8.82686 11.5402 7.06077 0.071529 -0.99743 0.00408981
-7.76378 11.5773 7.06226 0.0110053 -0.999939 0.00105424
-6.73091 11.5677 7.03568 -0.0259702 -0.999663 -0.000483306
-5.638 11.5188 7.04515 -0.0659611 -0.997822 0.000956929
-4.63881 11.4477 7.05805 -0.0753762 -0.997147 0.00357302
-3.58011 11.337 7.04227 -0.122765 -0.992347 -0.0120749
-2.45868 11.1743 7.02822 -0.164075 -0.986414 -0.00449492
-1.45322 10.9941 7.01059 -0.181699 -0.983354 -9.33808e-05
-0.397004 10.784 7.04548 -0.214735 -0.976614 -0.0106464
0.678983 10.5407 7.0508 -0.230542 -0.973041 -0.00651231
1.68774 10.2915 7.05011 -0.252934 -0.967459 0.00683396
2.78017 9.99726 7.02659 -0.263872 -0.964514 -0.00570598
3.265 9.86889 6.21009 -0.24589 -0.96925 0.00960342
3.259 9.86947 5.16014 -0.248524 -0.968597 -0.00602121
3.22402 9.89548 4.04414 -0.262246 -0.964952 -0.0088038
3.19402 9.90064 2.92206 -0.250608 -0.968023 0.0103825
3.23182 9.88307 1.88396 -0.23678 -0.971534 0.00729947
3.22861 9.87833 0.650321 -0.237397 -0.971408 0.000900892
3.24673 9.87922 -0.400963 -0.245711 -0.969305 -0.00859914
3.25573 9.88784 -1.45152 -0.244596 -0.969562 -0.0105428
3.22769 9.89948 -2.51615 -0.24443 -0.969665 0.00184171
3.20938 9.8999 -3.52348 -0.248047 -0.968735 0.00508053
3.17833 9.90399 -4.61742 -0.253052 -0.967433 0.00613503
3.27065 9.87604 -5.73202 -0.250596 -0.968088 0.00246981
3.302 9.86545 -6.79942 -0.249876 -0.968271 0.00316287
2.28217 10.1338 -7.01575 -0.258991 -0.965875 0.0015826
1.20342 10.4126 -7.07503 -0.2432 -0.96997 0.00354925
0.179059 10.6368 -7.04402 -0.201911 -0.979383 0.00638926
-0.83114 10.8521 -7.07659 -0.209669 -0.97777 0.00224825
-1.84119 11.0453 -7.04301 -0.166534 -0.985964 0.0118974
-2.91062 11.2171 -7.04934 -0.15549 -0.987829 0.00401423
-3.98663 11.3596 -7.05328 -0.112604 -0.993628 0.00482948
-5.01549 11.4635 -7.05167 -0.0901106 -0.995766 0.0181549
-6.01044 11.5198 -7.06299 -0.0259887 -0.999661 -0.00184933
-7.14671 11.5399 -7.07779 -0.0103291 -0.999837 0.0147748
-8.27011 11.5346 -7.06119 0.0258065 -0.999455 -0.00948047
-9.35219 11.4681 -7.06827 0.0805032 -0.996753 0.00180776
-10.3478 11.3793 -7.06188 0.0994357 -0.995038 0.00358809
-11.4435 11.2538 -7.07833 0.133252 -0.991046 0.00851543
-12.4925 11.0938 -7.05123 0.172895 -0.98489 0.000147687
-13.5718 10.8924 -7.05179 0.183524 -0.983004 -0.00466253
-14.6039 10.6867 -7.05334 0.211555 -0.977344 -0.00658552
-15.6832 10.4432 -7.03689 0.228609 -0.973469 0.00871221
-16.7639 10.1885 -7.03081 0.235658 -0.971769 -0.010275
-17.7312 9.93439 -6.98292 0.266332 -0.963808 0.0107971
-17.9014 9.896 -5.91014 0.250522 -0.968049 0.0109287
-17.9293 9.89214 -4.87122 0.241895 -0.970293 0.00427307
-17.932 9.89325 -4.27241 0.243742 -0.969838 0.00191513
-16.4516 10.2598 -4.53567 0.238136 -0.971189 0.00907713
-15.3874 10.5166 -4.53118 0.225665 -0.974194 -0.00454549
-14.2527 10.7701 -4.52514 0.20358 -0.979048 0.00441848
-13.2233 10.9624 -4.51932 0.1781 -0.983958 0.0103766
-12.1777 11.1468 -4.51265 0.165436 -0.986176 -0.00935125
-11.1024 11.3072 -4.50638 0.12991 -0.991477 -0.00986757
-10.0482 11.4248 -4.50247 0.0966846 -0.995256 0.0108223
-9.04204 11.5042 -4.49781 0.0664412 -0.997789 0.00148932
-7.99229 11.5508 -4.49577 0.0130197 -0.999914 0.00126508
-6.93317 11.5494 -4.49581 -0.0102021 -0.999931 0.00582563
-5.83646 11.5268 -4.4983 -0.0354512 -0.99937 0.00184674
-4.73392 11.4604 -4.50164 -0.0781117 -0.996941 -0.00267566
-3.66563 11.3324 -4.50695 -0.13103 -0.991328 0.00995489
-2.55788 11.1705 -4.5125 -0.154957 -0.987914 0.00385314
-1.48126 10.9906 -4.51931 -0.174624 -0.984631 0.00288868
-0.395925 10.7762 -4.52498 -0.204369 -0.978816 0.0123576
0.636745 10.5549 -4.53115 -0.217503 -0.975998 0.0109488
1.61587 10.3197 -4.53529 -0.245487 -0.969399 0.000993503
1.79299 10.2749 -4.53578 -0.245487 -0.969399 0.000993435
1.75697 10.2809 -3.62668 -0.256541 -0.966526 -0.00375882
0.778578 10.524 -3.624 -0.231988 -0.972711 -0.00394019
-0.275142 10.7603 -3.62027 -0.204426 -0.978832 0.00985725
-1.28044 10.9577 -3.61605 -0.172346 -0.985037 -8.71657e-05
-2.37347 11.1445 -3.61136 -0.159237 -0.987171 0.0116897
-3.38613 11.2983 -3.60735 -0.138838 -0.990305 0.00452014
-4.44403 11.4265 -3.60371 -0.104442 -0.994503 -0.00747779
-5.46854 11.5032 -3.60053 -0.0509781 -0.998683 -0.00571156
-6.54643 11.547 -3.59804 -0.0279394 -0.999608 0.00157063
-7.63481 11.5569 -3.59807 0.00867969 -0.999915 0.00969667
-8.77774 11.5207 -3.59904 0.0525936 -0.998602 0.00535085
-9.7994 11.4482 -3.60082 0.082599 -0.996578 0.00302957
-10.8053 11.3444 -3.60477 0.112283 -0.99363 0.00959024
-11.8114 11.2003 -3.60892 0.157015 -0.98759 -0.00361092
-12.8947 11.0261 -3.61409 0.163716 -0.986505 0.0020551
-13.9021 10.841 -3.61843 0.203584 -0.979057 -0.000568269
-14.9038 10.6228 -3.62233 0.2182 -0.975904 0.000378879
-15.8951 10.3973 -3.62669 0.221197 -0.975225 0.00287708
-16.5398 10.2443 -3.62834 0.239943 -0.970786 0.00158681
-16.5104 10.2522 -2.72107 0.237015 -0.971498 -0.00405807
-15.5363 10.4818 -2.71875 0.227623 -0.973729 0.00625119
-14.484 10.7235 -2.71515 0.217945 -0.975957 0.00268803
-13.4705 10.9258 -2.71238 0.180892 -0.983501 -0.00172392
-12.4092 11.109 -2.70895 0.15787 -0.98746 0.0001281
-11.3507 11.2718 -2.70558 0.144756 -0.989467 -0.00123611
-10.3354 11.4007 -2.70244 0.104906 -0.994481 -0.00146121
-9.21974 11.4936 -2.69996 0.0688188 -0.997616 0.00510991
-8.08041 11.5533 -2.69893 0.0239779 -0.99971 -0.00243371
-7.03872 11.5581 -2.6988 -0.0230046 -0.999719 0.00568281
-6.03362 11.5279 -2.69994 -0.0434946 -0.999033 -0.00636103
-4.99514 11.4686 -2.70162 -0.0640325 -0.997946 -0.00169121
-3.85231 11.365 -2.70438 -0.108693 -0.994073 -0.00201612
-2.7492 11.2115 -2.70736 -0.152215 -0.988333 0.00542682
-1.60653 11.0158 -2.71069 -0.181373 -0.983414 0.00116476
-0.483585 10.8038 -2.71395 -0.193068 -0.981183 0.00217571
0.54502 10.5781 -2.71624 -0.229593 -0.973285 -0.0017061
1.61293 10.3162 -2.71879 -0.247542 -0.968874 -0.00230628
1.82196 10.262 -2.71932 -0.251502 -0.967857 -0.000533305
1.80451 10.2657 -1.81228 -0.249375 -0.968397 -0.00446964
0.791989 10.5159 -1.81095 -0.235507 -0.971864 -0.00400139
-0.317612 10.7693 -1.80884 -0.212502 -0.977151 -0.00429699
-1.33905 10.9671 -1.80705 -0.181445 -0.983392 0.00430897
-2.35215 11.1508 -1.80535 -0.166893 -0.98597 -0.00307642
-3.39971 11.312 -1.80327 -0.124434 -0.992207 0.006354
-4.43027 11.4259 -1.80161 -0.0958608 -0.99534 0.0104255
-5.46343 11.5023 -1.79962 -0.0570779 -0.99828 0.0134094
-6.54538 11.5549 -1.79888 -0.0427331 -0.999081 0.00338298
-7.67054 11.5602 -1.79898 0.0101976 -0.99994 -0.0040033
-8.6918 11.5257 -1.79991 0.0523945 -0.998625 0.00174332
-9.69076 11.4599 -1.80112 0.0771303 -0.997016 -0.003126
-10.6941 11.3557 -1.80252 0.117614 -0.993056 -0.00256589
-11.813 11.2029 -1.80512 0.14409 -0.989564 0.000689802
-12.8524 11.0339 -1.80722 0.175867 -0.984404 -0.00444752
-13.902 10.8394 -1.80914 0.187011 -0.982354 -0.00283448
-14.9399 10.6238 -1.81162 0.222524 -0.974926 0.00121793
-15.9726 10.3821 -1.81355 0.236725 -0.971568 0.00399024
-16.5172 10.2492 -1.81451 0.240029 -0.970762 -0.00278684
-16.4001 10.2718 -0.907803 0.246682 -0.969053 -0.00917494
-15.428 10.5118 -0.907008 0.228886 -0.973447 0.00337729
-14.4081 10.7386 -0.905802 0.204315 -0.978875 -0.00771378
-13.4217 10.929 -0.90457 0.181151 -0.983455 2.44288e-05
-12.3256 11.1258 -0.903356 0.157448 -0.987512 0.00553033
-11.1593 11.2967 -0.901998 0.129884 -0.9915 0.00756304
-10.1118 11.4198 -0.901362 0.0952928 -0.995443 -0.00359524
-8.96316 11.5062 -0.901016 0.0551615 -0.99846 -0.0059009
-7.87914 11.5499 -0.900295 0.0249465 -0.999637 -0.0101328
-6.86915 11.5604 -0.900019 -0.013861 -0.999804 -0.0141298
-5.77508 11.5232 -0.900067 -0.0481303 -0.99884 -0.00138414
-4.65917 11.4498 -0.900538 -0.0793233 -0.99683 -0.00607608
-3.65764 11.3503 -0.901191 -0.119502 -0.992817 0.00583146
-2.50924 11.1827 -0.901919 -0.163768 -0.986495 0.00260958
-1.5165 11.0093 -0.902868 -0.180251 -0.983552 0.0115975
-0.512226 10.8104 -0.903725 -0.204359 -0.978896 0.000223217
0.566111 10.568 -0.904313 -0.233478 -0.972355 -0.00361946
1.60644 10.3118 -0.905446 -0.248925 -0.968509 -0.00520524
1.67121 10.295 -0.905474 -0.251171 -0.967925 -0.00580063
1.81282 10.2491 0.00198916 -0.255775 -0.966645 -0.0132817
0.694955 10.533 0.00183362 -0.236163 -0.97171 -0.00245187
-0.295371 10.7645 0.00157695 -0.218245 -0.975891 0.00249038
-1.29887 10.9721 0.00131761 -0.189596 -0.98186 0.00191481
-2.3154 11.1541 0.00113233 -0.162437 -0.986686 -0.0080511
-3.35103 11.3067 0.00092667 -0.134094 -0.990958 -0.00454564
-4.35054 11.4209 0.000700348 -0.0913698 -0.995758 -0.010806
-5.52096 11.5099 0.000339084 -0.0637916 -0.997959 0.0027372
-6.57898 11.5555 -0.000733669 -0.0148906 -0.999884 0.0031588
-7.58377 11.5532 -0.000922517 0.0157358 -0.999875 0.00121042
-8.64733 11.5237 -0.000681007 0.0426488 -0.999059 0.00787209
-9.72745 11.4569 -0.000798355 0.0853697 -0.996332 -0.00583837
-10.808 11.3467 0.000142557 0.119263 -0.992853 0.00429493
-12.0177 11.1794 -0.000314914 0.152049 -0.988353 0.00620515
-13.0139 11.0076 -0.000668323 0.178664 -0.9839 0.00450888
-14.0175 10.8159 -0.00088222 0.196264 -0.98054 -0.00463377
-15.1493 10.5699 -0.000890796 0.221193 -0.975203 -0.00723291
-16.1624 10.3243 -0.0020608 0.245612 -0.96935 -0.00594145
-16.4839 10.2433 -0.00219299 0.250547 -0.9681 -0.00291978
-16.4783 10.2419 0.90405 0.248044 -0.968742 -0.00362169
-15.4765 10.4879 0.904038 0.229384 -0.973324 -0.00475262
-14.3162 10.7499 0.903614 0.212334 -0.977186 -0.00475348
-13.2991 10.9555 0.903094 0.180294 -0.983612 0.000985384
-12.2517 11.14 0.902168 0.168194 -0.985737 -0.00569016
-11.1245 11.3111 0.901203 0.127545 -0.991805 -0.00741487
-9.96539 11.4342 0.900463 0.0927765 -0.995661 -0.00716215
-8.95753 11.5139 0.899518 0.0706988 -0.997492 -0.00350235
-7.81287 11.5586 0.899385 0.0228709 -0.999719 0.00621374
-6.67671 11.563 0.898871 -0.0344594 -0.999395 -0.0046085
-5.54852 11.5096 0.899839 -0.0662964 -0.997789 -0.00476162
-4.38763 11.4183 0.901661 -0.0951251 -0.995452 -0.00519262
-3.39047 11.306 0.902989 -0.122207 -0.992496 -0.00416083
-2.32757 11.1528 0.904459 -0.165629 -0.986119 -0.0117125
-1.33244 10.9769 0.905667 -0.182094 -0.983281 -0.00111603
-0.295007 10.7646 0.907186 -0.214471 -0.976729 0.00160629
0.751988 10.5185 0.908077 -0.239737 -0.970835 0.00242712
1.81312 10.2406 0.909232 -0.259471 -0.965735 -0.00561486
1.72609 10.2674 1.81713 -0.255446 -0.966786 0.00853737
0.661832 10.5464 1.81484 -0.245176 -0.96947 0.00404212
-0.312335 10.772 1.81262 -0.212006 -0.977268 -0.00121814
-1.3202 10.9759 1.81001 -0.183019 -0.983106 0.00240554
-2.3777 11.1616 1.80723 -0.159231 -0.98724 0.0015582
-3.44673 11.312 1.80482 -0.116886 -0.993138 0.00386179
-4.52743 11.4305 1.80299 -0.0983263 -0.995097 0.0106814
-5.55814 11.5113 1.80083 -0.0618399 -0.998071 0.00554178
-6.6207 11.5609 1.80035 -0.0272855 -0.999624 -0.00276753
-7.71017 11.5654 1.79981 0.011661 -0.999903 0.0075577
-8.84414 11.5261 1.80012 0.0507355 -0.998688 0.00694088
-9.86441 11.4459 1.80133 0.0944293 -0.995499 0.00810751
-10.871 11.3429 1.80259 0.11888 -0.992904 -0.00308033
-12.0239 11.175 1.80458 0.163787 -0.986493 -0.00211939
-13.0502 10.9989 1.8062 0.174504 -0.984655 -0.00147284
-14.1145 10.7898 1.80805 0.199608 -0.979872 -0.0026344
-15.2102 10.5504 1.80949 0.226978 -0.973899 -0.00151626
-16.3105 10.2818 1.81035 0.244944 -0.969535 -0.00219935
-16.4593 10.2439 1.81036 0.246544 -0.969129 -0.00239625
-16.5008 10.2321 2.71703 0.246342 -0.969183 0.000680288
-15.4387 10.498 2.7158 0.239617 -0.970855 0.00485751
-14.4236 10.724 2.71361 0.207759 -0.978164 0.00554049
-13.3572 10.94 2.71073 0.187593 -0.982238 0.0041337
-12.277 11.1362 2.70776 0.170675 -0.985318 0.00420311
-11.2379 11.2935 2.70502 0.127577 -0.991822 -0.00356838
-10.2157 11.4143 2.70235 0.11372 -0.993512 0.00124171
-9.17596 11.5141 2.70023 0.0890481 -0.996027 -0.00121422
-8.02452 11.5649 2.69941 0.0218004 -0.999759 0.002386
-6.91081 11.5686 2.69938 -0.0182908 -0.999833 -0.000472944
-5.89819 11.5344 2.70071 -0.0471862 -0.998876 0.0044424
-4.88306 11.4691 2.70257 -0.0875729 -0.996113 0.00952667
-3.73922 11.3517 2.70499 -0.112166 -0.993675 0.00529577
-2.74449 11.2228 2.70834 -0.144329 -0.989527 0.00218707
-1.58543 11.0297 2.71306 -0.180448 -0.9835 0.0129108
-0.594855 10.8352 2.71721 -0.213783 -0.97688 -0.00172876
0.401715 10.6101 2.72105 -0.231536 -0.972691 -0.0162122
1.45536 10.3484 2.72373 -0.251498 -0.967821 0.00844359
1.68825 10.2879 2.72412 -0.249663 -0.968292 0.00887337
1.79785 10.2689 3.63175 -0.243212 -0.969968 0.00317197
0.672912 10.5446 3.62792 -0.232581 -0.972559 0.00588318
-0.440495 10.8006 3.62309 -0.209621 -0.977767 0.00548219
-1.47905 11.01 3.61777 -0.183093 -0.983074 -0.00649661
-2.49783 11.1869 3.61234 -0.155121 -0.987895 -0.000350853
-3.53642 11.3334 3.60765 -0.123888 -0.992286 0.00457036
-4.69564 11.4579 3.60291 -0.0886014 -0.996066 0.00162676
-5.69762 11.5235 3.60044 -0.0510515 -0.998695 -0.00134814
-6.74277 11.5635 3.59826 -0.0244954 -0.999698 0.00193328
-7.80544 11.5704 3.59782 0.00581618 -0.999975 0.00404006
-8.83036 11.5403 3.59927 0.0564798 -0.998403 0.00135878
-9.87081 11.4521 3.60173 0.103291 -0.994647 0.00291826
-11.0031 11.3215 3.60555 0.122207 -0.9925 0.0030235
-12.0627 11.1738 3.60973 0.153266 -0.988179 0.00336827
-13.0688 10.9959 3.61359 0.182548 -0.983192 -0.00318838
-14.0829 10.798 3.61804 0.197719 -0.980239 0.00627482
-15.1266 10.5742 3.62126 0.223621 -0.974676 0.000713326
-16.1687 10.3212 3.62456 0.249465 -0.968373 0.00456963
-16.461 10.2459 3.62507 0.248947 -0.968505 0.00482585
-16.5102 10.2376 4.53424 0.244595 -0.969612 0.0050275
-15.4557 10.4973 4.53013 0.231849 -0.972693 -0.0106653
-14.4351 10.7282 4.52581 0.203157 -0.979144 0.00186866
-13.4449 10.9233 4.51993 0.185908 -0.982563 0.0027066
-12.4172 11.1125 4.51365 0.17115 -0.985244 -0.00157542
-11.3134 11.285 4.5083 0.135644 -0.990753 0.00306072
-10.1048 11.4322 4.50257 0.113961 -0.993474 0.00469224
-9.0819 11.5227 4.49849 0.077439 -0.996997 -0.000211507
-7.95639 11.5681 4.49598 0.01709 -0.999848 -0.00337985
-6.95078 11.5677 4.49621 -0.0257013 -0.999626 -0.00936675
-5.8666 11.5322 4.49788 -0.0426949 -0.999087 -0.00142866
-4.85627 11.4718 4.50136 -0.0825792 -0.996551 -0.00814664
-3.81334 11.3683 4.50666 -0.110603 -0.99386 0.00304618
-2.78657 11.2338 4.51287 -0.161519 -0.986869 -0.000926361
-1.72724 11.0474 4.52035 -0.178428 -0.983937 -0.00555853
-0.720188 10.8593 4.52753 -0.189156 -0.981947 -0.000617855
0.337007 10.6319 4.53383 -0.222042 -0.975037 -0.000121858
1.41867 10.3616 4.53927 -0.244829 -0.969563 -0.00233188
1.76882 10.271 4.54084 -0.252753 -0.967458 -0.0118953
1.86601 10.2379 5.45261 -0.256099 -0.966651 5.09157e-05
0.833639 10.5049 5.44677 -0.239936 -0.970724 -0.0111823
-0.160378 10.7371 5.43804 -0.217775 -0.975992 -0.00363096
-1.20815 10.9502 5.42902 -0.191371 -0.981516 -0.00187935
-2.38572 11.1644 5.41802 -0.17312 -0.984901 -4.74647e-06
-3.38204 11.3175 5.40943 -0.138044 -0.990405 0.00648267
-4.44818 11.4345 5.40163 -0.0992682 -0.99506 0.00107547
-5.63888 11.5194 5.39563 -0.0528084 -0.998605 5.12484e-05
-6.68064 11.5611 5.39309 -0.0272669 -0.999628 0.000394508
-7.72127 11.5753 5.39288 0.00708026 -0.999945 0.00774344
-8.77566 11.542 5.39518 0.0582115 -0.998303 -0.00137147
-9.93191 11.4484 5.40019 0.0966419 -0.995319 0.000227571
-10.9845 11.3288 5.4063 0.131387 -0.991313 -0.00592788
-12.1547 11.1504 5.41503 0.161958 -0.986785 -0.00493991
-13.2556 10.959 5.42361 0.181778 -0.983337 0.00209331
-14.3461 10.7417 5.43198 0.204178 -0.978928 -0.00344526
-15.3862 10.5056 5.43889 0.230678 -0.972979 -0.00993286
-16.4858 10.2442 5.44501 0.230192 -0.973135 -0.00440636
-16.4949 10.242 5.44505 0.231435 -0.972842 -0.00415354
-16.388 10.2714 -5.44441 0.240486 -0.970651 0.00179012
-15.2996 10.5375 -5.43805 0.226538 -0.974 0.00208672
-14.2546 10.7602 -5.43086 0.183469 -0.982997 0.00751721
-13.1753 10.9637 -5.42232 0.184077 -0.982894 0.00586532
-12.1662 11.1498 -5.41437 0.171647 -0.985155 0.00244846
-11.1332 11.2988 -5.40652 0.131043 -0.991373 0.00253743
-10.0988 11.409 -5.39964 0.101275 -0.994796 0.0111635
-8.99197 11.5048 -5.39508 0.0634348 -0.997984 0.00219182
-7.91501 11.5471 -5.39253 0.0145188 -0.999822 0.0120144
-6.89481 11.5448 -5.39328 -0.0159374 -0.999872 -0.00147217
-5.85109 11.5213 -5.39507 -0.0307689 -0.999499 0.00736466
-4.82692 11.4673 -5.39932 -0.100174 -0.994802 0.018256
-3.78575 11.3407 -5.40607 -0.136467 -0.99062 0.00703377
-2.77333 11.1984 -5.41258 -0.143979 -0.989581 9.41621e-05
-1.5682 11.0027 -5.4225 -0.178669 -0.983901 0.00404424
-0.551626 10.7995 -5.43009 -0.205013 -0.978734 0.00699692
0.512823 10.5745 -5.43793 -0.20924 -0.977818 0.00952546
1.4871 10.3489 -5.4442 -0.236043 -0.971735 0.00376541
1.63033 10.3141 -5.44494 -0.248089 -0.968721 0.00557337
