24.3278 57.367 -1.00106 -0.12433 -0.992237 0.00287638
24.3673 57.3582 -2.18608 -0.125109 -0.992136 0.00374398
24.3695 57.3551 -3.31002 -0.128225 -0.991743 0.00194076
24.3865 57.3497 -4.35966 -0.127418 -0.991843 0.00362136
24.3779 57.3476 -5.49798 -0.125691 -0.992065 0.00303255
25.1402 57.2501 -6.091 -0.123271 -0.992368 0.00287179
26.1711 57.1242 -6.09093 -0.120114 -0.992759 0.00162965
27.165 57.0037 -6.08762 -0.121 -0.992648 0.00281235
28.3372 56.8584 -6.06714 -0.121737 -0.99256 0.00234203
29.4173 56.7291 -6.06575 -0.114667 -0.993402 0.00188021
30.4497 56.6086 -6.06458 -0.119862 -0.99278 0.0045501
31.5006 56.4837 -6.0569 -0.114766 -0.993391 0.00152533
32.5943 56.3569 -6.03645 -0.112605 -0.993638 -0.00147723
32.8999 56.3217 -5.02572 -0.11503 -0.993359 0.00249661
32.9246 56.3219 -3.92961 -0.11551 -0.993297 0.00418895
32.9404 56.323 -2.90311 -0.113631 -0.993522 0.00149979
32.9413 56.3236 -1.88361 -0.11102 -0.993818 0.00109155
32.9394 56.3262 -0.72588 -0.109321 -0.994003 0.0025461
32.9284 56.3295 0.361244 -0.112415 -0.993658 0.00243379
32.9123 56.3345 1.42173 -0.113033 -0.993585 0.00348494
32.9142 56.338 2.43666 -0.113745 -0.993505 0.00323231
32.9357 56.3397 3.44596 -0.112428 -0.993654 0.00331254
32.9392 56.3409 4.45965 -0.108217 -0.994124 0.002421
32.9063 56.3473 5.56096 -0.109225 -0.994014 0.00261279
32.3046 56.4145 6.0976 -0.110647 -0.993854 0.00266817
31.1964 56.541 6.05452 -0.116468 -0.993194 0.000358562
30.074 56.6766 6.06733 -0.122092 -0.992514 0.00297995
29.003 56.8039 6.05965 -0.116471 -0.993194 0.000241024
27.9583 56.9284 6.08146 -0.118427 -0.99296 0.00248154
26.9054 57.053 6.06642 -0.117193 -0.993109 0.00101557
25.7697 57.1906 6.07234 -0.125121 -0.992141 0.00134481
24.7774 57.317 6.05852 -0.125836 -0.992047 0.00298393
24.3742 57.3668 5.21056 -0.125287 -0.99212 0.000540298
24.3862 57.3688 4.03509 -0.128142 -0.991751 -0.0031537
24.3836 57.3695 2.89841 -0.127653 -0.991816 0.0023894
24.3657 57.3683 1.75308 -0.125762 -0.992056 0.00293436
24.3735 57.3658 0.750014 -0.127593 -0.991826 0.000994142
24.3573 57.3656 -0.288727 -0.126225 -0.991997 0.00297205
24.3278 57.367 -0.993199 -0.124688 -0.992191 0.00319898
23.3833 57.4885 -1.05574 -0.129229 -0.991605 0.0044615
23.4192 57.488 -0.000219328 -0.129529 -0.991571 0.00291896
23.4048 57.4924 1.04581 -0.129922 -0.991524 0.000631534
23.4162 57.4913 2.15097 -0.132523 -0.991177 0.000924712
23.4061 57.4957 3.16162 -0.128911 -0.991656 0.000727861
23.4157 57.4936 4.17617 -0.129724 -0.991545 -0.00327869
23.4154 57.4906 5.22893 -0.132257 -0.991214 -0.00111934
23.39 57.4942 6.30085 -0.13061 -0.991434 -6.20271e-05
23.8637 57.4336 7.01483 -0.125156 -0.992136 0.00106765
24.8831 57.3055 7.03456 -0.125487 -0.992093 0.00215023
25.8841 57.1789 7.04798 -0.124378 -0.992231 0.00285627
26.944 57.0503 7.0433 -0.119213 -0.992861 0.00398998
27.9884 56.9257 7.05397 -0.118063 -0.993004 -0.00200007
29.0975 56.7921 7.02339 -0.11933 -0.992853 -0.00185379
30.1151 56.672 7.05341 -0.11726 -0.993098 -0.00233238
31.1933 56.5438 7.02226 -0.117109 -0.993117 0.00210218
32.2812 56.4185 7.06397 -0.10895 -0.994044 0.00221523
33.4744 56.2925 7.04537 -0.102707 -0.994708 0.00268328
33.8889 56.2465 6.14186 -0.103127 -0.994661 0.00383153
33.8794 56.2424 5.01809 -0.103378 -0.994631 0.00461345
33.9013 56.2354 3.94385 -0.106908 -0.994249 0.00621811
33.8785 56.2304 2.89872 -0.110542 -0.993835 0.00846883
33.8703 56.2258 1.8756 -0.115285 -0.993325 0.00373685
33.8975 56.2208 0.706309 -0.112722 -0.993625 0.00153949
33.8814 56.2226 -0.462569 -0.10971 -0.993963 0.00131666
33.912 56.2166 -1.52754 -0.109898 -0.993938 0.00294979
33.904 56.2146 -2.61674 -0.110405 -0.993883 0.00269209
33.8981 56.2127 -3.75952 -0.10978 -0.993954 0.00186031
33.89 56.2121 -4.84245 -0.105944 -0.994371 -0.000877482
33.9158 56.2119 -5.948 -0.104283 -0.994539 -0.00417852
33.8065 56.2262 -6.95374 -0.109145 -0.994024 0.000364534
32.8086 56.3356 -7.03659 -0.109821 -0.993951 -0.000938031
31.7997 56.4488 -7.01136 -0.113114 -0.993582 7.08672e-05
30.7822 56.5653 -7.05235 -0.11355 -0.993524 0.00385474
29.6063 56.7046 -7.04423 -0.120204 -0.992744 0.00291284
28.4532 56.8426 -7.03474 -0.117622 -0.993058 0.000451478
27.3433 56.9781 -7.04003 -0.124615 -0.992199 0.00337755
26.3493 57.1011 -7.0515 -0.120444 -0.992719 0.0014513
25.2073 57.2395 -7.05928 -0.120774 -0.992678 0.00198074
24.1494 57.3734 -7.05033 -0.127169 -0.991881 0.00097987
23.4246 57.4688 -6.50592 -0.130299 -0.991474 0.000969309
23.4126 57.4719 -5.5029 -0.128118 -0.991754 0.00324892
23.4305 57.4736 -4.49008 -0.131844 -0.991262 0.00408675
23.3912 57.4827 -3.38845 -0.130397 -0.991459 0.00245933
23.3972 57.4834 -2.35746 -0.130505 -0.991447 0.000656684
23.3816 57.4875 -1.32667 -0.129893 -0.991521 0.00371204
23.3827 57.4885 -1.06733 -0.129822 -0.991528 0.00423061
24.9596 57.2883 -0.899035 -0.123608 -0.992328 0.00263904
26.0652 57.15 -0.898729 -0.124404 -0.992231 0.000669212
27.1376 57.0164 -0.898409 -0.123631 -0.992327 0.00130265
28.3314 56.8688 -0.898036 -0.121498 -0.992588 0.00277569
29.5409 56.7236 -0.897692 -0.116515 -0.993185 0.00268403
30.5622 56.604 -0.897401 -0.117304 -0.993095 0.0013703
31.596 56.4799 -0.897109 -0.118854 -0.992908 0.00257074
32.3317 56.3936 -0.896917 -0.115545 -0.993302 0.000731154
32.4076 56.3877 0.00040052 -0.113657 -0.993515 0.00318944
31.2598 56.5216 0.000145104 -0.118254 -0.992983 0.000969221
30.2338 56.6443 -0.000101393 -0.117253 -0.993102 0.00102105
29.1447 56.7728 -0.000343369 -0.116757 -0.99316 0.000556567
27.9579 56.9155 -0.000648846 -0.122964 -0.992411 -0.000294166
26.9267 57.0437 -0.000866211 -0.122906 -0.992417 0.0015629
25.768 57.1873 -0.00114212 -0.12465 -0.992199 0.00195713
24.8451 57.304 -0.00138557 -0.125934 -0.992039 0.000266073
25.0267 57.2826 0.896351 -0.125003 -0.992155 0.00159059
26.0328 57.1564 0.896545 -0.123414 -0.992352 0.00245768
27.1035 57.0234 0.896753 -0.122339 -0.992485 0.00261612
28.1525 56.8922 0.896934 -0.122839 -0.992427 -3.64036e-05
29.3185 56.7538 0.897096 -0.116714 -0.993165 0.00055922
30.3528 56.6309 0.897297 -0.118386 -0.992967 0.000798858
31.3511 56.5124 0.897482 -0.116175 -0.993225 0.0027745
32.3601 56.3953 0.897716 -0.112511 -0.993644 0.00346517
32.4107 56.393 1.79502 -0.11346 -0.993535 0.00393394
31.2885 56.5224 1.79481 -0.116197 -0.993218 0.00397163
30.2481 56.6454 1.79463 -0.117873 -0.993026 0.00232715
29.1013 56.7804 1.7945 -0.116132 -0.993233 0.000874213
28.0191 56.9108 1.79434 -0.124222 -0.992253 0.001701
26.9995 57.0379 1.79428 -0.122841 -0.992424 0.0019013
25.9603 57.1665 1.7942 -0.124043 -0.992277 0.000475658
24.9422 57.295 1.79406 -0.12589 -0.992042 0.00231484
24.8778 57.3032 1.79405 -0.126499 -0.991964 0.00252519
24.8785 57.3061 2.6918 -0.12648 -0.991968 0.00126655
26.0089 57.1616 2.69185 -0.125024 -0.992154 6.98892e-05
27.0577 57.0318 2.69185 -0.121578 -0.992581 0.0013668
28.198 56.8919 2.69187 -0.120514 -0.992706 0.00333611
29.3359 56.755 2.69189 -0.118257 -0.992975 0.0038929
30.4377 56.6249 2.69196 -0.117107 -0.993118 0.00172969
31.5393 56.4971 2.6921 -0.113829 -0.993491 0.00434463
32.4245 56.3954 2.69232 -0.114522 -0.993412 0.00417226
32.432 56.3977 3.58947 -0.114019 -0.993476 0.0023825
31.4184 56.5146 3.58928 -0.113353 -0.993553 0.00206179
30.2568 56.6482 3.58923 -0.117041 -0.993124 0.00259152
29.2485 56.7688 3.58927 -0.120931 -0.992656 0.00319053
28.138 56.9023 3.58934 -0.11853 -0.992945 0.00336188
27.1267 57.025 3.58941 -0.12133 -0.992604 0.00393425
26.1289 57.1475 3.58949 -0.122957 -0.992412 0.000112447
24.9267 57.3005 3.58957 -0.127704 -0.991809 -0.00261223
24.9126 57.3023 3.58957 -0.127314 -0.991858 -0.00307363
25.0449 57.2829 4.48737 -0.126318 -0.991987 -0.00248941
26.1479 57.1456 4.48718 -0.121119 -0.992638 0.000654448
27.1486 57.0239 4.48699 -0.121443 -0.992598 0.000473028
28.1656 56.9004 4.4868 -0.1189 -0.992906 0.000200105
29.1968 56.7778 4.48663 -0.118607 -0.992939 0.00194718
30.2646 56.6486 4.48648 -0.118672 -0.992926 0.00394846
31.2952 56.5294 4.48641 -0.114333 -0.993442 -0.000140862
32.2891 56.4136 4.48646 -0.112564 -0.993644 0.000126756
32.3924 56.4037 5.38334 -0.112532 -0.993645 0.00245901
31.3449 56.5234 5.38341 -0.115299 -0.99333 0.00131168
30.2734 56.65 5.38361 -0.121177 -0.992626 0.0032789
29.1696 56.7829 5.38395 -0.117279 -0.993098 0.00107909
28.09 56.9109 5.38426 -0.118922 -0.9929 0.00250376
27.0161 57.0395 5.38459 -0.118918 -0.992904 0.00075791
25.9109 57.1737 5.38492 -0.122764 -0.992435 -0.00112641
24.9805 57.2901 5.38516 -0.125188 -0.992133 0.000223613
24.8423 57.3 -1.79676 -0.123824 -0.992298 0.00338962
25.9251 57.1654 -1.79639 -0.123658 -0.992316 0.00410706
26.9727 57.035 -1.79602 -0.123319 -0.992364 0.00243643
27.9697 56.9113 -1.79565 -0.123318 -0.992365 0.00203505
29.1348 56.7684 -1.79524 -0.11973 -0.992802 0.00309031
30.2906 56.6346 -1.79486 -0.116173 -0.993226 0.00247709
31.4311 56.4985 -1.79447 -0.119666 -0.992813 0.00144416
32.4468 56.3792 -1.7942 -0.113235 -0.993568 0.000243985
32.353 56.3907 -2.69148 -0.114885 -0.993379 0.000182207
31.3357 56.5098 -2.6918 -0.118215 -0.992988 0.000281191
30.2754 56.6344 -2.69225 -0.115158 -0.993347 2.06454e-05
29.207 56.7579 -2.69264 -0.116172 -0.993229 -8.45848e-05
28.1991 56.881 -2.69306 -0.123679 -0.992321 0.00140331
27.0414 57.0247 -2.69355 -0.122514 -0.992465 0.00170805
25.9081 57.1641 -2.69402 -0.121671 -0.992565 0.00342115
24.9737 57.2801 -2.69439 -0.125195 -0.992128 0.00271464
24.8653 57.2909 -3.59214 -0.125499 -0.992092 0.00170921
25.9736 57.1533 -3.59164 -0.121268 -0.992616 0.00261113
27.1031 57.0158 -3.5911 -0.122352 -0.992486 0.00158551
28.2967 56.8668 -3.59048 -0.124239 -0.99225 0.00229191
29.369 56.7392 -3.58994 -0.114512 -0.99342 -0.00174246
30.3964 56.62 -3.58949 -0.117118 -0.993117 0.0011084
31.5122 56.4873 -3.58899 -0.116809 -0.993152 0.00240861
32.4266 56.3809 -3.58868 -0.115194 -0.99334 0.00256496
32.3204 56.39 -4.48585 -0.114929 -0.993365 0.0040828
31.2505 56.5152 -4.4863 -0.119346 -0.99285 0.00237127
30.2231 56.6395 -4.48683 -0.118558 -0.992942 0.0031266
29.1411 56.7655 -4.48741 -0.113404 -0.993549 0.000889518
27.9989 56.9035 -4.48811 -0.123887 -0.992296 0.000543817
26.8745 57.0426 -4.48881 -0.120846 -0.992669 0.00205544
25.8188 57.1699 -4.48941 -0.12155 -0.992583 0.00223808
24.8709 57.2878 -4.48989 -0.125185 -0.992132 0.0018146
24.9379 57.2774 -5.38766 -0.124039 -0.992274 0.00247363
25.9962 57.1464 -5.38701 -0.12112 -0.992636 0.00197152
27.0264 57.0224 -5.38632 -0.12047 -0.992713 0.00276795
28.0905 56.8904 -5.38559 -0.123852 -0.992299 0.0015494
29.2064 56.7558 -5.38481 -0.114366 -0.993428 0.00460481
30.2519 56.6338 -5.38406 -0.119228 -0.992866 0.00144054
31.4516 56.4899 -5.38331 -0.117088 -0.993121 0.00106455
32.1899 56.4031 -5.38296 -0.114448 -0.993429 0.000330617
32.31 56.3892 -5.38291 -0.114443 -0.99343 0.000334955
