-47.4634 58.5528 0.14757 0.0410708 -0.999156 -0.000331234
-47.4449 58.5537 -0.966109 0.0414151 -0.999142 4.93395e-05
-47.4426 58.5536 -1.97971 0.0412711 -0.999148 0.000321686
-47.4459 58.5534 -3.00569 0.0409781 -0.99916 -6.10296e-05
-47.437 58.5533 -4.13214 0.0407734 -0.999168 0.000599596
-47.4146 58.5536 -5.16131 0.0405821 -0.999176 0.000558196
-47.1999 58.5621 -6.07829 0.041076 -0.999156 0.000139122
-46.1146 58.6055 -6.13717 0.0386033 -0.999254 -0.000663408
-45.0012 58.648 -6.08025 0.0373828 -0.999301 0.00047061
-43.9502 58.6861 -6.10756 0.0348105 -0.999393 0.000982668
-42.9507 58.7201 -6.13062 0.0327308 -0.999463 0.00120309
-41.9167 58.754 -6.15178 0.0335798 -0.999435 0.00123403
-40.9118 58.7867 -6.13074 0.0315322 -0.999501 0.00186651
-39.8801 58.8192 -6.06457 0.0324213 -0.999474 0.000282094
-38.8826 58.8518 -5.96087 0.0334149 -0.999441 -0.000469505
-38.8214 58.8538 -4.93562 0.031293 -0.999509 0.00167693
-38.8515 58.8563 -3.90542 0.0310987 -0.999509 0.00373975
-38.8307 58.8593 -2.89216 0.0296413 -0.99956 0.000991215
-38.8181 58.8614 -1.88831 0.0298236 -0.999553 0.00190511
-38.8237 58.8634 -0.877933 0.029997 -0.999548 0.00201964
-38.8163 58.8651 0.144889 0.0314317 -0.999506 -0.000278605
-38.8087 58.8646 1.23983 0.0308796 -0.999522 -0.00115525
-38.8207 58.8634 2.29594 0.031565 -0.999501 -0.000974499
-38.8189 58.8627 3.33958 0.0323543 -0.999476 -0.000611511
-38.8543 58.8607 4.35712 0.0343651 -0.999408 -0.00137803
-38.8634 58.8592 5.48629 0.0343192 -0.99941 -0.001292
-39.4275 58.8397 6.0848 0.0323973 -0.999475 -0.000915629
-40.482 58.8065 6.10643 0.0310716 -0.999517 -0.000530948
-41.5708 58.7717 6.1144 0.0330844 -0.999452 -0.000934477
-42.6519 58.7354 6.08113 0.0332914 -0.999445 -0.000421403
-43.7528 58.6988 6.08506 0.0337916 -0.999429 9.83861e-05
-44.7961 58.6617 6.11509 0.0374439 -0.999299 0.000109819
-45.8324 58.6221 6.10555 0.0389658 -0.99924 0.000441507
-46.8678 58.5807 6.11682 0.040534 -0.999178 -5.04251e-05
-47.4331 58.5568 5.39004 0.0415844 -0.999135 0.000673613
-47.4423 58.5556 4.36057 0.0419165 -0.999121 0.000568292
-47.4493 58.5549 3.31036 0.0415886 -0.999135 0.000637798
-47.4101 58.5559 2.24027 0.0414994 -0.999138 0.00086374
-47.4465 58.5535 1.14921 0.040983 -0.99916 0.000423969
-47.4622 58.5528 0.305243 0.0409497 -0.999161 -0.000159271
-48.4174 58.5136 0.278472 0.0409749 -0.99916 0.000312073
-48.4028 58.5146 1.31043 0.0406741 -0.999172 0.000553923
-48.3876 58.5155 2.52283 0.0411966 -0.999151 0.000236666
-48.4047 58.5149 3.64292 0.0419279 -0.999121 0.000332499
-48.4133 58.515 4.71386 0.0414291 -0.999141 0.000805507
-48.4196 58.5162 5.7898 0.0408336 -0.999165 0.00108569
-48.396 58.5179 6.83617 0.0411927 -0.999151 0.000729794
-47.3848 58.5601 7.10993 0.0412196 -0.999149 0.00139095
-46.3651 58.6013 7.07664 0.0399458 -0.999202 0.000398501
-45.3163 58.6424 7.09746 0.0388636 -0.999245 -1.45988e-05
-44.3013 58.6797 7.0624 0.0350075 -0.999387 0.000122669
-43.1186 58.7195 7.05123 0.0324251 -0.999474 -0.000716963
-42.0551 58.7544 7.07202 0.0332493 -0.999447 -0.000993671
-40.9637 58.7907 7.07493 0.032288 -0.999478 -0.00124285
-39.8893 58.8244 7.06961 0.0316527 -0.999499 -0.000634395
-38.7983 58.8597 7.06442 0.0332654 -0.999445 -0.00146938
-37.8781 58.8905 6.82885 0.032575 -0.999467 -0.00199069
-37.865 58.8924 5.76835 0.0325092 -0.999471 -0.00122871
-37.8838 58.8921 4.76611 0.0307797 -0.999526 -2.9227e-05
-37.8594 58.8924 3.68709 0.0305194 -0.999534 -1.23032e-05
-37.8617 58.8932 2.62841 0.0312498 -0.999511 -0.00129542
-37.8616 58.8941 1.55838 0.0312762 -0.999511 -0.000241061
-37.8599 58.8941 0.411 0.0306644 -0.99953 0.000240161
-37.8719 58.8927 -0.616222 0.0299366 -0.999549 0.00245038
-37.8506 58.8902 -1.70923 0.0294057 -0.999563 0.00298625
-37.8559 58.8881 -2.71197 0.0289377 -0.999581 0.00101157
-37.8768 58.8872 -3.76289 0.0292158 -0.999573 0.000178677
-37.8588 58.8859 -4.83349 0.0334904 -0.999436 0.00237484
-37.8427 58.886 -5.89911 0.032668 -0.999466 -0.00101493
-37.8973 58.8852 -6.9159 0.0336383 -0.999434 -0.000595481
-38.9143 58.8508 -7.08077 0.0346738 -0.999397 0.00187699
-39.961 58.8159 -7.05353 0.0323417 -0.999477 -0.000672673
-41.0268 58.7812 -7.09675 0.0316175 -0.999499 0.00124326
-42.0472 58.7486 -7.10248 0.0323226 -0.999477 0.00101813
-43.0787 58.7148 -7.09548 0.0330126 -0.999454 0.000965969
-44.1325 58.6791 -7.08926 0.0350512 -0.999385 0.000974462
-45.16 58.6417 -7.05357 0.0373581 -0.999302 0.000291977
-46.1712 58.6032 -7.09726 0.0389592 -0.999241 0.000254447
-47.2676 58.5593 -7.09516 0.0414528 -0.99914 -0.000271757
-48.3017 58.5164 -7.00715 0.041274 -0.999148 0.00066111
-48.382 58.514 -5.93612 0.0403554 -0.999185 0.000792029
-48.4055 58.5136 -4.80163 0.0405707 -0.999177 0.000456681
-48.4336 58.5129 -3.74599 0.0406876 -0.999172 0.000399296
-48.4069 58.5143 -2.62537 0.0404959 -0.99918 0.00013368
-48.4127 58.5139 -1.53682 0.0406126 -0.999175 -0.000378164
-48.4117 58.5138 -0.498664 0.0410687 -0.999156 -9.36371e-05
-48.418 58.5136 0.147898 0.040975 -0.99916 0.000311765
-46.9644 58.5733 4.48835e-05 0.0408985 -0.999163 -0.000375095
-45.8327 58.6189 3.9981e-05 0.0393046 -0.999227 3.37929e-05
-44.6284 58.6652 2.66203e-05 0.0378864 -0.999282 0.000457412
-43.546 58.7049 1.54525e-05 0.0348234 -0.999393 -0.000144509
-42.5202 58.7403 3.23772e-06 0.0333648 -0.999443 0.000337291
-41.4619 58.7752 -1.03358e-05 0.0335246 -0.999436 0.00170909
-40.3049 58.8157 -3.63297e-05 0.0353142 -0.999375 0.00126442
-39.3453 58.8484 -6.90067e-05 0.0311864 -0.999513 0.00128774
-39.3155 58.8493 0.896928 0.0320739 -0.999485 -0.000839227
-40.3565 58.8148 0.896944 0.0347409 -0.999396 -0.000318947
-41.4727 58.7759 0.896964 0.0341812 -0.999414 0.00188174
-42.6104 58.7374 0.896989 0.0342271 -0.999414 0.000199387
-43.6647 58.7007 0.897011 0.0357205 -0.999362 0.000531402
-44.7678 58.6604 0.897035 0.0381612 -0.999271 0.000678531
-45.8947 58.6167 0.897053 0.0399271 -0.999202 0.00065347
-46.9498 58.5738 0.89708 0.0409976 -0.999159 0.000329133
-46.8137 58.58 1.7941 0.0410526 -0.999157 0.000950273
-45.6529 58.6269 1.79407 0.0396619 -0.999213 0.00035301
-44.4447 58.6731 1.79403 0.0373754 -0.999301 0.000642227
-43.3096 58.7135 1.794 0.0348514 -0.999392 0.000190922
-42.077 58.756 1.79396 0.0341457 -0.999417 0.000256469
-41.0325 58.7913 1.79394 0.0335175 -0.999438 -0.000766039
-40.0064 58.8255 1.79392 0.0327824 -0.999462 -0.00138338
-39.2988 58.8485 1.79391 0.0323376 -0.999476 -0.00110417
-39.4478 58.8427 2.69088 0.0328085 -0.999461 -0.00108462
-40.6096 58.8044 2.6909 0.0328576 -0.999459 -0.00109068
-41.716 58.7679 2.69093 0.0334414 -0.99944 -0.000784664
-42.8344 58.73 2.69097 0.0341347 -0.999417 -0.000117122
-43.8412 58.6953 2.69101 0.0350604 -0.999385 -0.000205316
-44.8802 58.657 2.69106 0.037965 -0.999279 0.000532021
-45.9299 58.6163 2.69111 0.0395884 -0.999216 0.000637196
-46.9287 58.5761 2.69114 0.0409649 -0.99916 0.000462117
-46.9374 58.5763 3.58819 0.0416011 -0.999134 0.000665448
-45.8588 58.6197 3.58813 0.039482 -0.99922 0.000499935
-44.7971 58.6604 3.58807 0.0371043 -0.999311 0.000247964
-43.7449 58.6985 3.588 0.035176 -0.999381 -0.000186294
-42.7187 58.7338 3.58794 0.034274 -0.999412 7.40862e-05
-41.7157 58.7673 3.58789 0.0325479 -0.99947 -0.000224826
-40.7051 58.8004 3.58786 0.0330805 -0.999453 -0.000476933
-39.6714 58.8344 3.58784 0.0328591 -0.999459 -0.00101363
-39.4821 58.8406 3.58783 0.0331071 -0.999451 -0.00102965
-39.3872 58.8425 4.48478 0.0336946 -0.999431 -0.00158366
-40.5285 58.8058 4.48481 0.0319891 -0.999488 -0.000332684
-41.5751 58.7718 4.48485 0.0327322 -0.999464 0.000328312
-42.6824 58.7348 4.48491 0.0339909 -0.999422 -0.000201722
-43.7145 58.6995 4.48499 0.034702 -0.999398 0.00010461
-44.7644 58.6618 4.48507 0.0368274 -0.999322 0.000449978
-45.9122 58.6182 4.48517 0.0386175 -0.999254 0.000405341
-46.7926 58.5829 4.48523 0.041325 -0.999146 0.000625776
-46.9041 58.5787 5.3823 0.0412929 -0.999147 0.000576054
-45.8337 58.6219 5.38221 0.0391137 -0.999235 0.000377152
-44.8229 58.6605 5.38209 0.0375285 -0.999295 0.000648758
-43.7265 58.6994 5.38197 0.034345 -0.99941 0.000722897
-42.686 58.7345 5.38188 0.0338902 -0.999426 -0.000328721
-41.5402 58.7732 5.38179 0.0337799 -0.999429 -0.000483866
-40.5377 58.8052 5.38174 0.0310638 -0.999517 -0.000673607
-39.5054 58.8377 5.38171 0.0330742 -0.999453 -0.000427893
-39.4004 58.8455 -0.897033 0.0320615 -0.999485 0.00111851
-40.4379 58.8101 -0.897009 0.0353147 -0.999376 0.00096134
-41.526 58.7727 -0.89699 0.0333989 -0.999442 0.000306386
-42.6127 58.7364 -0.896983 0.0335755 -0.999436 0.000776615
-43.7438 58.6976 -0.896977 0.0353643 -0.999374 0.000562838
-44.9193 58.6541 -0.896976 0.0383541 -0.999264 -0.000196125
-45.9351 58.6149 -0.896971 0.0393744 -0.999225 -2.31205e-05
-46.7991 58.5804 -0.896964 0.0415283 -0.999137 -0.000345525
-46.8562 58.5778 -1.79399 0.0407923 -0.999167 0.000617473
-45.8467 58.6183 -1.79399 0.0391804 -0.999232 0.000554513
-44.7404 58.6607 -1.79398 0.0375547 -0.999295 0.000209948
-43.6323 58.7012 -1.79397 0.0351158 -0.999383 8.08753e-05
-42.5922 58.7367 -1.79396 0.0333455 -0.999444 0.000275168
-41.584 58.7702 -1.79396 0.0332047 -0.999448 0.000960443
-40.492 58.8073 -1.79397 0.0344758 -0.999405 0.00114209
-39.4849 58.8411 -1.794 0.0318923 -0.999491 3.21365e-05
-39.3969 58.8439 -1.794 0.0311278 -0.999515 0.000670461
-39.371 58.8434 -2.69095 0.0307181 -0.999525 0.00256447
-40.4174 58.8089 -2.69093 0.0349527 -0.999388 0.00145351
-41.4933 58.7724 -2.69093 0.0329879 -0.999455 0.000851713
-42.5247 58.7386 -2.69094 0.0328963 -0.999459 0.000492759
-43.5414 58.704 -2.69095 0.0349256 -0.99939 0.000524068
-44.5786 58.6663 -2.69098 0.0371367 -0.99931 0.00103702
-45.728 58.6224 -2.691 0.0388764 -0.999244 0.000298573
-46.7421 58.5821 -2.69102 0.0403567 -0.999185 3.37088e-06
-46.8832 58.5764 -2.69102 0.0403998 -0.999184 -7.24767e-05
-46.927 58.5743 -3.58805 0.0404807 -0.99918 0.000415981
-45.8055 58.619 -3.58802 0.0388907 -0.999243 0.00059301
-44.7404 58.6595 -3.58798 0.0373958 -0.9993 0.000974749
-43.6963 58.6975 -3.58795 0.0358581 -0.999356 0.00130058
-42.6876 58.7322 -3.58792 0.0330804 -0.999452 0.00140578
-41.6666 58.7656 -3.58789 0.032033 -0.999486 0.00126109
-40.5952 58.801 -3.58788 0.0332404 -0.999445 0.00207033
-39.4801 58.8374 -3.58788 0.0320879 -0.999481 0.00293331
-39.3595 58.8412 -3.58788 0.0321088 -0.99948 0.00295244
-39.3953 58.8368 -4.48481 0.0315068 -0.999496 0.00380764
-40.4544 58.8038 -4.48482 0.0318107 -0.999492 0.0016798
-41.4902 58.77 -4.48484 0.0326445 -0.999466 0.00128843
-42.5351 58.7364 -4.48487 0.0325463 -0.99947 0.00113383
-43.5392 58.702 -4.48492 0.034798 -0.999394 0.000451797
-44.5401 58.6661 -4.48497 0.0366526 -0.999328 0.000951673
-45.6461 58.6248 -4.48504 0.0378808 -0.999282 0.0006063
-46.7246 58.5821 -4.48509 0.0400648 -0.999197 0.000452898
-46.7583 58.5807 -4.48509 0.0402469 -0.99919 0.000580535
-46.72 58.5817 -5.38213 0.0404225 -0.999183 0.00045781
-45.6497 58.6239 -5.38206 0.03819 -0.99927 0.00095766
-44.5839 58.6639 -5.38197 0.0367111 -0.999326 0.000569089
-43.3912 58.7063 -5.38188 0.0345761 -0.999402 0.000562585
-42.2904 58.7426 -5.38181 0.032221 -0.999479 0.00205229
-41.1767 58.7795 -5.38177 0.0329089 -0.999458 0.000608952
-39.9671 58.8173 -5.38175 0.030719 -0.999527 0.00118227
-39.652 58.827 -5.38174 0.0306256 -0.999531 0.000431529
-39.4374 58.8336 -5.38173 0.0314293 -0.999506 0.000625267
