23.6065 61.1543 0.746636 -0.137811 -0.990457 -0.0019361
23.6207 61.1536 -0.293923 -0.138815 -0.990318 9.30463e-05
23.6391 61.15 -1.29905 -0.138031 -0.990427 0.00161188
23.6468 61.1471 -2.44219 -0.13761 -0.990485 0.0014518
23.6538 61.1444 -3.44499 -0.138599 -0.990346 0.00230407
23.6328 61.1439 -4.5317 -0.138603 -0.990338 0.00447457
23.6681 61.1341 -5.58364 -0.137025 -0.990556 0.00479346
24.489 61.0188 -6.02412 -0.137508 -0.990496 0.00282974
25.6426 60.8563 -6.02888 -0.140752 -0.990044 0.00129352
26.6608 60.7111 -6.02752 -0.141272 -0.98997 0.000959665
27.7192 60.5594 -6.03036 -0.141804 -0.989892 0.00220945
28.7599 60.4079 -6.03315 -0.148329 -0.988938 0.000961901
29.7657 60.2562 -6.00326 -0.149463 -0.988767 0.000267825
30.8529 60.092 -5.99376 -0.147904 -0.988993 0.0040135
32.0516 59.9177 -6.01693 -0.14002 -0.990146 0.00135762
32.4824 59.86 -5.3305 -0.136738 -0.990605 0.00223365
32.5257 59.8567 -4.27359 -0.137959 -0.990438 0.000417732
32.4786 59.8663 -3.11902 -0.14251 -0.989779 0.00526594
32.5064 59.8682 -2.09174 -0.144283 -0.989522 0.00531086
32.5308 59.8679 -0.974665 -0.142927 -0.989732 0.00181776
32.5353 59.868 0.0287522 -0.141898 -0.989881 -0.00024237
32.4964 59.8756 1.13244 -0.140977 -0.990012 0.000553065
32.5303 59.871 2.13494 -0.13971 -0.990188 -0.00262787
32.4937 59.8738 3.25541 -0.145957 -0.989291 -0.00014841
32.4815 59.8762 4.39567 -0.146188 -0.989257 1.39653e-05
32.4487 59.8805 5.40134 -0.145774 -0.989318 0.000195964
31.7556 59.9818 5.96696 -0.144038 -0.989569 -0.00269762
30.7021 60.1354 6.03381 -0.142191 -0.989834 -0.002746
29.6074 60.2913 6.01074 -0.142272 -0.989821 0.0037054
28.5255 60.4519 6.01229 -0.147777 -0.989017 0.00198449
27.3622 60.6216 6.00173 -0.141391 -0.989953 0.000916551
26.3498 60.7658 6.03037 -0.139831 -0.990174 0.00142109
25.2267 60.9223 6.02275 -0.137439 -0.99051 0.000866819
24.2338 61.0609 6.01474 -0.138082 -0.99042 -0.00114341
23.6703 61.1394 5.41106 -0.13721 -0.990542 0.000647577
23.6459 61.1415 4.27369 -0.132659 -0.99116 0.00170719
23.6382 61.1448 3.10247 -0.134101 -0.990959 -0.00404571
23.612 61.1515 2.09673 -0.136985 -0.990572 -0.00150837
23.6101 61.1534 0.967437 -0.137785 -0.990461 -0.00163295
23.6093 61.1537 0.85044 -0.137787 -0.990461 -0.00163106
22.6187 61.2907 0.961167 -0.134647 -0.990893 -0.00137072
22.6049 61.2912 1.99669 -0.138067 -0.990419 -0.00238595
22.637 61.2789 3.17626 -0.13186 -0.991224 -0.00942583
22.6499 61.2729 4.18128 -0.129708 -0.99155 0.00155123
22.6534 61.2758 5.19208 -0.131573 -0.991301 0.00327194
22.6764 61.2749 6.21077 -0.133946 -0.990987 0.00161937
22.984 61.2325 7.00818 -0.136252 -0.990674 -0.000623151
23.9844 61.0945 7.04284 -0.136445 -0.990647 -0.000816476
25.0273 60.9505 7.01606 -0.1362 -0.990681 0.00109156
26.0658 60.8068 7.03632 -0.140495 -0.99008 0.00151298
27.1629 60.6501 7.01501 -0.14162 -0.989921 -0.000494777
28.1529 60.5083 7.02593 -0.143027 -0.989716 0.00188375
29.2526 60.3469 7.01423 -0.145618 -0.98933 0.00463011
30.3037 60.1917 7.03442 -0.147942 -0.988996 0.000922331
31.3556 60.0382 7.00366 -0.141869 -0.989885 0.000156697
32.3483 59.8958 7.01003 -0.142799 -0.989751 0.000301604
33.352 59.756 6.98854 -0.132726 -0.99115 0.00220891
33.4793 59.7374 5.92965 -0.132381 -0.991198 0.00153813
33.4917 59.7319 4.76325 -0.134152 -0.990951 0.00445832
33.4907 59.7297 3.68052 -0.13854 -0.990356 -0.00112485
33.5155 59.7297 2.48768 -0.140498 -0.99007 -0.00456151
33.4897 59.7359 1.45624 -0.139633 -0.990202 0.000614885
33.5069 59.7324 0.416236 -0.136254 -0.990673 0.00145601
33.5162 59.7288 -0.600688 -0.136272 -0.990665 0.00360351
33.5166 59.725 -1.65468 -0.139605 -0.990199 0.00402521
33.5067 59.7226 -2.81496 -0.136033 -0.990692 0.00497363
33.5115 59.7212 -3.89929 -0.134246 -0.990947 -0.000986617
33.4803 59.7263 -4.9606 -0.133014 -0.99111 0.00262118
33.5204 59.7161 -6.08073 -0.13307 -0.991092 0.00534164
33.3004 59.7415 -7.00039 -0.137351 -0.990509 0.0049828
32.2727 59.886 -7.02234 -0.140302 -0.990108 0.000162429
31.1273 60.0479 -7.01988 -0.142654 -0.98977 0.00210634
30.0236 60.2159 -7.02391 -0.155672 -0.987809 -2.77388e-05
29.0258 60.3675 -7.03034 -0.144818 -0.989449 0.00434455
27.9781 60.5191 -7.0164 -0.143622 -0.989626 0.00348758
26.8953 60.6762 -7.02125 -0.143462 -0.989654 0.00166789
25.8171 60.8301 -7.02573 -0.139875 -0.990168 0.00141963
24.7743 60.9772 -7.02392 -0.139133 -0.990272 0.00193035
23.7831 61.1151 -7.0223 -0.136994 -0.990571 0.00111246
22.7465 61.2568 -6.9309 -0.132369 -0.991196 0.00294495
22.682 61.2686 -5.87201 -0.136671 -0.990608 0.00404098
22.6389 61.2805 -4.70711 -0.135277 -0.990797 0.00467138
22.6637 61.2802 -3.69237 -0.133977 -0.990981 0.00236765
22.6362 61.2858 -2.59354 -0.131648 -0.991296 0.000644066
22.6408 61.2856 -1.52712 -0.132448 -0.991188 0.00201811
22.6392 61.2881 -0.524351 -0.134175 -0.990954 0.00261938
22.6173 61.2913 0.677681 -0.134726 -0.990882 -0.00134334
22.6177 61.2911 0.730998 -0.134724 -0.990882 -0.00135067
24.1878 61.0732 0.896824 -0.137869 -0.990449 -0.00165026
25.2221 60.9282 0.896847 -0.139409 -0.990235 -0.000714567
26.3842 60.7641 0.896955 -0.140765 -0.990043 0.00046
27.4273 60.6138 0.897096 -0.144693 -0.989476 0.00079895
28.5975 60.4426 0.897236 -0.143775 -0.989609 0.00163082
29.605 60.2938 0.897388 -0.145778 -0.989317 0.000536986
30.7349 60.1292 0.897513 -0.141936 -0.989876 0.000244143
31.7435 59.9839 0.89765 -0.143262 -0.989685 -0.000545335
31.9156 59.9589 0.897677 -0.143196 -0.989694 -0.000413358
32.0041 59.9461 1.79495 -0.141185 -0.989982 -0.00149418
30.9709 60.0947 1.79489 -0.142419 -0.989805 -0.00144083
29.9385 60.2445 1.79479 -0.143569 -0.98964 -0.000267997
28.8314 60.4089 1.7946 -0.146397 -0.989226 0.00048137
27.7773 60.5628 1.79443 -0.143501 -0.98965 -0.000210326
26.5975 60.7332 1.79429 -0.141421 -0.989949 -0.00143056
25.564 60.8792 1.79417 -0.139501 -0.99022 -0.00198675
24.3782 61.0457 1.79414 -0.138111 -0.990417 -0.000352885
24.1499 61.0775 1.79415 -0.13773 -0.99047 -0.000232413
24.1546 61.0753 2.69134 -0.137412 -0.990512 -0.00205401
25.2971 60.9149 2.69136 -0.140928 -0.990019 -0.00109155
26.3856 60.7611 2.69151 -0.139295 -0.990248 -0.0023082
27.5012 60.6022 2.69169 -0.143146 -0.989701 -0.00101205
28.6064 60.4421 2.69187 -0.144363 -0.989524 0.000820893
29.6056 60.2955 2.69203 -0.14425 -0.989536 0.00310024
30.6332 60.1437 2.69214 -0.145183 -0.989403 0.00199729
31.6591 59.9943 2.69225 -0.143077 -0.989711 -0.00114367
31.9705 59.9499 2.69228 -0.141149 -0.989988 -0.000722778
31.9098 59.9598 3.58964 -0.144453 -0.98951 0.00178797
30.8835 60.1097 3.58952 -0.145045 -0.98942 0.00309057
29.8196 60.2664 3.58939 -0.144928 -0.98944 0.00219652
28.8134 60.413 3.58924 -0.141062 -0.990001 0.000620328
27.6909 60.5739 3.58902 -0.141208 -0.989979 -0.00162175
26.526 60.7399 3.58876 -0.139601 -0.990206 -0.00174805
25.2973 60.9137 3.58852 -0.140665 -0.990056 -0.00143868
24.263 61.058 3.58844 -0.136069 -0.990699 -0.000508508
24.2171 61.0637 4.48541 -0.136458 -0.990646 -0.000256604
25.2637 60.9175 4.48562 -0.139579 -0.990211 -0.000676582
26.2704 60.7752 4.48586 -0.140874 -0.990028 0.000302668
27.3112 60.6264 4.48618 -0.142178 -0.989841 0.000329363
28.5169 60.4545 4.4865 -0.141986 -0.989866 -0.0021253
29.5977 60.2973 4.48676 -0.145287 -0.989375 -0.00543145
30.6655 60.1426 4.4869 -0.140994 -0.99001 0.000588874
31.799 59.9777 4.48702 -0.147115 -0.989119 7.25688e-05
31.972 59.9519 4.48703 -0.147116 -0.989119 7.26262e-05
31.6277 60.0021 5.38432 -0.147116 -0.989113 -0.00345694
30.5725 60.1548 5.38429 -0.140083 -0.990139 -0.00116418
29.5624 60.2985 5.38417 -0.144691 -0.989473 -0.00262334
28.5438 60.4487 5.38389 -0.150164 -0.988659 -0.00183999
27.5401 60.5952 5.38353 -0.142264 -0.989827 0.00197374
26.4314 60.7534 5.38309 -0.140251 -0.990114 0.00179271
25.2919 60.9131 5.38268 -0.138978 -0.990295 -0.000368828
24.4099 61.0372 5.38238 -0.137928 -0.990441 -0.00144073
24.1221 61.0834 -0.00049536 -0.138799 -0.99032 -0.00048864
25.1639 60.9367 -0.000462659 -0.139907 -0.990165 1.68533e-05
26.1836 60.7926 -0.000385001 -0.140367 -0.9901 -0.000288605
27.3014 60.6308 -0.000272874 -0.144724 -0.989472 0.00104079
28.3342 60.4792 -0.000106784 -0.144931 -0.98944 0.00193152
29.3882 60.3242 1.10397e-06 -0.145922 -0.989294 0.00224364
30.4761 60.166 0.000164517 -0.142398 -0.989809 0.000348471
31.557 60.0106 0.000309297 -0.143164 -0.989698 0.00144629
32.0156 59.9441 0.000386764 -0.144994 -0.989432 0.0010911
32.0214 59.942 -0.896917 -0.143508 -0.989648 0.00172368
31.0064 60.089 -0.897085 -0.143145 -0.9897 0.00192551
29.8854 60.2499 -0.897267 -0.143289 -0.989677 0.00274265
28.8151 60.4071 -0.897424 -0.146167 -0.989259 0.00102269
27.8154 60.5535 -0.897548 -0.145267 -0.989391 0.00175577
26.6756 60.7217 -0.897691 -0.145246 -0.989395 0.00129823
25.6132 60.8736 -0.897767 -0.139742 -0.990188 -0.000601448
24.5307 61.026 -0.897816 -0.13938 -0.990239 0.000442886
24.2304 61.0682 -0.897839 -0.138071 -0.990422 0.000341081
24.1514 61.0779 -1.79523 -0.137454 -0.990507 0.00156118
25.2269 60.9277 -1.79514 -0.138462 -0.990367 0.00107281
26.281 60.7792 -1.79506 -0.142688 -0.989767 0.0012768
27.289 60.6307 -1.795 -0.146458 -0.989217 -0.000410009
28.4412 60.4597 -1.79483 -0.146954 -0.98914 0.00250122
29.5302 60.2985 -1.79469 -0.144118 -0.989556 0.00290949
30.6375 60.1399 -1.7945 -0.141566 -0.989923 0.00335504
31.7931 59.973 -1.79424 -0.144322 -0.989527 0.00288954
31.982 59.9456 -1.79421 -0.14356 -0.989636 0.00345004
31.9104 59.9522 -2.69155 -0.146415 -0.989204 0.00611876
30.844 60.1078 -2.69182 -0.143133 -0.989695 0.00403981
29.7536 60.2636 -2.69202 -0.143855 -0.989597 0.00204994
28.6762 60.4225 -2.69223 -0.149303 -0.988791 0.0006509
27.6772 60.572 -2.69231 -0.145685 -0.989331 0.000597258
26.6193 60.7271 -2.69238 -0.143857 -0.989589 0.00442918
25.5366 60.8831 -2.69245 -0.139253 -0.990255 0.00196217
24.5033 61.0274 -2.69251 -0.138168 -0.990407 0.00177583
24.1665 61.0744 -2.69254 -0.13786 -0.99045 0.00160444
24.227 61.0639 -3.58984 -0.138417 -0.99037 0.00277732
25.255 60.92 -3.58976 -0.138949 -0.990295 0.00296116
26.3681 60.7612 -3.58974 -0.144293 -0.98953 0.00326823
27.3917 60.612 -3.58971 -0.144252 -0.989538 0.00239179
28.4007 60.4636 -3.58962 -0.148104 -0.988972 2.79741e-05
29.3985 60.3145 -3.58946 -0.144604 -0.989489 -0.0010048
30.4858 60.1566 -3.58925 -0.143128 -0.9897 0.00287194
31.4957 60.0087 -3.589 -0.147002 -0.989123 0.00517815
32.0005 59.9335 -3.58884 -0.143677 -0.989616 0.00411496
31.9704 59.9353 -4.48615 -0.141369 -0.989948 0.00418835
30.876 60.0958 -4.48655 -0.146164 -0.989244 0.00569055
29.8018 60.2541 -4.48684 -0.144891 -0.989443 0.00299977
28.7636 60.4094 -4.48701 -0.149435 -0.988771 0.000698763
27.644 60.5738 -4.48711 -0.142803 -0.989748 0.00233739
26.6157 60.7221 -4.48708 -0.144109 -0.989553 0.00415858
25.5733 60.8718 -4.48709 -0.141439 -0.98994 0.00381475
24.4619 61.0282 -4.48705 -0.13883 -0.990311 0.00328717
24.2394 61.0592 -4.48708 -0.138304 -0.990383 0.00369031
24.3541 61.0397 -5.38429 -0.138096 -0.990413 0.00350632
25.3831 60.8951 -5.38436 -0.140215 -0.990114 0.00368067
26.3946 60.7505 -5.38444 -0.141766 -0.989894 0.00349901
27.4965 60.5925 -5.38454 -0.141598 -0.989922 0.00224268
28.5373 60.4415 -5.38453 -0.147639 -0.989041 0.000438723
29.5844 60.2844 -5.38439 -0.148842 -0.98886 0.00167361
30.5823 60.1348 -5.38409 -0.148623 -0.988886 0.00384545
31.6953 59.9703 -5.38359 -0.145814 -0.989299 0.00506255
31.8528 59.9471 -5.38352 -0.145034 -0.989408 0.00611654
31.8828 59.9428 -5.3835 -0.140538 -0.99006 0.00548823
