-16.5433 5.11468 -0.120433 0.136715 -0.990601 -0.00249276
-16.5139 5.12414 -1.25185 0.130702 -0.991415 -0.00365724
-16.5219 5.12819 -2.27605 0.131801 -0.991263 -0.00495293
-16.4974 5.13332 -3.28429 0.135985 -0.99071 0.00124661
-16.5326 5.12428 -4.28661 0.139231 -0.99025 0.00433811
-16.5088 5.12394 -5.29711 0.141535 -0.989932 -0.000882094
-16.0443 5.18997 -6.0745 0.139335 -0.990245 0.00108872
-15.0392 5.33075 -6.07613 0.137319 -0.990503 0.00683382
-13.8677 5.48776 -6.11667 0.130078 -0.991496 0.0037342
-12.7602 5.62895 -6.11902 0.116383 -0.993198 -0.00355051
-11.7182 5.74117 -6.08624 0.102095 -0.994774 -0.000850926
-10.6915 5.83808 -6.10721 0.0782879 -0.996891 0.00654256
-9.5558 5.91459 -6.09798 0.0580575 -0.998306 -0.00373046
-8.46442 5.97038 -6.12488 0.0446271 -0.999004 0.000232486
-7.45972 5.99689 -6.11014 0.00488174 -0.999972 -0.00179701
-6.44219 5.98325 -6.10467 -0.0235481 -0.999716 -0.00355384
-5.39182 5.93838 -6.13221 -0.0560003 -0.998429 0.0019156
-4.2239 5.86165 -6.11546 -0.0738906 -0.997262 -0.00141288
-3.1158 5.7675 -6.09774 -0.0927319 -0.995677 0.00524603
-2.10833 5.66473 -6.10783 -0.110323 -0.993892 -0.000729643
-1.06528 5.53762 -6.08193 -0.122521 -0.992463 0.00223021
0.0638992 5.38931 -6.1196 -0.133721 -0.990995 0.00685622
1.22441 5.23514 -6.11146 -0.134237 -0.990933 0.00574766
1.82801 5.15214 -5.54343 -0.143759 -0.989608 0.00293365
1.80778 5.15394 -4.47925 -0.142614 -0.989777 -0.00136847
1.81983 5.15475 -3.31073 -0.130893 -0.99139 0.00359148
1.80715 5.16376 -2.29791 -0.135631 -0.990739 0.00632156
1.81281 5.16477 -1.04213 -0.136545 -0.990634 -0.000903757
1.81951 5.16415 -0.0361095 -0.139884 -0.990167 0.00104748
1.83585 5.1634 0.989886 -0.136522 -0.990633 -0.00267999
1.83128 5.16226 2.02287 -0.132649 -0.991153 -0.00442105
1.81609 5.16408 3.09194 -0.135607 -0.990762 0.000860783
1.81045 5.16658 4.12147 -0.139897 -0.990158 0.00355632
1.80757 5.16971 5.22392 -0.137503 -0.990501 0.00111489
1.46117 5.217 6.11517 -0.136466 -0.990644 -0.00133302
0.3731 5.36763 6.10539 -0.134768 -0.990875 -0.00157427
-0.630303 5.50201 6.10641 -0.132366 -0.991201 0.000223716
-1.63721 5.62965 6.08701 -0.117195 -0.993097 -0.000903651
-2.79387 5.75346 6.11436 -0.101869 -0.99479 -0.00369732
-3.92837 5.86335 6.10809 -0.0867668 -0.996183 -0.00894853
-4.93301 5.93712 6.08326 -0.0562062 -0.998405 -0.00524791
-5.97502 5.98898 6.11696 -0.0408385 -0.999151 -0.00549004
-7.13677 6.01388 6.09921 -0.0043556 -0.999974 0.00443307
-8.38477 5.99279 6.11658 0.0329313 -0.999449 -0.0042166
-9.55844 5.93494 6.10818 0.0629576 -0.998004 0.00156759
-10.7309 5.83332 6.1269 0.0933751 -0.99563 -0.00121905
-11.7255 5.7319 6.10306 0.105435 -0.994423 -0.00237669
-12.7974 5.61081 6.10466 0.119631 -0.992813 -0.00100837
-13.8412 5.47364 6.09498 0.133559 -0.991038 -0.00234726
-14.9974 5.31386 6.09526 0.14035 -0.990099 -0.00100269
-16.1767 5.14814 6.0779 0.137684 -0.990467 -0.00414898
-16.5082 5.10544 5.2794 0.133252 -0.991081 -0.00170819
-16.5223 5.1055 4.11223 0.1352 -0.990817 -0.00134972
-16.5221 5.10903 3.05406 0.135911 -0.990706 -0.00532634
-16.5357 5.11346 2.05226 0.136232 -0.99066 -0.0057075
-16.5034 5.12031 1.03163 0.139092 -0.990274 0.00288362
-16.5409 5.11508 0.0274708 0.13985 -0.990167 -0.0019215
-17.4712 4.98645 0.0262072 0.12776 -0.991779 -0.00380241
-17.4431 4.99713 -1.09938 0.138543 -0.990351 -0.00329119
-17.4632 4.99831 -2.25986 0.139925 -0.990157 -0.00313365
-17.4437 5.00226 -3.38487 0.140975 -0.990004 0.00260344
-17.4651 4.99401 -4.40793 0.134983 -0.990841 0.00360195
-17.4552 4.99376 -5.41532 0.132013 -0.991246 -0.00183022
-17.4303 5.00052 -6.57916 0.13525 -0.990801 -0.00444093
-16.7227 5.09838 -7.06292 0.133431 -0.991052 -0.00349387
-15.6534 5.24082 -7.04185 0.134389 -0.990915 0.00517952
-14.6377 5.37914 -7.0228 0.136308 -0.990643 0.00672033
-13.6178 5.51784 -7.05599 0.130569 -0.991437 0.00187908
-12.5481 5.65356 -7.058 0.118776 -0.992905 0.00567403
-11.5379 5.75977 -7.04541 0.0894565 -0.995979 0.00480979
-10.5119 5.84636 -7.04416 0.0807316 -0.996716 0.00619422
-9.4895 5.92012 -7.03953 0.0544189 -0.998478 -0.00721417
-8.42829 5.96661 -7.06017 0.0333565 -0.999423 0.00632695
-7.42788 5.99371 -7.05172 0.0168292 -0.999858 -0.000206188
-6.35947 5.97819 -7.06067 -0.0359249 -0.999354 -0.0004273
-5.20085 5.92602 -7.07709 -0.0494511 -0.998773 0.00279125
-4.08034 5.84919 -7.06725 -0.0807337 -0.996727 0.00411628
-3.05784 5.76164 -7.05162 -0.0920882 -0.995745 0.00342281
-1.9558 5.64449 -7.05623 -0.120407 -0.992724 0.00146583
-0.873319 5.51019 -7.03615 -0.128101 -0.991754 -0.000259532
0.160353 5.37207 -7.06934 -0.13422 -0.990948 0.00277168
1.15794 5.23706 -7.06562 -0.135345 -0.990788 0.00453329
2.20428 5.08898 -7.03637 -0.143509 -0.989611 0.00853514
2.77743 5.00939 -6.46266 -0.144568 -0.989478 0.00572648
2.76363 5.01706 -5.45293 -0.140679 -0.990049 0.00279494
2.75479 5.02357 -4.29857 -0.129839 -0.991511 0.00691407
2.76332 5.03129 -3.22278 -0.128753 -0.991653 0.00676239
2.76784 5.03692 -2.20501 -0.131104 -0.991362 0.00358461
2.7532 5.03928 -1.14433 -0.12922 -0.991614 -0.00201703
2.74941 5.03991 -0.0289374 -0.129154 -0.991622 0.000884756
2.77418 5.04015 1.03274 -0.1254 -0.992105 0.00108684
2.74874 5.04191 2.0633 -0.126869 -0.991918 -0.00175778
2.76332 5.03898 3.11742 -0.124726 -0.992191 0.000401057
2.75996 5.04129 4.12987 -0.127344 -0.991854 0.00310549
2.76056 5.04257 5.23462 -0.127523 -0.991835 -1.52968e-05
2.7614 5.04383 6.2647 -0.128973 -0.991646 0.00211198
2.3967 5.09238 7.04889 -0.129149 -0.991625 0.00109581
1.36295 5.22762 7.07751 -0.133708 -0.991012 -0.00364218
0.321108 5.37259 7.06065 -0.13685 -0.990591 -0.000572925
-0.765088 5.52065 7.05148 -0.13054 -0.991437 -0.000935464
-1.86855 5.65464 7.03813 -0.108865 -0.994046 -0.00455351
-2.90367 5.76254 7.05428 -0.099184 -0.995069 -0.000912385
-3.98786 5.86589 7.04536 -0.0869034 -0.996217 -0.000196989
-5.12747 5.94243 7.04622 -0.0486349 -0.998809 -0.00304208
-6.19954 5.99203 7.06596 -0.0407306 -0.999155 -0.0034249
-7.30678 6.01625 7.03138 0.0151702 -0.999861 0.000769235
-8.39041 5.98715 7.04766 0.0331937 -0.999415 -0.00826187
-9.52901 5.93362 7.04717 0.0706778 -0.997499 -0.000512726
-10.5541 5.84701 7.06338 0.0948487 -0.99548 -0.00477433
-11.6353 5.7404 7.05274 0.102937 -0.994687 -0.00140767
-12.8254 5.60337 7.04056 0.126413 -0.991976 -0.00177223
-13.8967 5.46365 7.05482 0.132072 -0.991232 -0.00367143
-15.0511 5.30563 7.04771 0.140857 -0.99003 0.000466749
-16.0518 5.16235 7.05234 0.141575 -0.98992 -0.00288583
-17.1531 5.00464 7.04109 0.140951 -0.989935 -0.0127443
-17.4598 4.97035 6.20196 0.137713 -0.990439 -0.00803447
-17.449 4.97873 5.18004 0.133399 -0.991058 -0.00291883
-17.4605 4.97948 4.11654 0.132053 -0.991241 -0.00194215
-17.4607 4.98191 3.02583 0.131057 -0.991372 -0.00252129
-17.4652 4.98849 1.80468 0.134073 -0.990957 -0.00539208
-17.4456 4.99115 0.764023 0.130102 -0.9915 0.000807112
-17.4678 4.98707 0.188556 0.124345 -0.992238 0.00118387
-16.0641 5.18191 -0.00108221 0.139213 -0.990262 0.000506499
-15.0698 5.31948 -0.000780968 0.132862 -0.991131 0.00274131
-14.0256 5.4607 -0.000634378 0.130562 -0.991438 -0.00184661
-12.9694 5.5996 -0.000465066 0.124657 -0.992196 -0.00278088
-11.8875 5.72629 -0.000306622 0.107301 -0.994215 0.00482336
-10.8664 5.83259 -0.000258855 0.100869 -0.9949 0.000263893
-9.7047 5.9265 -0.000208254 0.0606105 -0.99816 0.00154808
-8.5824 5.98174 0.000313039 0.0414985 -0.999133 -0.00322452
-7.54434 6.01216 0.000155951 0.0118776 -0.999883 -0.00965178
-6.41617 6.00453 1.15653e-05 -0.0190848 -0.999814 -0.00282871
-5.40877 5.96683 0.000207676 -0.0446843 -0.998997 -0.00286564
-4.40208 5.90781 0.000147063 -0.0688608 -0.997625 0.00157414
-3.33134 5.81644 0.000204447 -0.10669 -0.994286 -0.00351069
-2.27979 5.69479 0.000401098 -0.117527 -0.993062 0.00386536
-1.24903 5.57421 0.00063868 -0.121232 -0.992623 0.0014355
-0.214673 5.44271 0.00065884 -0.13015 -0.991494 0.00115106
0.812586 5.30593 0.000986231 -0.136455 -0.990642 0.00290655
1.23837 5.24617 0.00118433 -0.139699 -0.99019 0.00290684
1.24064 5.24359 -0.898471 -0.136698 -0.990611 0.00181578
0.22913 5.382 -0.898545 -0.131669 -0.99128 0.00519914
-0.81964 5.51899 -0.898462 -0.124345 -0.992227 0.00494225
-1.81557 5.63857 -0.89838 -0.118053 -0.993007 0.00112432
-2.96776 5.77359 -0.89842 -0.113932 -0.993485 0.00261482
-4.04071 5.87988 -0.898348 -0.0819698 -0.996549 0.0130543
-5.22967 5.95904 -0.898181 -0.049967 -0.998749 0.00189426
-6.39191 6.00058 -0.898056 -0.0243142 -0.999632 0.0120085
-7.44971 6.0072 -0.897856 0.00333386 -0.999975 0.00627725
-8.48966 5.98629 -0.898152 0.0348599 -0.99939 0.00196502
-9.55116 5.93684 -0.898577 0.0604122 -0.998172 0.00184444
-10.7433 5.8462 -0.89874 0.101841 -0.994784 0.00573948
-11.7392 5.7421 -0.899071 0.107292 -0.994222 -0.00317781
-12.7529 5.62622 -0.899436 0.120491 -0.992714 0.000583473
-13.7996 5.49305 -0.899694 0.132834 -0.991136 -0.00216208
-14.807 5.35487 -0.90009 0.138245 -0.990391 -0.00364624
-15.8093 5.21739 -0.900243 0.135397 -0.990789 -0.00233815
-16.0587 5.18374 -0.900364 0.133702 -0.991015 -0.00349178
-16.0496 5.18862 -1.8 0.132097 -0.991227 -0.00437558
-14.8992 5.34438 -1.79947 0.136973 -0.99057 -0.00302916
-13.8909 5.48226 -1.79893 0.132671 -0.991157 -0.00264784
-12.8632 5.61437 -1.79848 0.122035 -0.992524 -0.00171832
-11.8696 5.73178 -1.79791 0.109242 -0.993995 -0.00629487
-10.8656 5.83419 -1.79733 0.0933064 -0.995626 0.00483209
-9.85634 5.9141 -1.79678 0.0648296 -0.997896 -0.000384342
-8.77534 5.97372 -1.79646 0.046492 -0.998907 -0.00476191
-7.77167 5.99818 -1.79614 0.00280508 -0.999976 0.00631215
-6.74774 5.99701 -1.79627 -0.00574201 -0.999922 0.0110797
-5.59827 5.96922 -1.79629 -0.0370842 -0.999296 0.00561518
-4.56013 5.90839 -1.79661 -0.0718058 -0.99739 0.00757295
-3.38792 5.81128 -1.79695 -0.0909968 -0.995831 0.00641729
-2.21887 5.68594 -1.7973 -0.114886 -0.993379 -0.000357222
-1.20263 5.56318 -1.79744 -0.126229 -0.992001 0.000540913
-0.172729 5.42974 -1.79743 -0.130295 -0.991465 0.00445845
0.859012 5.29364 -1.79751 -0.133726 -0.991015 0.00271612
1.23309 5.24328 -1.79753 -0.132464 -0.991186 0.00204729
1.20312 5.24372 -2.69695 -0.134044 -0.990957 0.00605981
0.13435 5.38656 -2.69698 -0.129997 -0.991511 0.00250613
-0.859742 5.51704 -2.69661 -0.127932 -0.991778 0.00306804
-1.95679 5.65212 -2.69622 -0.117812 -0.993025 0.00462014
-2.9935 5.76664 -2.69574 -0.0997145 -0.994993 0.00672481
-4.12095 5.86786 -2.69501 -0.0807135 -0.996734 -0.00249797
-5.1433 5.94252 -2.69472 -0.0687158 -0.997624 0.00496622
-6.18783 5.98339 -2.6945 -0.0250041 -0.999687 0.000990685
-7.19246 5.99506 -2.69438 -0.0104317 -0.99994 -0.00340712
-8.25388 5.99051 -2.69477 0.0255652 -0.999642 -0.00792646
-9.39185 5.93999 -2.69488 0.0585191 -0.99828 0.0035024
-10.42 5.8676 -2.69545 0.0780798 -0.996888 0.0108779
-11.4499 5.77502 -2.69625 0.0979964 -0.995187 0.000293449
-12.5414 5.65283 -2.69733 0.119246 -0.992864 -0.000675473
-13.5438 5.52719 -2.69824 0.129042 -0.991638 0.0013001
-14.5456 5.39318 -2.69892 0.135572 -0.990767 0.000423874
-15.567 5.2558 -2.6996 0.131023 -0.991374 -0.00325209
-15.8865 5.21363 -2.69979 0.129501 -0.991568 -0.00466682
-15.923 5.21082 -3.59955 0.133623 -0.991028 0.00272404
-14.8056 5.36059 -3.59889 0.133717 -0.991011 -0.00404366
-13.7893 5.49792 -3.59786 0.131818 -0.991261 -0.00499821
-12.7524 5.62754 -3.59651 0.116478 -0.993192 -0.00133157
-11.6422 5.75058 -3.59514 0.104858 -0.994483 0.00276437
-10.5773 5.84925 -3.59383 0.0835442 -0.996479 0.00703373
-9.45721 5.93086 -3.59278 0.0591563 -0.998239 0.00442192
-8.33154 5.98811 -3.59188 0.0322363 -0.999467 0.00514559
-7.24812 5.99709 -3.59187 -0.00918405 -0.999957 -0.00108308
-6.16299 5.98001 -3.59213 -0.0215653 -0.999752 0.00546814
-5.08706 5.93169 -3.59249 -0.0611606 -0.998111 0.00586544
-4.03585 5.85861 -3.59343 -0.0814607 -0.996675 0.00190235
-2.92557 5.754 -3.59433 -0.108573 -0.994071 0.00582221
-1.88212 5.63769 -3.59514 -0.111809 -0.993713 0.00578825
-0.806917 5.50871 -3.59607 -0.122493 -0.992469 -0.00132613
0.18955 5.37922 -3.59647 -0.131826 -0.991273 -0.000251409
1.21652 5.23861 -3.59664 -0.139441 -0.99023 0.000487969
1.29541 5.22788 -4.49687 -0.141492 -0.989939 -0.000988737
0.249379 5.37172 -4.49641 -0.131861 -0.991268 -0.00106769
-0.856279 5.51427 -4.49543 -0.121472 -0.992594 -0.000942703
-1.90167 5.63742 -4.49407 -0.114572 -0.993415 -0.000805649
-2.9879 5.75789 -4.4928 -0.102772 -0.994703 -0.0022089
-4.02468 5.85103 -4.49152 -0.0777694 -0.99694 0.00796878
-5.15202 5.92864 -4.49016 -0.0610521 -0.998104 0.00781183
-6.16269 5.97708 -4.48938 -0.0297267 -0.99955 -0.00401484
-7.20894 5.99663 -4.48915 -0.00819483 -0.999965 -0.00140044
-8.21494 5.98643 -4.48954 0.0438786 -0.999029 -0.00403067
-9.267 5.93664 -4.49022 0.0549149 -0.998446 0.00945807
-10.3187 5.86871 -4.49147 0.0722275 -0.997384 0.00296503
-11.3222 5.78152 -4.49304 0.0935312 -0.995613 -0.0025481
-12.3282 5.67798 -4.49484 0.109588 -0.993976 -0.00129582
-13.3537 5.55718 -4.49639 0.125063 -0.992147 -0.0019864
-14.4374 5.41554 -4.49805 0.135834 -0.990731 -0.000781255
-15.5869 5.25613 -4.49948 0.138155 -0.99041 0.000856013
-16.0149 5.19645 -4.49988 0.139509 -0.990218 0.0024521
-15.9501 5.20448 -5.40033 0.14295 -0.98973 -6.15271e-05
-14.8939 5.35335 -5.399 0.13677 -0.990603 -0.000489075
-13.8355 5.49506 -5.39691 0.130452 -0.99145 0.00303947
-12.7531 5.62983 -5.39467 0.115516 -0.993305 -0.000871754
-11.6448 5.7487 -5.39201 0.101927 -0.994791 0.000971293
-10.5866 5.84868 -5.38959 0.0809639 -0.996715 0.00192546
-9.51358 5.91826 -5.38778 0.0560479 -0.998411 0.00589221
-8.50766 5.97124 -5.38649 0.0397887 -0.999184 0.0069638
-7.44406 5.99957 -5.38591 -0.000444958 -0.999998 -0.00189633
-6.37757 5.9832 -5.38605 -0.0329207 -0.999455 -0.00262369
-5.26895 5.93315 -5.38722 -0.0605413 -0.998154 0.0047868
-4.17493 5.85916 -5.38877 -0.0725806 -0.997352 0.00459074
-3.1417 5.77222 -5.39082 -0.0944934 -0.995525 0.000151806
-1.94682 5.64539 -5.39317 -0.117074 -0.993123 0.00072797
-0.846675 5.51175 -5.3952 -0.12159 -0.992575 0.0031832
0.169927 5.38062 -5.3966 -0.129036 -0.991618 0.00663253
1.16597 5.24711 -5.39723 -0.13624 -0.990661 0.00544622
1.22311 5.23908 -5.39724 -0.140831 -0.990029 0.00314169
1.34736 5.23161 0.900291 -0.140271 -0.990111 -0.00186051
0.246272 5.38227 0.900256 -0.13159 -0.991304 -0.00016577
-0.804506 5.52161 0.899759 -0.129748 -0.991545 0.00175676
-1.80639 5.64351 0.899348 -0.116318 -0.99321 0.00211543
-3.00026 5.78209 0.898967 -0.111862 -0.99372 -0.00283338
-4.05276 5.88304 0.8986 -0.0772815 -0.997003 -0.00357586
-5.10676 5.94846 0.898425 -0.0491403 -0.998787 -0.00319076
-6.24 5.99546 0.89846 -0.0347862 -0.999394 -0.00126084
-7.26186 6.01552 0.898477 0.00724227 -0.999974 0.000721956
-8.36589 5.98774 0.898237 0.0378864 -0.999266 -0.00562309
-9.43727 5.94092 0.898264 0.0553216 -0.99845 -0.00610818
-10.4546 5.86964 0.898402 0.0862012 -0.99626 -0.00589943
-11.5339 5.76834 0.898501 0.101843 -0.9948 0.00019361
-12.6597 5.63721 0.898653 0.126552 -0.991946 0.00532613
-13.6754 5.50436 0.898841 0.13112 -0.991362 0.00300336
-14.7546 5.36258 0.898836 0.131501 -0.991314 -0.00223791
-15.8092 5.21827 0.898722 0.139705 -0.990193 0.00058174
-15.9721 5.19529 0.898701 0.139705 -0.990193 0.000582027
-15.9857 5.19077 1.79841 0.136786 -0.990588 -0.00509175
-14.8974 5.34042 1.79827 0.134606 -0.990878 -0.00646207
-13.9051 5.4769 1.79821 0.132241 -0.991218 8.32156e-06
-12.8552 5.61326 1.79795 0.128886 -0.991655 -0.0030221
-11.6447 5.75779 1.7973 0.107409 -0.994199 -0.00561781
-10.5312 5.86193 1.79691 0.0865535 -0.996247 -0.000918633
-9.51019 5.93615 1.79642 0.0592321 -0.998244 -0.000969411
-8.46041 5.98301 1.79604 0.0371053 -0.999305 0.003553
-7.30925 6.01471 1.79611 0.0103129 -0.999928 0.00610038
-6.2102 5.99227 1.79622 -0.0318379 -0.999492 -0.00129663
-5.20747 5.95242 1.79638 -0.0448975 -0.998988 0.00278428
-4.11458 5.88772 1.79696 -0.0738822 -0.997266 -0.00137674
-3.09207 5.79157 1.79754 -0.102551 -0.994726 -0.00206812
-2.01878 5.67098 1.79812 -0.116912 -0.993142 0.000200803
-0.817709 5.52721 1.79869 -0.127193 -0.991866 0.00498873
0.174706 5.39543 1.79927 -0.135674 -0.990748 0.00324764
1.24604 5.24501 1.79984 -0.142988 -0.989724 -0.00017028
1.36387 5.22828 1.79989 -0.138617 -0.990346 -0.000486855
1.15737 5.25726 2.69929 -0.143407 -0.98966 -0.00288241
0.160398 5.3993 2.69871 -0.139974 -0.990155 -0.000492347
-0.853316 5.5318 2.69794 -0.12485 -0.992163 -0.0050063
-1.86615 5.65364 2.69711 -0.117429 -0.99308 0.00147541
-2.90097 5.77046 2.69626 -0.109991 -0.993932 -0.0006979
-3.98048 5.87927 2.69536 -0.0790097 -0.996872 0.0020794
-5.00543 5.94554 2.69456 -0.0572384 -0.998358 0.00230139
-6.04459 5.98713 2.69403 -0.026185 -0.999655 0.00199123
-7.15389 6.00862 2.69376 -0.00449321 -0.999989 -0.00105769
-8.21327 5.99648 2.69373 0.0281715 -0.999593 0.00456586
-9.41194 5.94431 2.69444 0.0611363 -0.998111 0.00612893
-10.4248 5.86847 2.69518 0.0882179 -0.99609 -0.0047423
-11.5698 5.76164 2.69598 0.103887 -0.994575 -0.00527088
-12.7154 5.62891 2.69684 0.117861 -0.99303 -0.000248477
-13.7829 5.49451 2.69736 0.131551 -0.991303 0.0036888
-14.8054 5.35001 2.69786 0.138984 -0.990294 0.000505676
-15.9069 5.19542 2.69814 0.135754 -0.990726 -0.00568388
-15.9497 5.18581 3.59813 0.138489 -0.990346 -0.00588822
-14.842 5.34369 3.59776 0.142131 -0.989848 -0.000182927
-13.8495 5.48441 3.59724 0.137616 -0.990451 -0.00822828
-12.7536 5.62308 3.59631 0.118779 -0.992921 0.000233645
-11.7331 5.7416 3.59481 0.106647 -0.994276 -0.00647845
-10.6691 5.84489 3.59352 0.0910399 -0.995846 -0.00124266
-9.50762 5.93957 3.59244 0.0598722 -0.998204 -0.00199698
-8.44011 5.989 3.59183 0.0279856 -0.999608 0.00115442
-7.38018 6.00785 3.59139 0.00102956 -0.999999 -0.00073529
-6.37877 5.99922 3.59138 -0.0205131 -0.999709 0.0126725
-5.24724 5.95911 3.59225 -0.0464394 -0.998916 -0.00328807
-4.16062 5.89008 3.59332 -0.0832784 -0.996491 -0.00839466
-3.03406 5.78388 3.59471 -0.103107 -0.994669 0.00123569
-1.85773 5.65648 3.59619 -0.115641 -0.993289 0.00224376
-0.80095 5.52448 3.59739 -0.130187 -0.991489 -2.77316e-07
0.244584 5.38768 3.59847 -0.133094 -0.991102 -0.00181352
1.21396 5.25029 3.59927 -0.141388 -0.989947 0.00367541
1.30651 5.23902 4.49932 -0.141642 -0.989916 0.00187797
0.316145 5.37839 4.49838 -0.13616 -0.990686 -0.000912328
-0.742699 5.51726 4.49694 -0.128652 -0.99169 0.000808008
-1.79185 5.64999 4.49542 -0.114893 -0.993377 -0.00120562
-2.84258 5.76509 4.49351 -0.104569 -0.994512 -0.00324336
-3.88706 5.86659 4.4918 -0.0779407 -0.996949 -0.0043204
-5.07517 5.94965 4.49032 -0.0609025 -0.998144 -0.000167556
-6.15355 5.99752 4.48906 -0.0345296 -0.999399 0.00308827
-7.31645 6.00794 4.48867 0.00260155 -0.999993 0.00258228
-8.42549 5.99471 4.48944 0.0310362 -0.999506 0.0049071
-9.52951 5.93923 4.49039 0.0667629 -0.99775 0.00615424
-10.6853 5.84358 4.49204 0.0976393 -0.99522 0.0019561
-11.733 5.73635 4.49361 0.104937 -0.994462 -0.00580681
-12.769 5.61902 4.49545 0.120567 -0.9927 -0.00318994
-13.7849 5.48767 4.49699 0.135025 -0.990814 -0.0074635
-14.9233 5.32908 4.49812 0.139724 -0.990186 -0.00298812
-15.9055 5.18973 4.4986 0.138903 -0.990305 -0.00113248
-15.9995 5.17462 5.39933 0.139361 -0.99024 -0.00163626
-14.9708 5.3195 5.39866 0.139082 -0.990278 -0.00243608
-13.7849 5.48269 5.39681 0.135795 -0.990732 -0.00299589
-12.6125 5.63628 5.39447 0.11558 -0.993298 -0.00112973
-11.613 5.74554 5.39225 0.105029 -0.994464 -0.00307928
-10.5153 5.85554 5.38981 0.0930658 -0.995652 -0.00395242
-9.49666 5.94017 5.38757 0.0621446 -0.99804 -0.00742687
-8.41874 5.99749 5.38627 0.0324599 -0.999473 -0.000943749
-7.2427 6.01191 5.38576 -0.00170868 -0.999985 0.00515833
-6.10281 5.99836 5.38622 -0.0297599 -0.999537 -0.0063631
-4.95795 5.94219 5.38761 -0.0563295 -0.998398 -0.00538962
-3.87569 5.86459 5.38974 -0.0870277 -0.996205 0.00108192
-2.86768 5.76426 5.39192 -0.104166 -0.994547 -0.005109
-1.77008 5.64575 5.3946 -0.112274 -0.99367 -0.00389283
-0.528519 5.48906 5.3971 -0.130309 -0.991472 -0.00166606
0.496799 5.3521 5.39881 -0.13513 -0.990826 -0.00206654
1.00695 5.28196 5.39942 -0.139685 -0.990193 -0.00248786
1.18034 5.2575 5.39958 -0.139685 -0.990193 -0.00248897
