-21.1595 14.8671 -4.36563 0.439328 -0.898243 -0.00632258
-21.1182 14.9022 -5.42549 0.447824 -0.89409 -0.00626588
-20.5576 15.1878 -6.10609 0.431585 -0.901937 -0.00800503
-19.6152 15.619 -6.12081 0.395495 -0.918448 0.00315843
-18.6273 16.0318 -6.13835 0.378063 -0.925768 -0.0038827
-17.6062 16.4355 -6.10455 0.351923 -0.936025 0.00285014
-16.6644 16.7767 -6.09855 0.320741 -0.947125 -0.00574499
-15.5901 17.1214 -6.08123 0.28698 -0.957837 0.00740019
-14.5582 17.4092 -6.1145 0.261146 -0.965247 0.00981524
-13.5186 17.6818 -6.13024 0.245327 -0.969392 0.00970541
-12.5366 17.8811 -6.11607 0.181571 -0.983349 0.00751541
-11.5306 18.0579 -6.10255 0.163197 -0.986592 -0.00174849
-10.4779 18.2078 -6.06984 0.108113 -0.994047 0.00228491
-9.41915 18.3004 -6.10633 0.0737288 -0.997277 -0.00176738
-8.29948 18.3646 -6.10918 0.0344851 -0.999364 -0.00364808
-7.27918 18.3772 -6.12826 -0.00435169 -0.99998 -0.00459639
-6.1257 18.3526 -6.06858 -0.0337246 -0.999391 0.00882826
-5.11366 18.286 -6.09632 -0.0848265 -0.996387 0.00180226
-3.96696 18.1766 -6.11475 -0.114498 -0.99331 0.00657259
-2.93787 18.0352 -6.13209 -0.152205 -0.988308 0.00308356
-1.81488 17.8371 -6.13258 -0.190722 -0.981591 0.01024
-0.818813 17.6244 -6.08526 -0.225192 -0.974313 0.00144348
0.201725 17.3627 -6.07228 -0.271842 -0.96234 -0.00204293
1.25326 17.0475 -6.0949 -0.299227 -0.954153 -0.00142112
2.33126 16.6843 -6.07631 -0.327783 -0.944751 0.0020534
3.2886 16.3393 -6.10658 -0.359752 -0.933047 0.00127453
4.242 15.948 -6.09488 -0.393227 -0.91944 0.0018635
5.21849 15.531 -6.09104 -0.399517 -0.916721 0.00315089
6.23995 15.0653 -6.05226 -0.434451 -0.900617 0.0118712
6.56102 14.9112 -5.2324 -0.447543 -0.894261 -0.00164084
6.51274 14.9307 -4.21427 -0.439756 -0.89811 -0.00137347
6.53705 14.9228 -3.19021 -0.440081 -0.897941 0.00133436
6.53734 14.9145 -2.14545 -0.430595 -0.90228 -0.0218642
6.53106 14.9059 -1.14247 -0.435081 -0.900367 0.00651754
6.53426 14.9194 -0.132614 -0.442573 -0.89667 0.0105929
6.53988 14.922 0.900401 -0.445741 -0.895117 0.000986716
6.54671 14.9168 1.97234 -0.449861 -0.893097 4.4616e-05
6.54018 14.9243 3.06053 -0.452019 -0.891999 0.00309533
6.51691 14.9351 4.26019 -0.443796 -0.896128 -0.000471433
6.46222 14.9569 5.32161 -0.45087 -0.892581 -0.00384692
6.1529 15.1087 6.08931 -0.43956 -0.898213 -0.000862587
5.15975 15.5743 6.12021 -0.404114 -0.91468 0.00286305
4.16777 15.9931 6.09203 -0.364753 -0.931104 0.000780066
3.18599 16.3788 6.11014 -0.366429 -0.930436 -0.00419647
2.15262 16.7597 6.11856 -0.317643 -0.948194 -0.00429699
1.05115 17.1099 6.06807 -0.28768 -0.957717 0.00415641
0.0840715 17.3883 6.11479 -0.264681 -0.964319 0.00572716
-0.890917 17.6437 6.12528 -0.235669 -0.971755 -0.00807698
-2.07894 17.8992 6.12712 -0.190161 -0.981738 -0.00091441
-3.2181 18.1022 6.11592 -0.161713 -0.986792 -0.00952287
-4.28219 18.2491 6.09412 -0.110981 -0.993822 0.000728024
-5.31115 18.3519 6.10504 -0.0720675 -0.9974 -0.000221113
-6.34908 18.406 6.09934 -0.0416935 -0.99913 0.000349651
-7.47827 18.4056 6.09312 0.0332923 -0.999432 0.00494239
-8.58091 18.3548 6.14674 0.052952 -0.998553 0.00935799
-9.61879 18.292 6.09623 0.0659151 -0.997804 -0.0065857
-10.7326 18.1691 6.10342 0.138574 -0.990347 0.00312724
-11.8322 17.9995 6.11225 0.166289 -0.985951 -0.0116624
-12.8153 17.8009 6.10997 0.217758 -0.975975 -0.00731938
-13.8269 17.56 6.09487 0.237855 -0.971269 -0.00788881
-14.8897 17.2787 6.09702 0.270768 -0.962544 -0.0139507
-15.8843 16.9834 6.07199 0.298213 -0.954461 -0.00859883
-16.8452 16.6585 6.11501 0.329534 -0.944137 0.000685023
-17.8733 16.2774 6.11365 0.357419 -0.933892 -0.00361326
-18.9768 15.8285 6.10408 0.388074 -0.921624 0.000142243
-20.0321 15.3732 6.11675 0.410774 -0.911707 -0.00104284
-20.9409 14.9406 6.0541 0.440176 -0.897884 0.0039279
-21.1185 14.8591 5.04753 0.439202 -0.898225 -0.0171642
-21.1353 14.8691 3.89312 0.443843 -0.896054 -0.00763036
-21.111 14.8786 2.80918 0.44059 -0.897705 -0.00264996
-21.13 14.871 1.77672 0.442566 -0.896727 -0.00412131
-21.0975 14.8955 0.708839 0.438423 -0.898708 -0.0104481
-21.113 14.9018 -0.391916 0.444695 -0.895627 -0.00770383
-21.1262 14.8939 -1.4212 0.44743 -0.894297 -0.00627511
-21.1445 14.8925 -2.5679 0.439929 -0.898031 0.00161008
-21.1389 14.8797 -3.83014 0.432946 -0.901218 0.0157883
-21.1562 14.8691 -4.28094 0.439475 -0.898245 0.00421727
-21.9824 14.4567 -4.17602 0.448574 -0.893718 0.00637459
-21.9866 14.4581 -5.23652 0.456389 -0.88978 0.000766772
-21.9357 14.4855 -6.33826 0.459856 -0.887991 -0.00223016
-21.5043 14.7119 -7.05402 0.457438 -0.889241 -0.000559118
-20.5811 15.1755 -7.05306 0.433595 -0.901027 0.00769124
-19.5919 15.6274 -7.05124 0.402677 -0.915333 0.0041327
-18.5893 16.0505 -7.07262 0.369011 -0.929394 0.00533583
-17.6303 16.4221 -7.04937 0.357034 -0.934043 0.00949074
-16.6535 16.7835 -7.04283 0.327536 -0.944773 0.00052228
-15.6189 17.1065 -7.02631 0.275713 -0.961238 0.00204165
-14.6232 17.3857 -7.04506 0.266254 -0.963891 0.00490367
-13.5918 17.6534 -7.05423 0.235047 -0.971965 0.00601678
-12.582 17.8737 -7.04734 0.187264 -0.982302 0.00110082
-11.4803 18.0618 -7.0404 0.15286 -0.988209 0.004859
-10.4871 18.1983 -7.03464 0.113449 -0.99343 0.00964578
-9.33248 18.3048 -7.04265 0.0739736 -0.997165 0.00844473
-8.18402 18.3656 -7.03425 0.0370558 -0.99921 0.0128707
-7.08204 18.3774 -7.06135 -0.00341826 -0.999985 0.00304142
-6.08269 18.3547 -7.03959 -0.0577487 -0.998331 -0.000173617
-5.02442 18.282 -7.0447 -0.0772937 -0.997 -0.00399058
-4.00283 18.1774 -7.05028 -0.117781 -0.993005 0.00826262
-2.87907 18.0198 -7.05365 -0.160822 -0.986888 0.0137173
-1.70642 17.8086 -7.06783 -0.191078 -0.981423 0.0172679
-0.615381 17.5764 -7.02362 -0.232407 -0.972579 -0.00221195
0.440184 17.2961 -7.02988 -0.272096 -0.96219 0.00365403
1.44446 16.9866 -7.06192 -0.314441 -0.949243 0.00529522
2.40953 16.6571 -7.02793 -0.324113 -0.946009 -0.00289695
3.3672 16.3107 -7.05796 -0.36359 -0.931524 0.00221551
4.32028 15.9169 -7.02987 -0.388653 -0.921374 -0.00213518
5.2996 15.5 -7.05001 -0.40149 -0.915651 -0.0148219
6.26513 15.0522 -7.03005 -0.435089 -0.900382 -0.00310102
7.18941 14.5977 -7.01944 -0.449929 -0.893049 -0.00375502
7.38329 14.4974 -5.97284 -0.452138 -0.891948 -0.000253354
7.38604 14.4953 -4.91436 -0.452342 -0.891843 -0.00121694
7.35643 14.5103 -3.82418 -0.449012 -0.893511 0.00518657
7.38397 14.5031 -2.65127 -0.451247 -0.892388 -0.00327985
7.38219 14.4931 -1.64616 -0.438948 -0.898464 -0.00930423
7.401 14.4849 -0.57806 -0.445356 -0.895346 0.00340202
7.38974 14.4917 0.504434 -0.450844 -0.892598 -0.00281657
7.38247 14.4905 1.54278 -0.459885 -0.887966 -0.00454394
7.35531 14.5027 2.54593 -0.461703 -0.887031 0.00259907
7.37566 14.4987 3.69148 -0.462664 -0.88652 0.00418954
7.35337 14.5098 4.76218 -0.456938 -0.889471 -0.00555514
7.34444 14.5117 5.81019 -0.453257 -0.891377 0.00216905
7.36012 14.5096 6.83184 -0.455307 -0.89032 0.00363223
6.52446 14.9305 7.0332 -0.443132 -0.896446 0.00437337
5.47228 15.4363 7.07555 -0.422803 -0.906221 0.000461315
4.38327 15.912 7.05894 -0.384414 -0.923148 0.0048003
3.40761 16.2912 7.05149 -0.363782 -0.931484 6.66385e-05
2.3915 16.6769 7.0453 -0.337575 -0.941252 0.000123267
1.4315 16.9962 7.03818 -0.304017 -0.952646 -0.00196591
0.421112 17.2989 7.04506 -0.265132 -0.964207 0.0032419
-0.608599 17.5674 7.05158 -0.242511 -0.970123 -0.00599357
-1.64807 17.8088 7.06094 -0.205369 -0.978661 -0.00682111
-2.7088 18.0151 7.06132 -0.182483 -0.983208 0.0012429
-3.75855 18.1839 7.05476 -0.13919 -0.990229 -0.00853507
-4.77731 18.3013 7.0266 -0.0981199 -0.995111 -0.00248831
-5.86017 18.3823 7.0604 -0.0542364 -0.998517 -0.00393752
-6.99396 18.4126 7.03405 -0.00790668 -0.999851 -0.0115427
-8.01863 18.3916 7.09068 0.047288 -0.998826 0.00994194
-9.11981 18.33 7.05165 0.0681975 -0.997661 0.00469967
-10.228 18.2305 7.04134 0.109906 -0.993873 -0.00447151
-11.2188 18.0967 7.05478 0.150153 -0.988655 -0.00159991
-12.3361 17.903 7.03661 0.20142 -0.979391 -0.00769043
-13.3867 17.6611 7.05153 0.239169 -0.970974 -0.00212361
-14.4032 17.4035 7.03738 0.260051 -0.965486 -0.012627
-15.4402 17.1079 7.01423 0.286118 -0.958093 -0.0139351
-16.4742 16.7866 7.03928 0.315142 -0.948945 -0.0137527
-17.4482 16.4419 7.05929 0.352327 -0.93587 -0.00359779
-18.4549 16.0444 7.0404 0.375541 -0.926803 0.000671297
-19.4399 15.6349 7.05434 0.390061 -0.920789 0.000580517
-20.3619 15.2227 7.05118 0.422435 -0.906348 -0.00259292
-21.2677 14.7905 7.03598 0.438375 -0.898757 0.00802331
-21.9469 14.4486 6.59132 0.450569 -0.892723 0.00572684
-21.9327 14.4526 5.56555 0.43662 -0.899604 -0.00552212
-21.9885 14.4379 4.46854 0.446578 -0.894718 -0.00684578
-21.9813 14.4474 3.40699 0.447402 -0.89433 -0.0020908
-21.9643 14.4546 2.26865 0.448005 -0.894028 -0.00228477
-21.9629 14.4618 1.25079 0.455041 -0.890459 -0.00314567
-21.9626 14.4683 0.204934 0.466903 -0.884309 0.000291462
-21.9549 14.468 -0.816565 0.461995 -0.886861 0.00604542
-21.9638 14.4621 -1.90656 0.466195 -0.884662 -0.00563344
-21.9663 14.4698 -2.99174 0.472009 -0.881562 -0.00744285
-21.9757 14.4612 -4.01182 0.445859 -0.895082 0.00620474
-20.6392 15.1231 -3.79175 0.42734 -0.90407 0.00609503
-19.7071 15.5597 -3.78158 0.416358 -0.90918 -0.00614035
-18.7449 15.9695 -3.76678 0.379913 -0.925015 -0.00379415
-17.6964 16.391 -3.74575 0.367898 -0.929862 -0.00289582
-16.7365 16.7433 -3.72755 0.324592 -0.945853 -0.00168517
-15.6858 17.0903 -3.70625 0.308032 -0.95137 -0.00332862
-14.7094 17.3793 -3.68927 0.258004 -0.966106 -0.00857727
-13.7389 17.6245 -3.67208 0.231993 -0.972705 0.00500843
-12.7361 17.8533 -3.65428 0.197986 -0.980158 0.00960329
-11.7445 18.0333 -3.64106 0.156277 -0.987713 -8.75755e-05
-10.6478 18.191 -3.62846 0.134957 -0.990851 -0.00107409
-9.57739 18.3006 -3.62038 0.0684799 -0.997516 0.0165028
-8.49285 18.3608 -3.61435 0.0351008 -0.999375 0.00425136
-7.2401 18.3877 -3.61301 0.00365493 -0.99985 0.0169202
-6.23406 18.3588 -3.61515 -0.0408087 -0.999167 0.000208515
-5.18255 18.3037 -3.61947 -0.0753706 -0.997116 -0.00885524
-4.15909 18.1973 -3.62536 -0.122525 -0.992465 0.000474696
-3.10066 18.0591 -3.63585 -0.138766 -0.990316 0.00419008
-2.0108 17.8816 -3.64838 -0.199449 -0.979907 -0.00119239
-0.982316 17.6628 -3.66487 -0.225637 -0.97419 0.00653353
0.000622958 17.4189 -3.68089 -0.2687 -0.96319 0.00812999
0.984902 17.1348 -3.69842 -0.291503 -0.956547 -0.00665265
2.12785 16.7565 -3.72097 -0.337214 -0.94142 0.00380519
3.11025 16.3986 -3.73826 -0.349567 -0.936912 0.000175859
4.15289 15.9901 -3.75652 -0.382041 -0.924142 0.00236234
5.08752 15.5938 -3.77139 -0.396771 -0.917869 0.00949309
5.92507 15.2148 -3.78156 -0.427551 -0.90399 -0.00120103
6.06335 15.1504 -2.83488 -0.434743 -0.900521 -0.00778771
5.04502 15.6122 -2.82523 -0.398016 -0.91737 0.00395621
3.99947 16.0505 -2.81396 -0.377959 -0.92582 0.0021185
3.02829 16.4313 -2.80217 -0.35165 -0.936132 1.90807e-05
1.92819 16.8332 -2.78705 -0.326871 -0.94503 0.00853548
0.785373 17.1987 -2.77256 -0.291451 -0.956582 0.00252704
-0.263305 17.4938 -2.75715 -0.247869 -0.96879 0.00259893
-1.25247 17.7245 -2.74631 -0.213581 -0.976921 0.00292895
-2.27834 17.9308 -2.73655 -0.179502 -0.98373 -0.00731927
-3.3084 18.0925 -2.7277 -0.13699 -0.990532 0.00893029
-4.35393 18.227 -2.72045 -0.115791 -0.993189 0.0130009
-5.40572 18.3197 -2.71628 -0.0688432 -0.997621 0.00350286
-6.47167 18.3746 -2.71384 -0.0342503 -0.999289 0.015768
-7.5144 18.3925 -2.71244 0.00693808 -0.999901 0.0122119
-8.62112 18.3614 -2.71434 0.0419753 -0.999087 0.00798752
-9.62341 18.3027 -2.71776 0.0908051 -0.99577 0.0140415
-10.7806 18.1758 -2.72498 0.12804 -0.991768 0.00172926
-11.941 18.0058 -2.73484 0.160911 -0.986934 0.00832241
-12.9621 17.8081 -2.74576 0.207178 -0.978302 0.00148157
-13.9943 17.567 -2.75862 0.246077 -0.96925 -0.000555178
-14.992 17.3031 -2.77124 0.276829 -0.960886 -0.0079438
-15.9993 16.9855 -2.786 0.305786 -0.952091 -0.00415736
-17.1356 16.5959 -2.8021 0.338604 -0.940907 -0.00640072
-18.1975 16.1884 -2.81717 0.373622 -0.92758 -0.00124753
-19.1472 15.801 -2.82976 0.385972 -0.92251 0.00108056
-20.1578 15.3557 -2.83912 0.416369 -0.909195 0.00156391
-20.5784 15.1633 -2.8426 0.41409 -0.91022 0.00537274
-20.6964 15.1102 -1.89508 0.421125 -0.906989 0.00506189
-19.7251 15.5506 -1.88994 0.408878 -0.912585 -0.00251509
-18.7648 15.9603 -1.88317 0.376536 -0.926399 -0.00229357
-17.7612 16.3541 -1.87498 0.355071 -0.934801 -0.008457
-16.6698 16.7522 -1.86469 0.324318 -0.945857 -0.0131461
-15.6385 17.0964 -1.85453 0.300607 -0.953723 -0.00688481
-14.6161 17.3995 -1.84598 0.269998 -0.962711 -0.0169966
-13.6437 17.6479 -1.83751 0.234963 -0.972001 -0.0025818
-12.6154 17.8741 -1.83023 0.195778 -0.980648 0.000557065
-11.4564 18.0816 -1.82244 0.165894 -0.986127 0.00569671
-10.4038 18.233 -1.81702 0.122011 -0.992349 0.0188707
-9.38541 18.3261 -1.81226 0.0772814 -0.996992 0.00580014
-8.37855 18.3814 -1.80956 0.038849 -0.999211 0.00820777
-7.34844 18.4026 -1.81026 -0.00658061 -0.999949 0.0076052
-6.21251 18.3726 -1.81103 -0.0447555 -0.99899 0.00401809
-5.12739 18.3083 -1.81293 -0.0723044 -0.997371 -0.00477591
-4.09837 18.1965 -1.81678 -0.114145 -0.993464 -0.000288155
-3.03015 18.0556 -1.81954 -0.151967 -0.988252 0.016279
-1.86621 17.8506 -1.82795 -0.193653 -0.981061 0.00430027
-0.841938 17.632 -1.83529 -0.222914 -0.974834 0.0030088
0.146832 17.3829 -1.84237 -0.259748 -0.965671 0.00322176
1.26447 17.0501 -1.85245 -0.299176 -0.954198 -0.00026328
2.30212 16.7032 -1.86147 -0.341662 -0.939817 0.0033715
3.26672 16.341 -1.86939 -0.3656 -0.930772 -0.000233298
4.30434 15.9274 -1.87646 -0.380219 -0.924896 0.000299473
5.30396 15.4892 -1.88176 -0.418688 -0.908091 -0.00844207
6.05434 15.1408 -1.88607 -0.430042 -0.902589 -0.0199358
6.10181 15.116 -0.94456 -0.430283 -0.902629 0.0108432
5.097 15.5858 -0.941136 -0.417605 -0.9086 0.00726931
4.16213 15.9896 -0.93702 -0.374344 -0.927273 0.00565934
3.08708 16.4172 -0.934175 -0.351705 -0.936103 0.00373011
2.12888 16.7661 -0.929985 -0.326737 -0.945111 0.00280832
1.15718 17.0863 -0.9261 -0.287421 -0.957802 -0.00231858
0.145725 17.3831 -0.921434 -0.256592 -0.966478 -0.00905556
-0.920718 17.6516 -0.918633 -0.221798 -0.975065 0.00730858
-2.02442 17.8845 -0.914316 -0.181934 -0.983299 0.00480707
-3.08667 18.0656 -0.91287 -0.143835 -0.98955 0.0101458
-4.21187 18.2087 -0.910063 -0.11112 -0.993789 0.0059205
-5.35925 18.332 -0.908794 -0.0792839 -0.996778 0.0121331
-6.51348 18.3896 -0.908729 -0.0291728 -0.999568 0.00361881
-7.51901 18.406 -0.907406 -0.00582729 -0.999982 -0.00123775
-8.63136 18.3725 -0.907252 0.0575637 -0.998339 0.00245768
-9.76572 18.295 -0.907796 0.0855108 -0.996331 -0.00349714
-10.9324 18.1606 -0.909783 0.150338 -0.988633 -0.00170353
-12.0218 17.9794 -0.914182 0.170019 -0.985439 -0.00198483
-13.0251 17.7889 -0.918167 0.207691 -0.978162 0.00795214
-14.0222 17.5538 -0.922064 0.247134 -0.968975 0.00361403
-15.0315 17.2764 -0.926827 0.281044 -0.959622 -0.0117848
-16.0186 16.9704 -0.931388 0.305603 -0.952158 -0.00109842
-17.0173 16.6263 -0.936305 0.339015 -0.940764 -0.00559888
-17.9622 16.2739 -0.940736 0.356125 -0.934426 -0.00486476
-18.9096 15.9002 -0.944872 0.388407 -0.921402 -0.0125679
-19.8391 15.4974 -0.947638 0.406954 -0.91343 -0.00575298
-20.6741 15.1158 -0.950417 0.426629 -0.904425 -0.00161949
-20.5982 15.1445 -0.00471079 0.423455 -0.905877 -0.00855176
-19.6039 15.5955 -0.00529671 0.408714 -0.912641 -0.00626801
-18.6437 15.9975 -0.00428273 0.370189 -0.928844 -0.0144544
-17.6889 16.3698 -0.00500036 0.355768 -0.934539 -0.00811688
-16.7427 16.7219 -0.00445199 0.334847 -0.94226 -0.00480329
-15.718 17.0614 -0.00381425 0.297586 -0.954673 -0.00641347
-14.6581 17.3768 -0.00315097 0.276723 -0.960933 -0.00565476
-13.577 17.6638 -0.00220033 0.230597 -0.973028 0.00650039
-12.556 17.8829 -0.000966059 0.18732 -0.982291 0.00392717
-11.5036 18.0695 -0.00053453 0.164519 -0.986361 0.00504851
-10.3869 18.2345 -0.00117932 0.121646 -0.992505 0.0116837
-9.23465 18.3364 -0.00185394 0.0695694 -0.997551 0.00727775
-8.22826 18.3943 -0.00266491 0.0408265 -0.999155 0.00472723
-7.15878 18.4054 -0.00191726 -0.010233 -0.999886 0.0110946
-6.01397 18.3722 -0.00219 -0.0453324 -0.998945 0.00727302
-5.00154 18.3018 -0.00238358 -0.0942124 -0.995464 0.0132202
-3.85513 18.1744 -0.00264483 -0.116312 -0.993119 0.0136557
-2.77227 18.0182 -0.0013947 -0.155126 -0.987882 0.00511517
-1.69394 17.8214 -0.000410421 -0.199685 -0.979807 0.0102299
-0.587398 17.5655 -0.000324467 -0.242002 -0.970273 0.00216711
0.48074 17.2787 -0.000115707 -0.265169 -0.964199 -0.00237285
1.44555 16.997 -0.00053659 -0.287628 -0.957735 -0.00382231
2.45378 16.6554 -0.000590528 -0.336897 -0.94154 0.0018755
3.43396 16.2889 -0.00019108 -0.362493 -0.931986 0.00056738
4.53979 15.8345 -8.32492e-05 -0.390948 -0.920411 0.0018562
5.5824 15.372 0.000875231 -0.412984 -0.910701 0.0082939
6.02696 15.1666 0.00199443 -0.430244 -0.902713 -3.72129e-05
6.06637 15.1544 0.941907 -0.429611 -0.902971 0.00883192
5.13205 15.5831 0.939503 -0.40791 -0.912939 0.0122991
4.06297 16.04 0.936716 -0.377971 -0.925798 0.00602209
3.13121 16.4082 0.933931 -0.356148 -0.9344 0.00740199
2.13973 16.7692 0.9291 -0.324513 -0.945861 0.00625392
1.14722 17.09 0.925146 -0.299666 -0.954025 -0.00603833
0.0482976 17.4041 0.921198 -0.254948 -0.966864 0.0132226
-1.04175 17.6766 0.91659 -0.227122 -0.973858 0.00411348
-2.15682 17.9144 0.911089 -0.188715 -0.982016 0.0056638
-3.29503 18.1048 0.907824 -0.146491 -0.989164 0.00971958
-4.31694 18.2388 0.905312 -0.110906 -0.993786 0.00941634
-5.38826 18.3448 0.903939 -0.0791233 -0.996858 -0.00361081
-6.39402 18.3968 0.905021 -0.0444584 -0.998984 0.00739404
-7.40166 18.4107 0.903226 0.0102085 -0.999914 0.00829084
-8.41295 18.3883 0.902567 0.0418919 -0.999117 0.00329596
-9.46345 18.3252 0.902993 0.0666112 -0.997779 -0.000723843
-10.476 18.2198 0.905553 0.130144 -0.991485 -0.00449047
-11.6148 18.0534 0.909841 0.152926 -0.988231 -0.0035705
-12.6854 17.8555 0.912415 0.202925 -0.979194 0.000226471
-13.7496 17.617 0.915154 0.242899 -0.970052 0.000184319
-14.8072 17.3257 0.91858 0.277519 -0.960711 -0.00420005
-15.8485 17.0181 0.92221 0.293092 -0.95608 -0.0028038
-16.8629 16.6735 0.925263 0.332652 -0.94304 0.00433807
-17.9253 16.272 0.92921 0.359824 -0.933016 -0.00277833
-18.9713 15.8505 0.93365 0.384257 -0.923183 -0.00890078
-19.9835 15.4177 0.935153 0.409384 -0.912296 -0.010976
-20.5879 15.138 0.936056 0.425586 -0.904823 -0.0131267
-20.6693 15.0937 1.88377 0.429676 -0.902966 -0.00544904
-19.6633 15.5488 1.87766 0.401691 -0.915751 -0.00660829
-18.7221 15.9498 1.87089 0.38624 -0.922398 0.00115369
-17.7315 16.3463 1.86351 0.356449 -0.934315 -0.000164719
-16.7772 16.7028 1.85571 0.335186 -0.942139 -0.00495565
-15.7478 17.049 1.84754 0.305933 -0.952042 -0.00463622
-14.7643 17.3348 1.84056 0.271707 -0.96238 0.00038862
-13.6753 17.6309 1.83178 0.253654 -0.967291 -0.00261134
-12.5984 17.8723 1.82472 0.191579 -0.981476 0.00161377
-11.5714 18.0588 1.819 0.155978 -0.987721 -0.00880129
-10.4924 18.2093 1.8133 0.130373 -0.991441 -0.00684897
-9.48101 18.3219 1.8101 0.0963998 -0.995326 0.00581825
-8.42779 18.3882 1.80848 0.0454538 -0.998941 0.00716756
-7.38488 18.413 1.80622 0.00648358 -0.99994 0.0088719
-6.2355 18.3989 1.80667 -0.0410576 -0.999127 0.00770981
-5.07324 18.3237 1.81014 -0.0835825 -0.99649 0.0045966
-4.0136 18.2091 1.81471 -0.126426 -0.991915 0.0109815
-2.99123 18.0644 1.81904 -0.162742 -0.986607 0.0110511
-1.93818 17.8693 1.82595 -0.195504 -0.980702 0.00113512
-0.914981 17.6389 1.83352 -0.232074 -0.972645 -0.0101298
0.245352 17.3458 1.84202 -0.26105 -0.965215 -0.0145903
1.34502 17.0241 1.85218 -0.296219 -0.955096 -0.00683196
2.4526 16.6603 1.86134 -0.325566 -0.945504 0.00532563
3.47551 16.2773 1.87034 -0.363946 -0.931376 0.009067
4.48647 15.8722 1.87867 -0.385176 -0.922793 0.00960726
5.40556 15.4674 1.88481 -0.412325 -0.911035 -0.00170838
6.07224 15.1528 1.88686 -0.435555 -0.900153 0.00420328
6.11434 15.1334 2.83766 -0.429078 -0.90326 0.00371888
5.15553 15.5786 2.82672 -0.410396 -0.911869 -0.00840806
4.08738 16.0397 2.81428 -0.382548 -0.923933 0.00236755
3.10116 16.4287 2.80202 -0.353447 -0.935452 0.00210861
2.13113 16.7698 2.78846 -0.314307 -0.949284 -0.00839513
1.14483 17.0816 2.77591 -0.290852 -0.956705 -0.0109769
0.11511 17.3706 2.76164 -0.257848 -0.966164 -0.00642155
-0.96251 17.6473 2.74962 -0.236201 -0.971704 -0.000723093
-1.94938 17.8702 2.73949 -0.200254 -0.979646 0.0138242
-3.05615 18.0739 2.72757 -0.164882 -0.986312 0.00146962
-4.0553 18.2234 2.71982 -0.128527 -0.991561 0.016985
-5.07788 18.3293 2.71472 -0.0859795 -0.996282 0.00547939
-6.10705 18.3983 2.70966 -0.0475654 -0.998853 0.00545406
-7.31893 18.4202 2.70941 0.00125001 -0.999999 -0.000794562
-8.33569 18.3965 2.70974 0.0419332 -0.9991 -0.00644571
-9.35068 18.3297 2.71422 0.0822034 -0.996616 -0.000332964
-10.4161 18.2149 2.71994 0.129292 -0.991597 -0.00429378
-11.5082 18.0628 2.72781 0.150421 -0.98855 -0.0119608
-12.5029 17.8974 2.7359 0.198949 -0.979965 -0.00935406
-13.5012 17.6752 2.74695 0.240685 -0.970585 -0.00593898
-14.5335 17.3995 2.75916 0.268234 -0.963353 -0.00115097
-15.5095 17.1172 2.77032 0.286683 -0.957964 -0.0108433
-16.5009 16.7954 2.7842 0.320847 -0.946999 -0.0158006
-17.4771 16.438 2.79443 0.353209 -0.935511 -0.00786686
-18.5017 16.0371 2.80624 0.374114 -0.927381 -0.00210302
-19.5822 15.5803 2.81914 0.400874 -0.916131 -0.00213112
-20.5899 15.1284 2.82562 0.419763 -0.907633 0.00105155
-20.6354 15.1049 3.77282 0.428274 -0.903648 -0.00148785
-19.5613 15.5899 3.76165 0.403725 -0.91488 0.000567339
-18.4679 16.0477 3.74587 0.373505 -0.927597 -0.00764177
-17.4983 16.4246 3.72999 0.347808 -0.937537 -0.00736044
-16.4382 16.8089 3.71047 0.325637 -0.945473 -0.00645495
-15.2918 17.1773 3.69196 0.284186 -0.958768 -0.0016505
-14.2662 17.469 3.67263 0.267219 -0.963594 -0.00892857
-13.2276 17.7362 3.65745 0.215279 -0.976444 -0.0145893
-12.1959 17.946 3.64391 0.175367 -0.98446 -0.00916575
-11.2082 18.1058 3.63264 0.150507 -0.988608 0.0011368
-10.1809 18.2434 3.62234 0.120754 -0.992681 -0.00184884
-9.02615 18.3486 3.61369 0.0753562 -0.997154 -0.00220214
-8.01237 18.4014 3.61035 0.027568 -0.999613 -0.00369558
-6.91944 18.4137 3.61036 6.44656e-05 -0.999996 -0.00289716
-5.78795 18.3824 3.61231 -0.0531629 -0.998544 0.00915583
-4.6978 18.3002 3.6183 -0.0879402 -0.99611 -0.00559916
-3.57692 18.1575 3.62993 -0.150845 -0.988557 -0.000410236
-2.41221 17.9639 3.64517 -0.17359 -0.984816 -0.00205349
-1.32855 17.7391 3.65799 -0.240986 -0.970522 0.00364741
-0.282401 17.472 3.67526 -0.255882 -0.966707 0.00132544
0.854231 17.1586 3.6962 -0.277485 -0.96071 -0.00619953
1.85012 16.8567 3.71156 -0.301566 -0.953358 -0.0128857
2.80126 16.5386 3.73208 -0.335033 -0.942199 0.00383618
3.79318 16.1577 3.74982 -0.379279 -0.925279 0.002685
4.75015 15.7521 3.76792 -0.401295 -0.915924 -0.0068038
5.68176 15.3331 3.78013 -0.418282 -0.908316 -0.00147583
5.94491 15.2111 3.78395 -0.42361 -0.905843 -0.00156284
6.05553 15.1585 4.73578 -0.432566 -0.901586 -0.0054434
5.13464 15.579 4.72054 -0.404312 -0.914615 -0.00350202
4.07274 16.0352 4.69656 -0.38176 -0.924152 -0.0142269
3.12005 16.4183 4.6754 -0.360219 -0.932728 -0.0161833
2.1541 16.7553 4.65153 -0.304146 -0.952622 0.00254671
1.19858 17.0529 4.62645 -0.289094 -0.957299 0.00192956
0.231838 17.336 4.60245 -0.270133 -0.962803 0.00623332
-0.73672 17.6001 4.58345 -0.249651 -0.968268 0.0114512
-1.79879 17.8467 4.5611 -0.198293 -0.980127 -0.00561809
-2.78885 18.0323 4.54633 -0.177671 -0.984088 0.00181897
-3.78891 18.1886 4.53139 -0.141228 -0.989956 -0.00644642
-4.80114 18.3145 4.5216 -0.111262 -0.993726 0.011339
-5.91426 18.3928 4.5134 -0.0511031 -0.998693 0.000263391
-6.92337 18.4163 4.50871 0.00445825 -0.999985 0.00304171
-7.98074 18.4004 4.50978 0.0291005 -0.999545 -0.00790964
-9.11215 18.3396 4.51585 0.0645721 -0.99783 -0.0128928
-10.1124 18.2518 4.52419 0.125848 -0.992049 0.000414638
-11.1413 18.1144 4.53609 0.146286 -0.989228 -0.00541072
-12.1903 17.9419 4.55159 0.17101 -0.985217 -0.0101386
-13.1905 17.7351 4.56854 0.22667 -0.973879 -0.0134639
-14.2112 17.4771 4.58958 0.261618 -0.965126 -0.00941688
-15.1793 17.2069 4.61356 0.27308 -0.961984 -0.00385626
-16.1545 16.9033 4.63416 0.320093 -0.947369 -0.0056461
-17.3127 16.4888 4.66118 0.34739 -0.937681 -0.00862534
-18.2487 16.1317 4.68152 0.372677 -0.927957 -0.00261096
-19.2716 15.7117 4.70288 0.391429 -0.920185 -0.00658248
-20.2977 15.2564 4.72206 0.424495 -0.90542 -0.00423847
-20.72 15.0581 4.7284 0.424436 -0.905439 -0.00587569
-18.5858 15.9934 5.63055 0.383817 -0.923403 -0.00344296
-17.6033 16.3771 5.60593 0.348621 -0.937263 0.00109826
-16.5408 16.7658 5.57565 0.34069 -0.940175 -0.000874429
-15.4808 17.1118 5.54211 0.295268 -0.955409 -0.00313881
-14.5073 17.3896 5.51648 0.260954 -0.965346 -0.0031271
-13.4286 17.6642 5.48557 0.233392 -0.972308 -0.0120814
-12.4133 17.8949 5.46242 0.197458 -0.980286 -0.00705615
-11.4189 18.0667 5.44367 0.15677 -0.987635 -0.000132016
-10.3625 18.2215 5.42657 0.136136 -0.99069 -0.00034046
-9.19859 18.3235 5.41326 0.0626723 -0.997983 -0.0101495
-8.11885 18.3841 5.40571 0.0486156 -0.998726 -0.0135458
-6.91978 18.4203 5.40468 0.00299145 -0.999962 0.00824323
-5.81266 18.3857 5.40933 -0.050977 -0.998699 0.00104143
-4.64386 18.2953 5.41895 -0.110947 -0.993825 0.0013711
-3.59608 18.1585 5.43431 -0.14202 -0.989861 -0.00249513
-2.43701 17.9667 5.45754 -0.185863 -0.982575 -0.000811685
-1.33319 17.7462 5.48152 -0.21907 -0.97566 0.00976289
-0.241894 17.4743 5.50808 -0.260626 -0.96543 0.00436299
0.898875 17.1516 5.54251 -0.286953 -0.957875 0.0115714
2.01622 16.8026 5.58039 -0.309441 -0.950888 0.00767435
3.07469 16.4257 5.61191 -0.35824 -0.933626 0.00239019
3.48765 16.2634 5.62324 -0.368756 -0.929502 -0.00671553
6.11278 15.1293 -4.73429 -0.436909 -0.899501 -0.00304733
5.18955 15.5487 -4.72003 -0.39739 -0.917635 0.00527522
4.2503 15.95 -4.70235 -0.390475 -0.920608 0.00312021
3.2278 16.3601 -4.67734 -0.352677 -0.935735 -0.00444917
2.28169 16.7033 -4.65446 -0.328875 -0.944371 -0.00223191
1.31118 17.0301 -4.63072 -0.312099 -0.95005 0.000274692
0.334933 17.3228 -4.60642 -0.268767 -0.963204 -0.00148126
-0.782693 17.6164 -4.58257 -0.224727 -0.974411 0.00467968
-1.76767 17.8352 -4.56185 -0.198937 -0.979998 -0.00534292
-2.8853 18.0256 -4.54286 -0.148401 -0.988926 -0.00125154
-3.96822 18.1727 -4.52907 -0.11899 -0.992882 -0.00519803
-4.96835 18.2853 -4.5187 -0.0780147 -0.996901 0.0101248
-6.14045 18.3567 -4.51307 -0.0443792 -0.999014 0.000942828
-7.3169 18.3832 -4.51115 -0.00465764 -0.999989 0.000696871
-8.33641 18.3671 -4.51405 0.0359928 -0.999337 0.00540447
-9.59752 18.2904 -4.51947 0.0817051 -0.996481 0.0187149
-10.6356 18.1884 -4.53126 0.130826 -0.991393 -0.00494813
-11.708 18.0336 -4.5469 0.156967 -0.98758 0.00680268
-12.8079 17.8329 -4.56734 0.206064 -0.978531 0.00386241
-13.8949 17.5852 -4.59123 0.237015 -0.971506 0.000353917
-14.949 17.3161 -4.61425 0.257493 -0.966257 -0.00661509
-15.9526 17.0044 -4.64009 0.310154 -0.950671 -0.00538421
-16.9067 16.6865 -4.66253 0.323572 -0.946199 -0.0030783
-17.8484 16.3405 -4.68687 0.377911 -0.925777 -0.0109686
-18.8382 15.9367 -4.71295 0.385285 -0.922769 -0.00723877
-19.829 15.5101 -4.7334 0.410189 -0.911743 -0.0216563
-20.6278 15.1377 -4.74796 0.443157 -0.896192 -0.0212768
-18.9108 15.9119 -5.66103 0.385476 -0.922682 -0.00814908
-17.8549 16.34 -5.62743 0.364699 -0.931123 -0.00207837
-16.8663 16.704 -5.59379 0.326836 -0.945069 -0.0048014
-15.829 17.0484 -5.56295 0.310669 -0.950515 -0.00229316
-14.8059 17.3483 -5.53061 0.263176 -0.964733 0.00536432
-13.7988 17.6119 -5.50134 0.24153 -0.970379 0.00523523
-12.7853 17.8378 -5.47774 0.184969 -0.982744 -0.000195212
-11.691 18.0347 -5.45179 0.164703 -0.986322 0.00653468
-10.563 18.1991 -5.43194 0.119838 -0.992778 -0.00556273
-9.55297 18.2912 -5.41823 0.0765842 -0.997061 0.00201006
-8.54032 18.3574 -5.41007 0.0596201 -0.998218 0.00247416
-7.48382 18.3779 -5.4071 0.0088079 -0.999961 0.000784506
-6.4644 18.3671 -5.40662 -0.0201381 -0.999796 0.00160841
-5.42943 18.316 -5.41155 -0.0856929 -0.996284 0.00861437
-4.40911 18.2227 -5.42256 -0.0947665 -0.995472 0.00744083
-3.28695 18.0864 -5.43894 -0.141043 -0.989998 0.00329641
-2.28956 17.9276 -5.45774 -0.180523 -0.983553 -0.00586008
-1.069 17.6813 -5.48875 -0.21923 -0.975672 -0.00175856
0.0491569 17.4046 -5.51838 -0.268208 -0.963361 -0.000439594
1.07788 17.1061 -5.54951 -0.296478 -0.955039 -0.000695165
2.11646 16.7598 -5.58252 -0.32664 -0.945146 0.00219389
3.09524 16.4133 -5.61091 -0.35132 -0.936223 0.00775307
3.47766 16.2654 -5.62348 -0.365017 -0.930994 -0.00353488
3.54879 16.2375 -5.62573 -0.36502 -0.930993 -0.00353677
