19.6018 70.2351 -0.501791 0.0596721 -0.9982 -0.00464788
19.6277 70.2349 0.497729 0.0602672 -0.998143 -0.00488586
19.6467 70.2388 1.51604 0.0627738 -0.998014 0.00527492
19.6411 70.2383 2.59049 0.0522129 -0.998574 -0.00816416
19.6507 70.2285 3.7568 0.0746602 -0.997172 -0.00309109
19.6326 70.2282 4.78036 0.0820833 -0.996599 -0.00732243
19.6881 70.227 5.92333 0.0906405 -0.995882 -0.0018055
20.7116 70.305 6.11405 0.0637069 -0.997886 -0.0127945
21.8107 70.3323 6.08922 -0.000304488 -0.999996 0.00271283
22.8271 70.3164 6.10291 -0.0327368 -0.999455 -0.00396146
23.8381 70.274 6.11931 -0.0539505 -0.998526 -0.00590714
25.0232 70.1864 6.12995 -0.0983042 -0.995134 -0.00627725
26.1246 70.0559 6.07435 -0.138581 -0.99035 0.00147177
27.2007 69.8816 6.06132 -0.175369 -0.984502 -0.00101369
28.3134 69.6641 6.11121 -0.203058 -0.979167 -5.96331e-05
29.32 69.4359 6.11769 -0.23796 -0.971245 -0.00582203
30.3191 69.1672 6.09003 -0.278527 -0.960405 -0.00665194
31.391 68.8557 6.12082 -0.277338 -0.960739 0.00805415
32.481 68.5495 6.12018 -0.26845 -0.96328 0.00305371
33.2816 68.3168 5.7533 -0.291842 -0.956392 -0.0113288
33.2808 68.3173 4.64209 -0.298355 -0.954435 0.0042089
33.3118 68.3032 3.53491 -0.309942 -0.950753 -0.00232987
33.3192 68.3181 2.50185 -0.308128 -0.951076 -0.0226273
33.3542 68.3269 1.43741 -0.320337 -0.94727 -0.00188592
33.3324 68.3249 0.296382 -0.313036 -0.949705 0.00821849
33.3221 68.3213 -0.851147 -0.309225 -0.950989 0.00059069
33.3693 68.3112 -1.90483 -0.301425 -0.953477 -0.00500502
33.4016 68.306 -3.08138 -0.307089 -0.951675 0.00203539
33.3326 68.3246 -4.12144 -0.30602 -0.951987 0.00841053
33.2625 68.3366 -5.20718 -0.303574 -0.952771 0.00835027
33.019 68.4106 -6.12689 -0.300773 -0.953696 4.66834e-05
31.9555 68.7428 -6.11757 -0.292201 -0.956342 0.00213856
30.877 69.0531 -6.09443 -0.259452 -0.965742 0.00382983
29.9083 69.3061 -6.11974 -0.246592 -0.969117 0.00075607
28.8645 69.5565 -6.14022 -0.217259 -0.976113 0.000966175
27.8789 69.765 -6.11175 -0.197914 -0.980201 0.00474422
26.7433 69.9668 -6.0976 -0.142615 -0.989778 -0.000378706
25.7434 70.1064 -6.10732 -0.120825 -0.992615 -0.0059317
24.6455 70.2205 -6.10242 -0.0847399 -0.996385 -0.00605363
23.5284 70.2924 -6.09265 -0.0482609 -0.998832 0.00220427
22.4165 70.3131 -6.0955 0.000178913 -0.999967 0.00813859
21.3959 70.3047 -6.13377 0.0101704 -0.999947 -0.00175738
20.3325 70.2704 -6.07196 0.0495122 -0.998771 -0.00209094
19.6341 70.2283 -5.55889 0.0532495 -0.998531 -0.0100636
19.6327 70.2301 -4.54232 0.0793808 -0.996756 0.0132777
19.6241 70.2392 -3.54045 0.0870817 -0.996158 0.0092942
19.6037 70.2389 -2.40661 0.0863214 -0.996237 -0.00617708
19.6187 70.236 -1.36682 0.0702073 -0.99752 0.00162633
19.6027 70.2356 -0.555685 0.059963 -0.998164 -0.00853873
18.6743 70.1581 -0.61115 0.110132 -0.99377 -0.0171019
18.6732 70.1543 -1.65567 0.104775 -0.994496 -1.71869e-05
18.6704 70.1551 -2.69968 0.0910744 -0.995843 0.000986502
18.6757 70.1513 -3.7431 0.0917763 -0.995765 0.00542516
18.691 70.1491 -4.81391 0.0791587 -0.996862 -0.000501626
18.703 70.1609 -5.82458 0.0913772 -0.995797 -0.00575393
18.7297 70.1636 -6.91577 0.100869 -0.99489 -0.00432931
19.7646 70.2433 -7.01938 0.0574847 -0.998337 0.000166321
20.781 70.2917 -7.05946 0.042541 -0.999074 -0.0038362
21.8822 70.3172 -7.07529 0.00271853 -0.999955 -0.00906982
23.0031 70.3072 -7.05338 -0.0181371 -0.999831 -0.00260629
24.0197 70.2681 -7.0642 -0.0637419 -0.997907 -0.00747003
25.0461 70.1835 -7.05152 -0.0949896 -0.995466 0.00204138
26.0679 70.0655 -7.04876 -0.137042 -0.990559 -0.00349865
27.0644 69.9106 -7.05361 -0.175462 -0.984441 0.00946652
28.0764 69.7223 -7.0514 -0.196289 -0.980485 0.0084121
29.1313 69.4976 -7.0679 -0.224876 -0.974334 -0.00338355
30.1079 69.2538 -7.0532 -0.250919 -0.967997 0.00455962
31.095 68.9854 -7.04284 -0.271947 -0.962294 0.0056905
32.184 68.6659 -7.07265 -0.286715 -0.95795 0.0112114
33.2838 68.3265 -7.08172 -0.30301 -0.952987 0.000744625
34.2038 68.03 -6.93004 -0.309805 -0.950794 0.00341657
34.2354 68.0236 -5.91421 -0.305984 -0.952033 0.00251562
34.1878 68.0433 -4.8616 -0.308153 -0.951318 0.00529255
34.2614 68.022 -3.79902 -0.312832 -0.949805 0.00252507
34.2935 68.0105 -2.73936 -0.318043 -0.948075 -0.00142163
34.2414 68.0243 -1.59598 -0.31665 -0.948523 -0.00602406
34.2052 68.0329 -0.487524 -0.315615 -0.948886 -0.00153067
34.2319 68.0233 0.514843 -0.326481 -0.945194 -0.00418566
34.2438 68.0199 1.67278 -0.337401 -0.941346 0.00285552
34.2271 68.0147 2.84739 -0.310228 -0.950466 -0.0193009
34.1986 68.0121 3.87123 -0.307611 -0.951489 -0.00658788
34.2122 68.013 4.97585 -0.320925 -0.947076 -0.00741577
34.213 68.0058 6.0453 -0.321521 -0.946821 -0.0111374
34.0637 68.0422 7.0184 -0.314021 -0.949251 -0.0174989
33.1049 68.3534 7.06499 -0.307336 -0.951585 -0.00542774
32.1276 68.656 7.05204 -0.287881 -0.957633 0.00192642
31.1296 68.9421 7.06482 -0.269833 -0.962764 0.016096
30.1435 69.212 7.04287 -0.255792 -0.966616 -0.0100403
29.1414 69.4651 7.0573 -0.236823 -0.971241 -0.0244773
28.1214 69.7003 7.04354 -0.21011 -0.977654 -0.00681136
27.1244 69.8904 7.00548 -0.176241 -0.984291 -0.0100559
25.9764 70.0741 7.05515 -0.126688 -0.991836 0.00488962
24.8722 70.1954 7.06683 -0.0985712 -0.995121 -0.0022872
23.6758 70.2795 7.07697 -0.0449079 -0.998955 0.00299258
22.5022 70.32 7.04178 -0.0211353 -0.999699 -0.00947796
21.4325 70.3205 7.05381 0.0161625 -0.999832 -0.00860406
20.3622 70.2815 7.07372 0.0653808 -0.997858 -0.00239292
19.2904 70.1922 7.07323 0.0967684 -0.995307 5.73477e-05
18.7136 70.1297 6.48965 0.106278 -0.994278 0.0108066
18.715 70.1361 5.3799 0.114727 -0.993302 -0.0137446
18.6895 70.1503 4.36664 0.0844629 -0.996401 -0.00708207
18.7072 70.1547 3.32648 0.0850055 -0.996367 -0.000523702
18.6915 70.1459 2.24528 0.115068 -0.993272 0.00432698
18.709 70.1524 1.21396 0.106091 -0.994277 -0.0124826
18.6762 70.1581 0.181092 0.126009 -0.991411 0.0119433
18.6746 70.1546 -0.40918 0.110132 -0.99377 -0.0171019
20.1117 70.2669 -0.901326 0.0565094 -0.998381 -0.00647333
21.1345 70.3168 -0.90225 0.0339218 -0.999424 0.000617076
22.188 70.3473 -0.903137 0.0121568 -0.999921 0.00328455
23.2708 70.3226 -0.904529 -0.04546 -0.998945 -0.00656461
24.3564 70.2636 -0.905455 -0.0787647 -0.996853 -0.00892119
25.3972 70.1561 -0.907168 -0.115421 -0.993303 -0.00519402
26.4758 70.0114 -0.909329 -0.147553 -0.989053 -0.00182608
27.543 69.8321 -0.911762 -0.183116 -0.983079 -0.00498888
28.6401 69.6034 -0.914288 -0.21463 -0.976607 -0.0131216
29.6814 69.3622 -0.916492 -0.2328 -0.972499 -0.00708617
30.7135 69.0901 -0.919377 -0.261569 -0.965185 0.000508795
31.7457 68.8051 -0.922203 -0.275969 -0.96111 0.0104762
32.6881 68.5238 -0.924136 -0.298331 -0.954462 0.000878418
32.779 68.4957 -1.84094 -0.296341 -0.955064 -0.0059699
31.806 68.7838 -1.83768 -0.282111 -0.959381 -0.0013561
30.656 69.1137 -1.83447 -0.265044 -0.96413 -0.0143008
29.6719 69.3716 -1.83046 -0.23926 -0.970938 -0.00578667
28.6786 69.6017 -1.82604 -0.212811 -0.977055 -0.00870997
27.6861 69.8122 -1.82136 -0.193604 -0.981062 -0.00596555
26.6647 69.9913 -1.81672 -0.144138 -0.989534 -0.00678925
25.649 70.1291 -1.8126 -0.122676 -0.992447 -0.000324809
24.5674 70.2476 -1.80892 -0.0810588 -0.996659 -0.0100581
23.5636 70.309 -1.80575 -0.0409732 -0.999144 0.00564608
22.4942 70.3423 -1.80362 -0.00621095 -0.999976 0.00310838
21.4912 70.328 -1.80177 0.026869 -0.999621 0.00607161
20.3333 70.2882 -1.80076 0.0602886 -0.99818 -0.00109096
20.1049 70.2719 -1.80061 0.0710458 -0.99747 -0.00251829
20.1152 70.2807 -2.69893 0.0699802 -0.997539 -0.00438657
21.1205 70.3218 -2.69998 0.0243913 -0.999649 -0.0103302
22.3125 70.3421 -2.70315 0.00751327 -0.999948 -0.00685332
23.4134 70.315 -2.70641 -0.0469615 -0.998886 -0.00468934
24.4157 70.2577 -2.71057 -0.0774288 -0.996964 0.0082073
25.4283 70.1571 -2.71624 -0.120717 -0.992687 -0.000284968
26.4819 70.0213 -2.72262 -0.13475 -0.990876 0.00264791
27.6546 69.8252 -2.73047 -0.184205 -0.982864 0.00679135
28.7733 69.5869 -2.73858 -0.216945 -0.976142 -0.00908248
29.8652 69.3284 -2.74524 -0.240639 -0.970603 -0.0048539
30.962 69.036 -2.75169 -0.274158 -0.961587 -0.0136908
32.0053 68.7328 -2.75718 -0.281524 -0.959451 -0.0140826
32.8628 68.4773 -2.75894 -0.295956 -0.955192 -0.00425393
32.6955 68.5327 -3.68001 -0.303489 -0.952794 0.0088187
31.6967 68.834 -3.67431 -0.272374 -0.96219 0.0015944
30.7074 69.1117 -3.66683 -0.264132 -0.964483 -0.00239824
29.6548 69.3814 -3.6584 -0.233434 -0.972371 0.00191752
28.6033 69.6242 -3.64866 -0.215037 -0.976606 0.000715352
27.593 69.8342 -3.63939 -0.178067 -0.983763 0.0224089
26.4556 70.0244 -3.6289 -0.146449 -0.989208 0.00450839
25.4111 70.1585 -3.621 -0.115582 -0.993298 -0.000107554
24.3266 70.2559 -3.6132 -0.0747589 -0.997156 0.00952021
23.295 70.3267 -3.60579 -0.0556884 -0.998434 -0.00530658
22.2733 70.3489 -3.60205 0.00296263 -0.999996 -0.000179321
21.0991 70.3248 -3.59851 0.0278296 -0.999612 -0.00133498
20.2191 70.29 -3.59676 0.0746658 -0.997202 -0.00362431
20.1374 70.2706 -4.49372 0.0704172 -0.997452 0.0114654
21.2515 70.3264 -4.49642 0.0293204 -0.999522 0.0097562
22.4366 70.3416 -4.50152 -0.00542559 -0.999976 0.00428492
23.5266 70.3037 -4.509 -0.0550779 -0.99845 0.00794408
24.6237 70.2255 -4.51743 -0.0773285 -0.996977 0.00762564
25.6463 70.1235 -4.52642 -0.113879 -0.993327 0.0182362
26.8145 69.9602 -4.53948 -0.159012 -0.987224 0.010236
27.9158 69.7634 -4.55221 -0.190417 -0.981697 0.00341247
28.9957 69.5347 -4.56492 -0.227335 -0.973808 0.00397415
30.0299 69.2855 -4.57651 -0.237668 -0.971303 0.00922321
31.0086 69.0266 -4.58744 -0.258957 -0.96587 0.00599395
32.0667 68.7193 -4.59603 -0.295851 -0.955196 0.00859274
32.8384 68.4778 -4.60125 -0.304065 -0.95258 0.0116303
32.7836 68.4862 -5.52357 -0.301509 -0.953457 0.00336666
31.791 68.7981 -5.51505 -0.289476 -0.957181 0.00281305
30.6793 69.1086 -5.50208 -0.255816 -0.966683 0.00901134
29.6096 69.3836 -5.48708 -0.237128 -0.971462 0.00567149
28.4461 69.6503 -5.46952 -0.208202 -0.978069 0.00571765
27.4617 69.8471 -5.45525 -0.181546 -0.983369 -0.00512383
26.4457 70.0111 -5.44108 -0.142551 -0.989787 0.00103686
25.4379 70.1426 -5.42658 -0.11718 -0.99311 -0.00110993
24.2693 70.2508 -5.41356 -0.0745451 -0.997218 -0.000344844
23.0588 70.3139 -5.40331 -0.0369067 -0.999217 0.0142539
21.9574 70.3221 -5.39661 0.00696151 -0.999661 0.0250851
20.8541 70.2968 -5.39153 0.0447424 -0.99887 0.0160379
20.2781 70.2682 -5.38987 0.0562079 -0.998356 0.0112482
20.1831 70.2659 -0.00262156 0.0504904 -0.998718 -0.00350562
21.2321 70.3191 -0.00259064 0.0505419 -0.998713 -0.00419674
22.3488 70.3418 -0.00234245 -0.0224242 -0.999748 0.00132894
23.462 70.307 -0.00166663 -0.0464396 -0.998815 -0.0145624
24.5984 70.2345 -0.00154936 -0.0927876 -0.995674 -0.00490735
25.6576 70.1189 -0.00225765 -0.124055 -0.992236 -0.00880385
26.7409 69.9662 -0.00221641 -0.156623 -0.987658 -0.00133621
27.8562 69.7665 -0.00277804 -0.200969 -0.979598 9.45816e-05
28.8701 69.546 -0.00323401 -0.221812 -0.975089 -0.00122438
30.0216 69.2725 -0.00395201 -0.240256 -0.970708 0.00157005
31.104 68.9895 -0.00488551 -0.258889 -0.965904 0.00252837
32.074 68.7199 -0.00576831 -0.283912 -0.958825 0.00704202
32.8229 68.4886 -0.00699365 -0.305679 -0.952082 0.00999049
32.8411 68.4899 0.91094 -0.30329 -0.952848 0.00975756
31.8574 68.7855 0.911313 -0.27021 -0.962801 0.000734833
30.8262 69.0641 0.91092 -0.257732 -0.966213 -0.00256592
29.7782 69.3325 0.909762 -0.240411 -0.97067 0.00155602
28.6531 69.5964 0.908088 -0.220835 -0.975291 0.00625283
27.6043 69.8143 0.906014 -0.192048 -0.981376 -0.00424171
26.5348 69.9936 0.904302 -0.153454 -0.988145 -0.00459248
25.4372 70.1479 0.902508 -0.121859 -0.992543 0.00310925
24.3358 70.2512 0.900519 -0.0764769 -0.997068 -0.00271704
23.2409 70.3088 0.900344 -0.0354524 -0.999362 -0.00428404
22.1677 70.3308 0.898261 -0.00139321 -0.999952 -0.00968253
21.1106 70.307 0.897339 0.0392823 -0.999217 -0.00467746
20.1948 70.2651 0.897008 0.0521243 -0.998636 0.00298304
20.1945 70.269 1.79707 0.0459238 -0.998927 0.00594111
21.2752 70.311 1.7982 0.0322176 -0.999478 -0.00230189
22.4369 70.3261 1.79985 -0.00880052 -0.999955 0.00355323
23.556 70.2957 1.8016 -0.0410553 -0.999156 -0.00143809
24.6241 70.2248 1.80516 -0.0840121 -0.996458 -0.00357803
25.6692 70.116 1.80781 -0.136154 -0.990687 -0.00116997
26.8043 69.9466 1.81185 -0.155401 -0.987848 -0.00277306
27.8138 69.7716 1.81619 -0.194317 -0.980903 0.00835193
28.8906 69.5443 1.82026 -0.228405 -0.973565 -0.00145303
30.0274 69.2702 1.82375 -0.240784 -0.970569 -0.00443567
31.0778 68.9934 1.82794 -0.258808 -0.965924 -0.00312571
32.2092 68.6774 1.83011 -0.280713 -0.959638 -0.0171948
32.8742 68.4764 1.8314 -0.295979 -0.955165 -0.00750595
32.7214 68.5047 2.75003 -0.300719 -0.953463 -0.0218083
31.6362 68.831 2.74655 -0.271269 -0.962482 -0.00648774
30.5926 69.1204 2.74158 -0.26485 -0.964272 -0.00591994
29.6213 69.3693 2.73623 -0.236474 -0.971636 -0.00209583
28.5948 69.6102 2.73098 -0.219235 -0.975665 0.00369699
27.4264 69.8412 2.72353 -0.176731 -0.984243 -0.00562345
26.4314 70.0036 2.71814 -0.154775 -0.987943 0.00367344
25.3795 70.1484 2.71166 -0.115926 -0.993233 0.00707818
24.3557 70.2443 2.70707 -0.0831219 -0.996534 0.00330819
23.2967 70.3058 2.70335 -0.0443663 -0.999013 -0.00220962
22.1899 70.3261 2.69981 -0.00687982 -0.999973 -0.00247637
21.1114 70.3069 2.69718 0.0387245 -0.999194 0.0105882
20.2127 70.2671 2.69584 0.0507523 -0.998711 -0.00070859
20.1318 70.2629 3.59361 0.0680899 -0.997675 0.00276284
21.2131 70.3204 3.59526 0.0322147 -0.999266 0.0207148
22.2773 70.3302 3.59866 -0.0111967 -0.999936 0.00173033
23.3957 70.3072 3.6039 -0.0343226 -0.999402 0.00426688
24.4511 70.2391 3.61016 -0.075816 -0.997121 -0.0010788
25.5248 70.1343 3.61736 -0.124679 -0.992197 8.88464e-05
26.5947 69.9808 3.62536 -0.158354 -0.987362 0.00630013
27.5894 69.8103 3.63342 -0.182952 -0.983111 -0.00463968
28.6279 69.6023 3.64193 -0.211118 -0.97746 0.00111843
29.6162 69.373 3.65008 -0.243086 -0.970004 -0.00128222
30.7256 69.0766 3.65932 -0.27173 -0.962269 -0.0141512
31.8032 68.7697 3.66674 -0.278088 -0.960426 -0.0157602
32.6698 68.5083 3.67019 -0.30353 -0.952771 -0.00985088
32.6902 68.4983 4.59151 -0.283116 -0.958982 -0.014108
31.5975 68.811 4.58464 -0.269209 -0.962722 -0.0263418
30.5374 69.1175 4.57252 -0.275812 -0.961176 -0.00822084
29.5222 69.3946 4.56276 -0.240592 -0.970623 -0.00241127
28.4794 69.6314 4.55116 -0.201374 -0.979511 -0.00252089
27.4887 69.829 4.54138 -0.188288 -0.982113 0.000885306
26.4754 70.0037 4.53018 -0.15785 -0.987463 0.000844574
25.4783 70.1459 4.5207 -0.119502 -0.992802 0.00793691
24.4327 70.2427 4.51153 -0.0714875 -0.997438 0.00266891
23.4258 70.3026 4.50408 -0.0400907 -0.999196 0.000732461
22.3742 70.3268 4.49816 -0.00834258 -0.999965 0.00051567
21.2706 70.3274 4.49374 0.0269532 -0.999609 0.00746819
20.2672 70.2811 4.491 0.0708524 -0.997487 1.17772e-05
20.1403 70.2712 4.49075 0.081752 -0.996649 -0.0025506
20.1727 70.2719 5.38718 0.087076 -0.996202 -0.000175751
21.2732 70.3274 5.39021 0.0198976 -0.999802 -0.000170604
22.3139 70.3296 5.39519 -0.00760828 -0.999963 0.00390516
23.4929 70.2946 5.40346 -0.0458912 -0.998935 -0.00485859
24.6178 70.2288 5.41437 -0.0630634 -0.997985 -0.0070265
25.6837 70.1165 5.42531 -0.12937 -0.991594 -0.00192518
26.7821 69.9567 5.43992 -0.153305 -0.988178 -0.000960907
27.7795 69.7731 5.45394 -0.19354 -0.981092 7.52831e-05
28.7907 69.5657 5.46666 -0.204395 -0.978885 0.00264665
29.8347 69.3064 5.4808 -0.264171 -0.964475 0.00131231
30.8043 69.0256 5.49482 -0.283611 -0.958862 -0.0121975
31.8537 68.7228 5.50785 -0.277043 -0.960794 -0.0110661
32.6257 68.5084 5.51468 -0.269793 -0.962911 -0.00366287
32.7236 68.481 5.51531 -0.269785 -0.962914 -0.00365134
