-44.7108 68.8312 -0.534757 0.0191489 -0.999815 -0.00130081
-44.6815 68.834 -1.53442 0.015774 -0.999875 -0.00139878
-44.6868 68.8362 -2.63369 0.0213449 -0.999769 -0.00231567
-44.6845 68.8395 -3.74617 0.0205421 -0.999787 -0.00182886
-44.6714 68.8403 -4.85581 0.0183455 -0.999831 0.000131313
-44.6019 68.8415 -5.84642 0.0197786 -0.999804 -0.000663117
-43.6018 68.8561 -5.96969 0.0100297 -0.999949 -0.000495259
-42.5995 68.8565 -5.98219 -0.00669976 -0.999977 -3.96522e-05
-41.4899 68.8433 -5.97945 -0.0150342 -0.999887 1.44782e-05
-40.3104 68.8211 -6.00649 -0.0276036 -0.999615 -0.00288825
-39.2807 68.7901 -5.96802 -0.0404912 -0.999169 0.00200537
-38.2268 68.7435 -5.9633 -0.0452358 -0.998976 0.000823129
-37.2078 68.6902 -5.95584 -0.0580153 -0.998312 0.00274855
-36.0654 68.6136 -5.9451 -0.0747484 -0.997168 0.0082506
-35.4922 68.573 -5.29004 -0.0736886 -0.997235 0.00963652
-35.5093 68.5789 -4.18357 -0.0724203 -0.997364 -0.00448974
-35.4943 68.5702 -3.16613 -0.0781855 -0.996876 -0.0112211
-35.5207 68.5583 -1.96137 -0.0849594 -0.996351 -0.00797045
-35.4864 68.5582 -0.830324 -0.0783474 -0.996892 0.00823344
-35.4695 68.562 0.20659 -0.0772559 -0.996985 -0.00545649
-35.4941 68.5605 1.24617 -0.0940236 -0.995539 0.00785826
-35.4952 68.572 2.31851 -0.0748123 -0.997168 0.00642488
-35.4833 68.5754 3.37952 -0.0696669 -0.997552 -0.00225486
-35.4903 68.5702 4.47803 -0.073297 -0.997305 -0.00312257
-35.499 68.571 5.49294 -0.0878123 -0.996113 0.00178827
-36.3041 68.627 5.96997 -0.0672768 -0.997732 -0.00209882
-37.4645 68.7023 5.977 -0.0586849 -0.998273 -0.00143253
-38.5098 68.7551 5.96938 -0.0423599 -0.999102 0.00104226
-39.6435 68.8022 5.99599 -0.0434047 -0.999052 -0.00339386
-40.7378 68.8395 5.96937 -0.0216062 -0.999732 -0.00749107
-41.7384 68.8525 5.96094 -0.00661372 -0.999969 -0.00428196
-42.7635 68.8555 5.94698 0.00308332 -0.999986 -0.00274826
-43.822 68.8462 5.96396 0.0115983 -0.999932 -0.000231156
-44.6499 68.8332 5.56339 0.0196613 -0.999805 0.00153188
-44.6591 68.8323 4.55705 0.0190544 -0.999818 0.000911103
-44.6876 68.8307 3.49765 0.0199708 -0.999797 0.00255393
-44.6794 68.8299 2.38718 0.0199785 -0.999799 -0.00124879
-44.6738 68.8307 1.3461 0.0228081 -0.999739 0.000870547
-44.6735 68.8314 0.221227 0.0191211 -0.999817 -0.000857883
-44.7097 68.8312 -0.520272 0.0187826 -0.999823 -0.000645624
-45.7356 68.8081 -0.491163 0.0290778 -0.999575 -0.00189392
-45.711 68.8117 -1.6408 0.0273586 -0.99962 -0.00348315
-45.7169 68.8132 -2.70819 0.0247261 -0.999688 -0.0034956
-45.7135 68.818 -3.87071 0.0229642 -0.999731 -0.00321619
-45.7141 68.8181 -5.01011 0.0239723 -0.999708 0.00278393
-45.7243 68.8171 -6.06115 0.0226157 -0.999744 -0.000775225
-45.4676 68.8246 -6.95907 0.0227353 -0.999738 -0.00248784
-44.354 68.8468 -6.99194 0.0144996 -0.999887 -0.00393744
-43.3501 68.8561 -7.03112 0.00509022 -0.999976 0.0046116
-42.2424 68.8531 -7.00741 -0.00898611 -0.999959 0.000913713
-41.2303 68.8383 -7.01285 -0.0173065 -0.99985 0.000983575
-40.1889 68.8172 -7.03531 -0.0285995 -0.999569 0.00463649
-39.0831 68.7787 -7.00449 -0.0403317 -0.999183 0.00249562
-38.0205 68.7315 -7.00282 -0.0523845 -0.998618 0.00147495
-36.9949 68.672 -6.99347 -0.0645437 -0.997878 0.00849802
-35.9425 68.5984 -7.00086 -0.0748091 -0.997193 0.00274338
-34.9023 68.5167 -7.02352 -0.0827813 -0.996556 -0.00395151
-34.438 68.4783 -6.2734 -0.087845 -0.996123 0.00404313
-34.446 68.4822 -5.14007 -0.0947046 -0.995489 0.00121034
-34.4702 68.4823 -4.09515 -0.105534 -0.994415 -0.00085729
-34.4611 68.4772 -3.07336 -0.0980565 -0.995121 -0.00855628
-34.4799 68.4705 -2.04516 -0.0844684 -0.996422 -0.0029438
-34.4683 68.4719 -0.9032 -0.0892101 -0.995989 0.00686202
-34.4622 68.4734 0.164115 -0.0923718 -0.995709 -0.00550927
-34.473 68.473 1.19183 -0.0877246 -0.996125 0.00621745
-34.4538 68.4851 2.26375 -0.0890064 -0.995948 0.0128606
-34.4671 68.4895 3.32806 -0.0931277 -0.995617 -0.00862261
-34.4567 68.4814 4.35611 -0.0956386 -0.995393 -0.00678414
-34.4822 68.4775 5.44976 -0.0962396 -0.995346 -0.00489811
-34.4875 68.4745 6.56259 -0.0965811 -0.995325 -0.000726301
-35.2199 68.539 7.02216 -0.080823 -0.996724 -0.00300997
-36.2257 68.6191 6.99929 -0.0748028 -0.997183 -0.0026465
-37.2934 68.6928 7.00831 -0.0616188 -0.998095 0.00315417
-38.3641 68.7503 7.0022 -0.0459749 -0.998942 0.00146555
-39.439 68.7923 7.00564 -0.0362209 -0.999344 0.000185553
-40.6022 68.8277 7.01109 -0.0231226 -0.999695 -0.0086051
-41.6527 68.8474 7.00151 -0.0151684 -0.999854 -0.00783901
-42.7047 68.8542 6.98888 0.00105203 -0.999995 -0.00308768
-43.7413 68.8477 6.99729 0.0086006 -0.999961 0.00216712
-44.7715 68.8327 6.99237 0.0199827 -0.9998 0.000890462
-45.6858 68.8119 6.78377 0.024071 -0.99971 0.000978321
-45.7118 68.8103 5.66172 0.0246775 -0.999695 0.000711911
-45.7196 68.8096 4.64412 0.0229017 -0.999738 0.00022541
-45.7251 68.8086 3.62433 0.021721 -0.999763 0.00132385
-45.7246 68.8074 2.53237 0.0204098 -0.999792 5.66835e-06
-45.7137 68.8075 1.51205 0.0212313 -0.999774 0.000839003
-45.7078 68.8075 0.461344 0.0240399 -0.99971 -0.00148518
-45.7333 68.8081 -0.397466 0.0274266 -0.99962 -0.00199637
-44.119 68.8414 1.18453e-07 0.016003 -0.999872 -0.000234665
-42.9391 68.8536 8.38767e-07 0.00360733 -0.999993 -0.00115008
-41.9099 68.8491 3.63598e-05 -0.011669 -0.999932 -0.000498231
-40.7146 68.8309 6.13685e-05 -0.0192593 -0.999814 -0.000618693
-39.6338 68.802 4.37014e-05 -0.0334446 -0.99944 -0.00129175
-38.6322 68.7603 6.9349e-05 -0.051903 -0.998651 -0.00138961
-37.5662 68.7023 9.00928e-05 -0.0565441 -0.9984 -0.000945627
-36.5607 68.6417 0.000114464 -0.0666061 -0.997769 0.00446603
-35.9898 68.6007 0.000145988 -0.0730293 -0.997323 0.00374742
-36.0031 68.598 -0.897795 -0.0762418 -0.997076 0.00511137
-37.0375 68.6712 -0.897735 -0.0652365 -0.99787 -3.99582e-06
-38.0359 68.7311 -0.897612 -0.0578923 -0.998318 -0.00317052
-39.1424 68.7852 -0.8975 -0.0374395 -0.999295 -0.0027309
-40.2658 68.8215 -0.897408 -0.0254278 -0.999677 -0.000326546
-41.4866 68.8428 -0.897318 -0.0134254 -0.999907 0.00234384
-42.6676 68.8535 -0.897244 -0.00347369 -0.999984 0.00436496
-43.73 68.8461 -0.897163 0.0128716 -0.999916 -0.00125365
-44.0211 68.8421 -0.897123 0.0135622 -0.999907 -0.00159409
-44.0699 68.8435 -1.79431 0.0140543 -0.999899 -0.00187672
-43.0597 68.8534 -1.79439 0.00357667 -0.999994 0.000108749
-42.0181 68.8473 -1.79458 -0.0107226 -0.99994 0.00210351
-40.9831 68.8349 -1.79475 -0.0133454 -0.999911 0.000738941
-39.9439 68.8135 -1.7949 -0.0341358 -0.999417 0.0006961
-38.9218 68.7764 -1.79515 -0.0428444 -0.999081 -0.000823909
-37.8536 68.7212 -1.79533 -0.0587072 -0.998275 0.000689639
-36.7459 68.6519 -1.79555 -0.0664816 -0.997772 -0.00551283
-36.1396 68.6082 -1.79562 -0.0811299 -0.996692 -0.00485106
-36.0761 68.6103 -2.69349 -0.0758885 -0.997055 -0.0110573
-37.2324 68.6849 -2.69323 -0.057914 -0.998314 -0.00387605
-38.2522 68.7433 -2.69293 -0.0546466 -0.998505 -0.00106262
-39.3975 68.7938 -2.6926 -0.0371111 -0.999309 0.00218904
-40.5928 68.8285 -2.69216 -0.0221447 -0.999754 -0.00125546
-41.6392 68.8449 -2.69187 -0.0101469 -0.999934 -0.00531039
-42.6456 68.8526 -2.69163 -0.00346353 -0.999989 -0.00300507
-43.7433 68.8509 -2.69141 0.00864634 -0.999958 -0.00313817
-44.1093 68.8472 -2.69138 0.0150475 -0.999881 -0.00336654
-44.1592 68.8493 -3.58842 0.0145425 -0.999891 -0.00242966
-43.1483 68.8569 -3.58859 -0.00294691 -0.999991 -0.00295532
-41.9448 68.8516 -3.58896 -0.0102755 -0.999944 -0.00243974
-40.8628 68.8333 -3.5894 -0.021767 -0.99976 0.00236739
-39.7793 68.805 -3.58992 -0.0287676 -0.999586 0.000182849
-38.7015 68.7659 -3.59042 -0.0447399 -0.998999 -0.000155147
-37.6668 68.7129 -3.59089 -0.0560603 -0.998421 -0.00345544
-36.5783 68.6496 -3.59142 -0.0575635 -0.998339 -0.00225136
-36.0956 68.619 -3.59162 -0.0677403 -0.997697 -0.00349056
-36.0406 68.6153 -4.48993 -0.0669443 -0.997757 -5.84961e-05
-37.1914 68.6882 -4.48913 -0.0620939 -0.998067 -0.00250862
-38.1972 68.7431 -4.48835 -0.0486287 -0.998815 -0.00213856
-39.2316 68.7878 -4.48769 -0.0375688 -0.999294 -0.000608315
-40.2825 68.8195 -4.48693 -0.0242845 -0.999701 -0.0028295
-41.3753 68.8429 -4.48632 -0.0151213 -0.999886 -0.000288046
-42.3885 68.8551 -4.4859 -0.00701707 -0.999975 0.00115573
-43.5358 68.8577 -4.48552 0.00874793 -0.999956 0.00337281
-44.0164 68.8521 -4.48542 0.0168671 -0.999858 -0.000161738
-43.9458 68.8524 -5.38233 0.0162357 -0.999868 0.000275147
-42.9154 68.8582 -5.38268 -0.000914869 -0.999999 -0.00123274
-41.8865 68.8489 -5.38313 -0.012076 -0.999925 0.0018125
-40.8864 68.8338 -5.38376 -0.0182301 -0.999834 -0.000202624
-39.7252 68.8051 -5.38472 -0.0277467 -0.999614 -0.0012275
-38.7097 68.7655 -5.38563 -0.0434408 -0.999055 0.00139422
-37.6659 68.7159 -5.38667 -0.0538017 -0.998546 0.00342619
-36.632 68.6545 -5.38769 -0.0647691 -0.997895 -0.00323371
-36.3709 68.6375 -5.3879 -0.0688053 -0.99763 -0.000154064
-36.0355 68.6039 0.898171 -0.0791294 -0.996863 0.00144874
-37.1173 68.6779 0.897916 -0.0572158 -0.99836 0.002003
-38.1312 68.7342 0.897747 -0.0538394 -0.998547 0.00247918
-39.2247 68.7885 0.897579 -0.0391412 -0.999232 0.00201431
-40.299 68.8232 0.897462 -0.0257581 -0.999668 0.000769422
-41.3341 68.8426 0.897354 -0.013531 -0.999901 0.00377762
-42.3585 68.8533 0.897238 -0.00893211 -0.999959 0.00116371
-43.4757 68.8505 0.897219 0.00703918 -0.999975 -0.0009964
-44.1481 68.8414 0.897141 0.0198185 -0.999804 -0.000102103
-44.1408 68.8409 1.79423 0.0145167 -0.999893 -0.00186315
-43.1281 68.8525 1.7943 0.0051574 -0.999985 -0.001556
-42.0208 68.852 1.7945 -0.00610326 -0.999975 0.00352267
-40.9869 68.8393 1.79468 -0.0170982 -0.999852 0.00180126
-39.9471 68.8149 1.79496 -0.031086 -0.999515 0.00194539
-38.8138 68.7721 1.79523 -0.0458549 -0.998933 0.00543933
-37.7958 68.719 1.79549 -0.055738 -0.998433 0.00488158
-36.7936 68.6596 1.79575 -0.0655452 -0.997842 0.00376486
-36.1941 68.6184 1.79591 -0.0720209 -0.997398 0.00324242
-36.0224 68.6104 2.69377 -0.0676296 -0.997708 0.00222341
-37.0502 68.6781 2.69348 -0.063269 -0.997996 0.000459585
-38.0708 68.7379 2.69312 -0.0517438 -0.99866 0.000460226
-39.07 68.7846 2.69271 -0.0378013 -0.999284 0.00151548
-40.2136 68.8225 2.6923 -0.0237043 -0.999719 0.000257303
-41.3911 68.8471 2.6919 -0.0155157 -0.999878 0.00159296
-42.4145 68.8551 2.69164 -0.00215397 -0.999987 0.00451244
-43.4215 68.8497 2.69145 0.00812307 -0.999966 0.00115536
-44.0747 68.8415 2.69139 0.0190476 -0.999818 0.000619018
-44.1535 68.8413 3.58833 0.0195399 -0.999808 0.00133438
-43.1507 68.8552 3.58858 0.0098641 -0.999951 0.00113267
-42.1288 68.8569 3.58889 -0.00392728 -0.999982 0.00462711
-41.0648 68.8423 3.58932 -0.0224216 -0.999748 0.000836846
-40.0496 68.8177 3.58977 -0.0264179 -0.999647 -0.00274921
-38.8903 68.7769 3.59037 -0.0421476 -0.99911 -0.0017587
-37.8309 68.7268 3.59095 -0.0552793 -0.998471 -0.000879319
-36.6683 68.653 3.59151 -0.0662592 -0.997802 -0.000349447
-35.9951 68.6083 3.59176 -0.066513 -0.997784 -0.00200025
-36.0888 68.613 4.48978 -0.0699116 -0.997552 0.00168598
-37.1362 68.6838 4.48918 -0.0657543 -0.997836 0.000692981
-38.2587 68.7468 4.48846 -0.0469082 -0.998899 -0.000987433
-39.4861 68.7986 4.48752 -0.0386118 -0.999254 -6.07434e-05
-40.4995 68.8323 4.48685 -0.024225 -0.999699 0.0039168
-41.5359 68.853 4.4863 -0.0135467 -0.999886 0.00662014
-42.6157 68.8587 4.48585 0.000659344 -1 -0.000494896
-43.6604 68.8506 4.48546 0.0138442 -0.999904 -0.00013972
-44.0539 68.8437 4.48536 0.0186022 -0.999827 -0.000353901
-43.9251 68.8453 5.38237 0.0147174 -0.999891 -0.00112496
-42.9087 68.8557 5.3827 0.00491009 -0.999987 -0.00126379
-41.9011 68.8553 5.38314 -0.00580917 -0.999979 -0.0029163
-40.7914 68.843 5.38391 -0.0207483 -0.999784 0.00147548
-39.6491 68.8046 5.38482 -0.040631 -0.999165 -0.00429428
-38.5557 68.7576 5.38587 -0.0437086 -0.999039 -0.00316099
-37.5022 68.7058 5.38688 -0.058135 -0.998308 -0.00137011
-36.3885 68.6335 5.38787 -0.0681254 -0.997677 -0.000694101
-36.3712 68.6324 5.38788 -0.0676906 -0.997706 -0.000556406
-36.3681 68.6321 5.38789 -0.0672562 -0.997736 -0.000418281
