27.9517 82.4421 1.87731 -0.176138 -0.984317 -0.00816771
28.0318 82.4212 2.98888 -0.170932 -0.985276 -0.00357563
28.143 82.4004 4.02639 -0.174536 -0.98465 -0.0014079
28.3551 82.3471 5.08895 -0.201395 -0.979313 -0.0192319
28.5275 82.3028 6.05782 -0.203761 -0.979007 0.00507718
29.5523 82.0749 6.12276 -0.235077 -0.971939 0.00485505
30.7345 81.76 6.08331 -0.273375 -0.961866 -0.00650975
31.8146 81.4151 6.11473 -0.320477 -0.947223 -0.00799275
32.7922 81.0636 6.10433 -0.353466 -0.935446 -0.00160136
33.7649 80.6758 6.13232 -0.386074 -0.922363 -0.0123011
34.7298 80.2586 6.09072 -0.413389 -0.910513 -0.00759557
35.6575 79.8235 6.102 -0.434733 -0.900479 -0.0117594
36.6779 79.3148 6.12017 -0.453797 -0.891105 -0.000672978
37.6511 78.8105 6.08589 -0.470722 -0.882258 -0.00509557
38.679 78.2485 6.08886 -0.491329 -0.870926 -0.00916803
39.6504 77.6992 6.07767 -0.493417 -0.869751 -0.00843049
40.5279 77.187 6.07838 -0.507761 -0.861489 -0.0040847
41.3889 76.6649 6.07478 -0.523327 -0.852119 -0.00464575
42.2479 76.1321 6.089 -0.531552 -0.84702 -0.0031101
43.1785 75.5318 6.04568 -0.548956 -0.835824 -0.0067867
43.3688 75.4123 5.1082 -0.552459 -0.833511 -0.0069404
43.3551 75.4324 3.9634 -0.549262 -0.83565 -0.000557833
43.3628 75.4336 2.80181 -0.54697 -0.837124 -0.00689873
43.3706 75.4364 1.76659 -0.552228 -0.833681 -0.00446206
43.3652 75.4437 0.658175 -0.552156 -0.833741 0.000405973
43.3768 75.441 -0.483599 -0.554111 -0.832429 -0.00474415
43.3925 75.444 -1.64981 -0.551318 -0.834225 -0.0108275
43.387 75.4505 -2.76471 -0.549278 -0.835637 0.0017629
43.3861 75.4537 -3.85435 -0.549621 -0.835347 -0.0106024
43.428 75.4415 -5.01049 -0.548633 -0.836031 -0.00703229
43.2962 75.5356 -6.04936 -0.548055 -0.836406 -0.00733846
42.3791 76.127 -6.10345 -0.536116 -0.844128 -0.00530288
41.4762 76.6957 -6.12357 -0.5257 -0.8506 -0.0109083
40.5345 77.2663 -6.1072 -0.508335 -0.861149 -0.00409371
39.6479 77.7851 -6.08566 -0.500268 -0.865817 -0.00889944
38.7451 78.2937 -6.09583 -0.476312 -0.879259 -0.00511905
37.8189 78.7916 -6.12497 -0.468686 -0.883363 0.00100953
36.7377 79.3588 -6.08983 -0.459468 -0.888194 -0.000590062
35.7344 79.8549 -6.09309 -0.433065 -0.901363 -0.00086503
34.7944 80.2902 -6.10369 -0.412223 -0.911049 -0.00792218
33.8391 80.7037 -6.11562 -0.389808 -0.920882 -0.00510894
32.8035 81.1253 -6.11997 -0.36414 -0.931336 -0.00382475
31.86 81.4677 -6.13378 -0.312304 -0.949965 0.00563293
30.8764 81.7817 -6.10058 -0.289794 -0.957089 -0.000705998
29.8368 82.0741 -6.09916 -0.237336 -0.97139 -0.00050684
28.7608 82.311 -6.09362 -0.19923 -0.979832 -0.0153917
28.033 82.4438 -5.56743 -0.180731 -0.983471 -0.0109711
28.2194 82.4052 -4.57263 -0.190175 -0.981742 0.00407501
28.4935 82.3565 -3.43987 -0.19664 -0.980442 -0.00207173
28.4423 82.3624 -2.26658 -0.200379 -0.979692 0.0030839
28.2313 82.4067 -1.19309 -0.192936 -0.981205 -0.00183784
28.1838 82.4165 -0.192123 -0.183358 -0.983046 0.00118139
28.041 82.4343 0.914404 -0.18307 -0.982981 -0.0143476
27.9518 82.4422 1.86724 -0.176479 -0.984212 -0.0134746
26.993 82.591 1.88259 -0.135627 -0.99071 -0.00995515
27.0669 82.578 2.88934 -0.135776 -0.990739 -0.000323249
27.1694 82.563 3.92429 -0.144494 -0.989499 0.00327643
27.3369 82.5428 4.94243 -0.172789 -0.984879 0.00155419
27.4566 82.5163 5.93606 -0.189885 -0.981779 -0.00727406
27.3546 82.5315 6.93732 -0.170562 -0.985322 -0.00701601
28.3627 82.3412 7.05607 -0.199382 -0.979918 0.00257232
29.4168 82.1067 7.057 -0.235622 -0.971714 -0.010696
30.4599 81.8335 7.02619 -0.271335 -0.962446 -0.00523278
31.487 81.5159 7.0729 -0.322413 -0.946498 -0.0138463
32.5243 81.1565 7.05393 -0.334935 -0.942203 -0.00725854
33.5625 80.7467 7.07003 -0.381437 -0.924327 -0.0112074
34.5397 80.3349 7.04845 -0.400959 -0.916016 -0.0121017
35.5442 79.8669 7.04544 -0.434079 -0.900756 -0.0146334
36.4961 79.404 7.06077 -0.439425 -0.898204 -0.0116207
37.504 78.8795 7.03734 -0.472312 -0.881322 -0.013863
38.3837 78.4023 7.04835 -0.479582 -0.8774 -0.0130116
39.2577 77.9143 7.04695 -0.492993 -0.87001 -0.0061028
40.15 77.4033 7.03839 -0.50215 -0.864767 -0.00492797
41.0929 76.8411 7.02274 -0.520507 -0.853837 -0.00588757
41.9917 76.2867 7.06199 -0.526742 -0.85 -0.00646557
42.8669 75.7336 7.02353 -0.549365 -0.835572 -0.00427667
43.7942 75.1142 7.04002 -0.55896 -0.829186 -0.00385826
44.1376 74.8859 6.24552 -0.559416 -0.828874 -0.00464135
44.1585 74.8808 5.23079 -0.560849 -0.827859 -0.00987318
44.1493 74.9011 4.21553 -0.556486 -0.83078 -0.0113464
44.1471 74.909 3.20695 -0.557881 -0.829917 -0.00260998
44.1586 74.9045 2.17414 -0.559311 -0.82895 -0.00348981
44.1547 74.9125 1.05128 -0.559098 -0.829096 -0.00294345
44.1685 74.9081 0.0456868 -0.55831 -0.829603 -0.00695328
44.1842 74.91 -1.10475 -0.558174 -0.82965 -0.0110375
44.2027 74.9094 -2.17457 -0.558306 -0.829629 -0.00317996
44.1974 74.9144 -3.22185 -0.552333 -0.833621 -0.000874731
44.2143 74.9141 -4.39084 -0.558691 -0.829308 -0.0105983
44.2236 74.9173 -5.4082 -0.557686 -0.830017 -0.00765779
44.2073 74.9342 -6.46903 -0.55624 -0.831021 -0.00136625
43.7194 75.2629 -7.06163 -0.554338 -0.832285 -0.00151946
42.7471 75.8998 -7.05992 -0.541661 -0.840575 -0.00527496
41.852 76.4688 -7.04433 -0.53445 -0.845162 -0.00802835
40.951 77.0255 -7.06335 -0.515418 -0.856847 -0.0106444
39.9733 77.6026 -7.05297 -0.504669 -0.863245 -0.0108037
38.9875 78.1622 -7.06263 -0.480178 -0.877143 -0.00618437
38.0946 78.6446 -7.07149 -0.472543 -0.881299 -0.00386413
37.1644 79.1349 -7.05404 -0.46054 -0.887638 0.00144272
36.2442 79.606 -7.03387 -0.450744 -0.89265 -0.00240547
35.2678 80.079 -7.05557 -0.419459 -0.907763 0.00452806
34.2424 80.5337 -7.04888 -0.39325 -0.919428 -0.00276535
33.3107 80.9224 -7.0531 -0.370898 -0.928665 -0.00403416
32.3051 81.3023 -7.07139 -0.334098 -0.942516 0.00501144
31.2731 81.653 -7.0753 -0.304451 -0.952483 0.00921412
30.1196 81.996 -7.04087 -0.257477 -0.966254 0.00646226
29.1239 82.2451 -7.0455 -0.220757 -0.975254 -0.000702476
27.9916 82.4696 -7.04187 -0.174512 -0.984594 -0.00886814
27.2609 82.5825 -6.45266 -0.149951 -0.988598 -0.0137539
26.9899 82.61 -5.40916 -0.141477 -0.98994 -0.00182743
27.2872 82.5755 -4.39098 -0.162211 -0.986371 0.0275515
27.585 82.5352 -3.37564 -0.198531 -0.980001 0.00926522
27.4919 82.5489 -2.29861 -0.17113 -0.985237 -0.00472928
27.2743 82.5734 -1.27875 -0.153604 -0.988079 -0.0102576
27.2704 82.5675 -0.216366 -0.145925 -0.989294 -0.00172318
27.0696 82.5881 0.964846 -0.134274 -0.990901 -0.00884711
26.9834 82.5946 1.66134 -0.135626 -0.99071 -0.0099405
28.4525 82.3508 1.82379 -0.184338 -0.98284 -0.00664575
29.5932 82.0992 1.82631 -0.241139 -0.97027 -0.0206866
30.5958 81.8327 1.83404 -0.276346 -0.961046 0.00478339
31.6154 81.5118 1.84246 -0.318663 -0.947862 0.00330604
32.5614 81.177 1.85205 -0.346767 -0.93785 -0.0137908
33.6241 80.7647 1.86169 -0.377693 -0.925882 -0.00955796
34.5613 80.3664 1.87139 -0.403152 -0.915072 -0.0106038
35.6406 79.8683 1.88286 -0.436989 -0.899466 -0.00135578
36.565 79.4083 1.89345 -0.45588 -0.890039 -0.0019102
37.4563 78.9436 1.90336 -0.472756 -0.881182 -0.00439811
38.3696 78.4483 1.91261 -0.485419 -0.874264 -0.0055827
39.3066 77.9198 1.9209 -0.495614 -0.868532 -0.00445217
40.3106 77.3411 1.93091 -0.505965 -0.862498 -0.0098222
41.1697 76.826 1.93692 -0.519871 -0.854186 -0.0100121
42.1057 76.2476 1.94105 -0.530176 -0.847858 -0.00704511
42.9434 75.7158 1.94303 -0.54481 -0.838486 -0.0110811
42.8852 75.7438 2.93386 -0.543718 -0.839232 -0.00776815
41.8677 76.3881 2.92836 -0.529037 -0.848597 -0.00155914
40.8574 77.0076 2.91784 -0.517245 -0.855808 -0.00707266
39.9617 77.5353 2.90536 -0.500768 -0.865554 -0.00691511
38.9921 78.0919 2.89039 -0.494223 -0.869301 -0.00774121
37.9522 78.6711 2.87243 -0.48245 -0.87591 -0.0048438
37.0608 79.1478 2.85637 -0.465544 -0.884997 -0.00691727
36.1037 79.6402 2.83933 -0.45339 -0.891259 -0.00974394
35.0864 80.1208 2.8203 -0.414763 -0.909901 -0.00721676
34.1663 80.5313 2.80375 -0.396255 -0.91813 -0.00440252
33.2132 80.9267 2.78757 -0.364056 -0.931368 0.00417879
32.1919 81.3058 2.77226 -0.345179 -0.938522 0.0052652
31.1511 81.6615 2.75521 -0.308448 -0.951139 -0.0139754
30.1146 81.9638 2.74214 -0.263286 -0.964678 -0.00879494
29.1385 82.2111 2.73381 -0.199077 -0.979962 0.00659373
28.5005 82.3369 2.73004 -0.188091 -0.982151 -0.00119231
28.6741 82.3014 3.63744 -0.187772 -0.982212 -0.000370191
29.796 82.0473 3.6494 -0.258449 -0.965986 -0.00872341
30.9526 81.7146 3.66944 -0.289948 -0.956947 -0.0134877
31.9774 81.3818 3.68942 -0.335309 -0.942101 -0.00355739
32.9328 81.0291 3.70988 -0.364912 -0.930992 -0.00964594
33.9191 80.6324 3.73531 -0.392732 -0.919646 -0.00368031
34.8891 80.2044 3.7607 -0.413105 -0.91066 -0.00655045
35.8861 79.7401 3.78443 -0.44691 -0.89441 -0.0174002
36.8062 79.2715 3.80921 -0.454239 -0.890795 -0.0122746
37.8003 78.7481 3.83247 -0.477198 -0.878787 -0.00387619
38.7334 78.2326 3.8567 -0.491137 -0.871073 -0.00404229
39.6198 77.7265 3.87545 -0.498271 -0.86701 -0.00435586
40.5826 77.1662 3.89685 -0.511007 -0.859544 -0.00754686
41.5158 76.6009 3.91451 -0.522629 -0.852539 -0.00603078
42.3811 76.0618 3.92709 -0.535025 -0.844833 -0.00242466
42.8572 75.7568 3.93134 -0.543352 -0.839502 -0.00230695
42.8857 75.7317 4.93022 -0.547292 -0.836933 -0.00389232
42.0144 76.2841 4.91588 -0.530067 -0.847943 -0.00463645
40.9758 76.9229 4.89291 -0.519522 -0.854419 -0.00805982
39.9961 77.5046 4.86768 -0.499719 -0.866181 -0.00333312
39.1287 78.0026 4.84203 -0.494602 -0.869112 -0.00373361
38.1837 78.5348 4.81074 -0.482191 -0.876058 -0.00382395
37.1844 79.0642 4.7801 -0.45718 -0.88932 -0.00983296
36.1957 79.5704 4.74626 -0.451981 -0.891904 -0.0148616
35.2912 80.0162 4.71696 -0.418281 -0.908263 -0.00997192
34.2659 80.4768 4.68006 -0.40007 -0.916448 -0.00823365
33.1873 80.9214 4.6444 -0.365832 -0.930678 -0.00226626
32.2465 81.2763 4.61705 -0.331629 -0.943271 -0.0161903
31.085 81.6622 4.58584 -0.289604 -0.9571 -0.00950243
30.1134 81.9462 4.56224 -0.266364 -0.963769 -0.0141203
28.9918 82.2258 4.54031 -0.213595 -0.976807 -0.0149917
28.7667 82.2755 4.5366 -0.208454 -0.977872 -0.0176977
29.0176 82.2025 5.443 -0.206641 -0.978348 -0.0115963
30.0131 81.9657 5.46465 -0.263156 -0.964725 -0.00741953
30.994 81.6829 5.49401 -0.291258 -0.956636 -0.00397622
31.9531 81.3727 5.52644 -0.329182 -0.94425 -0.00563882
32.9095 81.021 5.56081 -0.357906 -0.933715 -0.00892308
33.9093 80.6208 5.60044 -0.388417 -0.921458 -0.00686572
34.3833 80.4159 5.62073 -0.400038 -0.91644 -0.0103246
28.5743 82.3315 0.915754 -0.192789 -0.981198 -0.00909252
29.6298 82.0999 0.916628 -0.249897 -0.96824 -0.00787923
30.6201 81.8267 0.918945 -0.279581 -0.960121 -0.0013968
31.6332 81.5121 0.920832 -0.31491 -0.949117 0.00303559
32.5998 81.1694 0.924532 -0.348071 -0.937464 -0.00292321
33.5402 80.8036 0.927464 -0.377882 -0.925854 0.000507483
34.4885 80.4018 0.930984 -0.397742 -0.917468 -0.00726171
35.4771 79.9508 0.935147 -0.429986 -0.902764 -0.011379
36.4827 79.4534 0.93898 -0.450709 -0.892654 -0.005496
37.4842 78.9319 0.942625 -0.471578 -0.881824 -0.0010132
38.4182 78.4257 0.946414 -0.479501 -0.877533 -0.00375741
39.3974 77.8773 0.949526 -0.49533 -0.868669 -0.00789122
40.4183 77.2828 0.951463 -0.50923 -0.860619 -0.00439878
41.393 76.6985 0.953189 -0.51953 -0.854395 -0.00985669
42.3108 76.1289 0.951605 -0.534087 -0.845409 -0.00589545
42.8699 75.7697 0.951085 -0.544006 -0.83908 -0.00164503
42.9371 75.7298 -0.0406652 -0.548631 -0.836059 -0.00309542
41.9752 76.3471 -0.0347382 -0.526012 -0.850464 -0.00477884
40.9778 76.954 -0.0305322 -0.513927 -0.857817 -0.00531441
40.0215 77.5248 -0.0259694 -0.505549 -0.862772 -0.00669436
39.1418 78.0321 -0.0231824 -0.493315 -0.869811 -0.00834422
38.201 78.554 -0.0194511 -0.479818 -0.877305 -0.0104921
37.3151 79.03 -0.0165852 -0.468725 -0.88328 -0.0106356
36.3214 79.5405 -0.0134934 -0.445542 -0.89525 -0.00433386
35.4197 79.9835 -0.0112868 -0.432897 -0.901443 0.000203836
34.3918 80.4475 -0.00874089 -0.404695 -0.914452 0.000124295
33.3487 80.8831 -0.00637102 -0.362667 -0.931884 -0.00805471
32.4085 81.2399 -0.00391722 -0.342954 -0.939351 -0.00171635
31.2767 81.6334 -0.00164387 -0.310377 -0.950532 -0.0124421
30.3073 81.9204 0.00317969 -0.265482 -0.964107 0.00407026
29.2875 82.1777 0.00628856 -0.225293 -0.974268 0.00664872
28.6329 82.3243 0.0055374 -0.217467 -0.976058 -0.00447544
28.73 82.3057 -0.90278 -0.220757 -0.975328 -0.00127065
29.7446 82.0739 -0.913505 -0.224582 -0.974417 -0.00867678
30.739 81.8061 -0.917524 -0.278666 -0.960307 -0.0124989
31.6927 81.499 -0.924679 -0.3322 -0.943209 -0.000615306
32.7305 81.1238 -0.934985 -0.345185 -0.938532 -0.00229873
33.7141 80.7391 -0.942655 -0.380424 -0.924812 -0.000831466
34.7012 80.3142 -0.950528 -0.403855 -0.914816 -0.00359084
35.6411 79.8794 -0.959352 -0.433536 -0.901102 -0.00783271
36.5927 79.4105 -0.968182 -0.449751 -0.893126 -0.00707337
37.5529 78.9154 -0.978635 -0.470844 -0.882205 -0.00451247
38.5157 78.393 -0.988704 -0.485529 -0.874202 -0.00559726
39.4127 77.885 -0.99682 -0.498661 -0.866771 -0.00672648
40.3435 77.3419 -1.00697 -0.513587 -0.858013 -0.0064311
41.2876 76.7715 -1.01561 -0.518507 -0.855061 -0.00456745
42.2122 76.2072 -1.02265 -0.522437 -0.852672 -0.00328053
42.8854 75.7724 -1.02819 -0.549611 -0.835358 -0.0102944
42.9199 75.7543 -2.02031 -0.545601 -0.838045 -0.000182619
41.9922 76.3437 -2.00977 -0.528227 -0.849101 -0.00178313
41.0581 76.9195 -1.99639 -0.520924 -0.85359 -0.00476741
40.1653 77.4547 -1.98371 -0.506005 -0.862519 -0.00438268
39.2392 77.9897 -1.96906 -0.495349 -0.868692 -0.00197299
38.2782 78.5314 -1.95189 -0.481981 -0.876168 -0.0048525
37.3948 79.0063 -1.93659 -0.468738 -0.883318 -0.00583732
36.4398 79.4958 -1.92046 -0.44545 -0.895268 -0.0083494
35.4706 79.9668 -1.90434 -0.426222 -0.904618 0.000630385
34.4103 80.4448 -1.88713 -0.402224 -0.915532 -0.00406501
33.3599 80.8863 -1.871 -0.366991 -0.930215 0.00411921
32.3241 81.2788 -1.85615 -0.343595 -0.939099 -0.00590358
31.326 81.6285 -1.84269 -0.312186 -0.949936 -0.0127206
30.2598 81.9533 -1.82974 -0.26113 -0.965255 0.00972076
29.1385 82.2144 -1.82 -0.214706 -0.97667 0.00402199
28.9243 82.2614 -1.81833 -0.214537 -0.976713 0.00217001
29.0766 82.2306 -2.73183 -0.211609 -0.977339 -0.00557792
30.1728 81.9733 -2.74652 -0.261233 -0.965276 0.00029662
31.1678 81.6826 -2.7611 -0.295029 -0.955449 -0.00869347
32.1493 81.3529 -2.77709 -0.345988 -0.938182 -0.0103323
33.1001 80.9922 -2.79791 -0.363842 -0.93146 -0.0013069
34.112 80.578 -2.81888 -0.391139 -0.920331 0.000831537
35.1374 80.1258 -2.84256 -0.41407 -0.910214 -0.00752252
36.085 79.6791 -2.86532 -0.439221 -0.898315 -0.0107041
36.9981 79.2185 -2.88755 -0.46663 -0.884444 0.00376078
38.0296 78.6714 -2.91367 -0.477809 -0.878454 -0.00417067
38.9741 78.1474 -2.93527 -0.489148 -0.872181 -0.0059161
39.908 77.6112 -2.9556 -0.501239 -0.865277 -0.00745347
40.8098 77.0795 -2.97644 -0.512691 -0.858549 -0.00638515
41.7405 76.5062 -2.99548 -0.52797 -0.84923 -0.00755078
42.6006 75.9636 -3.01183 -0.537876 -0.843024 -0.000221953
42.8454 75.8051 -3.01504 -0.544387 -0.838833 0.00136648
42.8509 75.8063 -4.00625 -0.547847 -0.836501 -0.011362
41.9724 76.3713 -3.98824 -0.534875 -0.844888 -0.00858562
41.0907 76.9209 -3.96813 -0.521783 -0.852948 -0.0148817
40.1712 77.4675 -3.94172 -0.503711 -0.863838 -0.00770348
39.3039 77.9651 -3.91916 -0.491062 -0.871108 -0.00535816
38.3874 78.4777 -3.89121 -0.481759 -0.876303 -0.000842361
37.3876 79.0177 -3.85806 -0.467772 -0.883849 -0.000815135
36.4681 79.491 -3.82995 -0.448417 -0.893824 -0.000445745
35.507 79.9571 -3.79926 -0.419669 -0.907669 -0.00394441
34.5903 80.3705 -3.76702 -0.403422 -0.915014 0.000152481
33.5358 80.8235 -3.73938 -0.378592 -0.92552 -0.00898372
32.4934 81.234 -3.71027 -0.355196 -0.934698 -0.0132472
31.4494 81.5985 -3.68258 -0.303576 -0.952804 -0.00261543
30.4753 81.8928 -3.66401 -0.275581 -0.961275 -0.00234858
29.4095 82.1685 -3.64633 -0.22495 -0.974331 0.00879548
29.0869 82.2369 -3.64195 -0.198527 -0.980055 -0.00890895
28.8229 82.2857 -4.54318 -0.198428 -0.980111 0.00307388
29.8596 82.063 -4.56094 -0.221397 -0.97518 0.00261667
30.9113 81.7693 -4.58387 -0.292951 -0.956118 -0.00422895
31.8883 81.4581 -4.61407 -0.325109 -0.945616 -0.0107355
33.0117 81.0403 -4.65025 -0.366309 -0.930481 -0.00468287
33.9378 80.6559 -4.68506 -0.399325 -0.916809 0.000763792
34.9689 80.2017 -4.72155 -0.40937 -0.912367 -0.00156086
35.964 79.7413 -4.76315 -0.435697 -0.900084 -0.00403371
36.8911 79.2767 -4.80211 -0.456668 -0.889635 -0.00170204
37.8076 78.7961 -4.83683 -0.472187 -0.881498 0.000903851
38.7025 78.309 -4.87112 -0.48527 -0.874325 -0.00830176
39.5876 77.811 -4.90597 -0.498118 -0.867102 -0.00366236
40.5413 77.2555 -4.93897 -0.507356 -0.86172 -0.00533616
41.5001 76.673 -4.96966 -0.530292 -0.847802 -0.00475663
42.3828 76.1165 -4.99228 -0.538051 -0.842908 -0.00258927
42.8341 75.8266 -5.0028 -0.543029 -0.839693 -0.00600145
34.1946 80.5487 -5.6283 -0.393984 -0.919078 -0.00844947
33.2343 80.9555 -5.58575 -0.378113 -0.925759 0.00054134
32.2113 81.3468 -5.5441 -0.345648 -0.93833 0.00799017
31.1889 81.6856 -5.50681 -0.297329 -0.954765 -0.00446218
30.155 81.9918 -5.47238 -0.264489 -0.964262 0.0156294
29.1122 82.2302 -5.44995 -0.197274 -0.980304 -0.00929547
28.8154 82.2903 -5.44433 -0.198709 -0.980003 -0.0104728
28.7431 82.3049 -5.44281 -0.197893 -0.980165 -0.0107671
