-37.3794 80.8109 3.12652 -0.167169 -0.985922 0.00342657
-37.3455 80.8064 4.13618 -0.176316 -0.98433 0.00209197
-37.3475 80.8111 5.20532 -0.173342 -0.984841 0.00633844
-37.0236 80.7543 6.11278 -0.186403 -0.98247 0.00244411
-35.9835 80.5546 6.11774 -0.191096 -0.981568 -0.00255344
-35.002 80.3501 6.08302 -0.218958 -0.975728 -0.00340374
-33.957 80.1062 6.12886 -0.239322 -0.970933 -0.00382622
-32.943 79.8497 6.1258 -0.249991 -0.968241 0.00383979
-31.8186 79.5336 6.1471 -0.285787 -0.958244 0.0079453
-30.7122 79.1858 6.12655 -0.317292 -0.948328 0.000174092
-29.7361 78.8572 6.09533 -0.322133 -0.94669 0.0027899
-28.7171 78.4938 6.13007 -0.349047 -0.937087 -0.00369027
-27.7546 78.1142 6.08471 -0.372746 -0.927904 -0.00716048
-27.4668 78.0035 5.24253 -0.392829 -0.9196 -0.00452745
-27.4885 78.0029 4.19468 -0.403522 -0.914789 0.0182089
-27.4938 77.9919 3.15156 -0.404773 -0.914396 0.00539466
-27.5154 77.9969 2.03947 -0.390291 -0.920625 0.0108329
-27.4974 77.9818 0.951053 -0.389126 -0.921178 0.00291175
-27.4991 77.9836 -0.145578 -0.392614 -0.919703 0.000349569
-27.5353 77.9994 -1.16148 -0.394037 -0.919075 0.00569835
-27.5347 77.9864 -2.20339 -0.413558 -0.910441 0.00818756
-27.5358 77.9809 -3.35069 -0.401167 -0.915919 0.0125118
-27.5042 77.9546 -4.47917 -0.388455 -0.921434 0.00784945
-27.5308 77.9624 -5.64383 -0.379806 -0.92505 -0.0040568
-28.3192 78.2866 -6.11413 -0.372336 -0.928097 -0.00119255
-29.3501 78.6894 -6.13489 -0.355064 -0.934716 0.0152872
-30.4103 79.0806 -6.11849 -0.328878 -0.944261 0.0100841
-31.4467 79.4128 -6.13 -0.293575 -0.95593 0.00349027
-32.4768 79.7207 -6.12623 -0.279011 -0.960288 -0.000972468
-33.5551 80.0179 -6.10668 -0.252308 -0.967615 0.00322788
-34.6667 80.288 -6.07042 -0.223518 -0.9747 0.000400951
-35.7364 80.5173 -6.11542 -0.199979 -0.9798 0.000272661
-36.7656 80.7208 -6.10893 -0.18895 -0.98195 -0.00855307
-37.3256 80.8225 -5.45866 -0.185737 -0.98259 -0.00427666
-37.3273 80.824 -4.39787 -0.176655 -0.984264 0.00406663
-37.3499 80.826 -3.3741 -0.178178 -0.983998 -0.000627314
-37.3612 80.8254 -2.36433 -0.170204 -0.985407 0.00204871
-37.3475 80.8131 -1.18828 -0.165928 -0.986076 -0.0110679
-37.3136 80.8079 0.0343624 -0.162021 -0.986779 0.00405889
-37.3465 80.8099 1.07022 -0.163182 -0.986534 -0.011069
-37.3652 80.8063 2.2132 -0.163825 -0.986489 0.000780886
-37.3749 80.8094 2.92297 -0.167234 -0.98591 0.00375538
-38.2982 80.9584 2.87568 -0.149906 -0.988678 0.00627577
-38.2898 80.9541 1.84773 -0.157788 -0.987458 -0.0055182
-38.2538 80.9581 0.741902 -0.154563 -0.987945 -0.00869727
-38.2516 80.9593 -0.277479 -0.158478 -0.987359 0.00245767
-38.2732 80.9646 -1.30318 -0.158092 -0.987394 -0.00748497
-38.2771 80.975 -2.35379 -0.148798 -0.988851 -0.00484957
-38.2795 80.9791 -3.39289 -0.150103 -0.988652 -0.00593996
-38.245 80.9805 -4.3943 -0.158069 -0.987405 -0.00670009
-38.2672 80.9894 -5.45148 -0.159263 -0.987229 -0.00386815
-38.2459 80.9869 -6.53788 -0.13641 -0.990646 -0.00153016
-37.4879 80.8659 -7.0407 -0.16901 -0.985557 -0.00777116
-36.4604 80.6698 -7.0463 -0.196591 -0.980453 -0.00774951
-35.4179 80.4527 -7.03643 -0.203136 -0.979151 -1.05512e-06
-34.3361 80.2174 -7.02619 -0.22749 -0.973766 -0.00364119
-33.3253 79.9528 -7.05517 -0.257607 -0.966248 0.00193232
-32.3205 79.6716 -7.06866 -0.286004 -0.958198 0.00765819
-31.3419 79.3756 -7.07898 -0.296908 -0.954906 -0.000467212
-30.3841 79.0626 -7.06289 -0.333089 -0.942855 0.00603776
-29.295 78.6604 -7.04878 -0.34641 -0.938081 -0.00167505
-28.3104 78.2825 -7.05881 -0.378128 -0.925752 0.00154412
-27.3561 77.8914 -7.059 -0.381563 -0.924214 0.0144954
-26.6528 77.5915 -6.56135 -0.399528 -0.916693 -0.00711947
-26.6624 77.5961 -5.37884 -0.400373 -0.9163 -0.00523502
-26.6378 77.5811 -4.26879 -0.428163 -0.903677 -0.00674693
-26.6762 77.5955 -3.21793 -0.424391 -0.905431 -0.00690205
-26.6777 77.5878 -2.18716 -0.422926 -0.906146 0.00236616
-26.6947 77.6029 -1.13253 -0.44807 -0.893836 0.0158464
-26.6568 77.5924 -0.0145111 -0.436682 -0.89951 0.0138086
-26.6394 77.5992 1.03439 -0.423507 -0.905766 0.0151724
-26.6444 77.6096 2.07522 -0.419049 -0.907921 0.00875736
-26.6234 77.603 3.11002 -0.406482 -0.913656 0.00215492
-26.6372 77.6209 4.12304 -0.406437 -0.913444 0.020531
-26.6087 77.627 5.19815 -0.423227 -0.905975 0.0034883
-26.6224 77.6216 6.29129 -0.41959 -0.907645 -0.0111949
-27.0303 77.7989 7.05602 -0.418163 -0.908069 -0.0234528
-27.9809 78.1987 7.05232 -0.376632 -0.926345 -0.00572758
-28.9362 78.5769 7.06952 -0.358397 -0.93355 0.00602253
-29.8896 78.9176 7.04467 -0.321507 -0.946857 0.00969264
-30.9354 79.2641 7.06755 -0.304302 -0.952533 0.00376607
-31.9909 79.5872 7.05909 -0.280364 -0.959887 0.00171716
-32.9998 79.8627 7.06417 -0.248766 -0.968535 0.00748444
-33.9759 80.1072 7.06922 -0.243273 -0.969954 -0.00208409
-34.9695 80.3459 7.03617 -0.214116 -0.976808 0.000581133
-36.0179 80.56 7.06241 -0.191886 -0.981417 -0.000983783
-37.0464 80.7579 7.08649 -0.177353 -0.984073 0.00395294
-38.0479 80.9225 7.04047 -0.147449 -0.989066 -0.00251521
-38.2673 80.9567 6.0866 -0.145987 -0.989281 -0.00333674
-38.3005 80.9654 5.04069 -0.143332 -0.989675 0.000209321
-38.2849 80.9613 4.01628 -0.156031 -0.98775 0.000870896
-38.2997 80.959 2.93044 -0.151619 -0.988406 0.00727547
-38.2995 80.9588 2.90404 -0.14841 -0.988897 0.00731853
-36.8568 80.7188 2.70993 -0.170058 -0.985427 -0.00363661
-35.8379 80.53 2.71358 -0.192091 -0.981376 -0.00119436
-34.7187 80.2945 2.72035 -0.223278 -0.974753 0.00162905
-33.7206 80.053 2.72664 -0.238802 -0.971066 0.0019961
-32.5949 79.7534 2.73647 -0.264224 -0.964459 0.00220638
-31.6288 79.4749 2.74401 -0.27704 -0.960854 -0.00274362
-30.6093 79.1659 2.75353 -0.313178 -0.949694 -0.00111959
-29.5901 78.8194 2.76384 -0.329123 -0.944277 0.00434538
-28.5878 78.4516 2.77272 -0.352448 -0.935816 0.00545818
-27.9516 78.1914 2.77802 -0.395192 -0.918565 0.00782744
-28.0131 78.2251 3.70134 -0.401369 -0.915858 0.010349
-29.0618 78.6303 3.69122 -0.342642 -0.939429 -0.00837371
-30.0069 78.964 3.67951 -0.31863 -0.947878 0.00121928
-31.1403 79.3262 3.66463 -0.289691 -0.957058 -0.0108748
-32.1174 79.6137 3.65231 -0.282055 -0.959398 -0.00105625
-33.1088 79.8959 3.64212 -0.260979 -0.965344 0.000175583
-34.1343 80.1557 3.63048 -0.226632 -0.973974 -0.00345645
-35.1104 80.3776 3.62211 -0.213376 -0.976963 -0.00380955
-36.1482 80.5878 3.61442 -0.188631 -0.982038 -0.00437406
-36.8804 80.7229 3.61121 -0.177453 -0.984124 -0.00309495
-36.7408 80.6982 4.51155 -0.183613 -0.982988 0.00451948
-35.6361 80.4852 4.52052 -0.201109 -0.979552 -0.0057617
-34.5134 80.2397 4.53145 -0.221449 -0.975167 -0.00313371
-33.4811 79.991 4.54544 -0.255256 -0.966789 -0.0127643
-32.5051 79.7232 4.55951 -0.272106 -0.962265 -0.00199346
-31.5106 79.4346 4.57563 -0.281734 -0.959493 6.47837e-05
-30.5478 79.1395 4.59146 -0.303565 -0.952769 -0.00890962
-29.4569 78.7689 4.60847 -0.332069 -0.94323 -0.00696565
-28.3811 78.3737 4.62471 -0.362809 -0.931863 0.000565258
-27.9343 78.1929 4.63036 -0.374981 -0.927028 0.00298476
-28.1366 78.2717 5.55803 -0.369303 -0.929301 -0.00379351
-29.1192 78.6432 5.53968 -0.340525 -0.940232 -0.00262354
-30.0907 78.9784 5.52077 -0.31876 -0.947801 -0.00810244
-31.2409 79.3545 5.49464 -0.299062 -0.954233 -0.00122519
-32.3191 79.6734 5.47475 -0.273663 -0.961794 0.00777959
-33.3311 79.9493 5.45357 -0.253847 -0.967195 -0.00976333
-34.3131 80.1941 5.43852 -0.230592 -0.97305 -0.0012454
-35.3158 80.4199 5.42382 -0.212229 -0.9772 0.00629889
-36.4171 80.6393 5.4127 -0.188002 -0.982166 0.00242517
-36.7722 80.7068 5.40957 -0.185964 -0.982555 0.00180896
-36.8647 80.7228 1.80808 -0.173268 -0.984869 -0.00334438
-35.8127 80.5253 1.81052 -0.189937 -0.981793 -0.00242609
-34.736 80.2993 1.81412 -0.224542 -0.97446 0.00290595
-33.6622 80.0374 1.81873 -0.240333 -0.970689 -0.00163342
-32.6225 79.7612 1.82416 -0.271082 -0.962556 0.000367597
-31.6353 79.4816 1.82971 -0.273463 -0.961882 -0.000705291
-30.5843 79.1559 1.83607 -0.307934 -0.951406 0.00188028
-29.6223 78.8268 1.84203 -0.336589 -0.94162 0.00771857
-28.674 78.4755 1.84771 -0.369833 -0.929061 0.00829794
-27.9593 78.1821 1.85069 -0.384563 -0.923065 0.0079507
-28.0898 78.2296 0.926638 -0.380204 -0.924899 0.00258825
-29.1641 78.6561 0.922589 -0.347589 -0.937622 0.00688911
-30.2783 79.0464 0.919323 -0.320171 -0.947343 0.00567987
-31.2598 79.3666 0.915938 -0.295377 -0.95538 0.001451
-32.2339 79.6524 0.913306 -0.271107 -0.962549 -0.000846249
-33.297 79.9447 0.910116 -0.253896 -0.967224 0.00382417
-34.3549 80.2106 0.907562 -0.234028 -0.972222 -0.00382233
-35.3575 80.4348 0.906261 -0.205005 -0.978752 0.00424518
-36.4288 80.6476 0.905043 -0.188695 -0.982009 -0.0071969
-36.8405 80.7243 0.90471 -0.173768 -0.984767 -0.00630595
-36.768 80.7144 8.84677e-05 -0.176441 -0.984309 0.00214035
-35.6977 80.5062 0.000364039 -0.200672 -0.979657 0.00156863
-34.705 80.2919 -0.000837904 -0.21647 -0.976289 -0.000990917
-33.6876 80.0434 -0.000358003 -0.25429 -0.967128 0.000852557
-32.6688 79.7702 -0.000657232 -0.263235 -0.964728 0.00283234
-31.64 79.4817 -0.000159991 -0.275895 -0.961188 -0.000704698
-30.6422 79.1668 0.000409752 -0.312013 -0.950078 2.30493e-05
-29.6578 78.8365 0.0010335 -0.327404 -0.944877 -0.00379586
-28.6851 78.4694 0.00271964 -0.366037 -0.930576 -0.0066617
-27.9441 78.1702 0.00431076 -0.377704 -0.925897 -0.00736245
-28.0403 78.2154 -0.922326 -0.385204 -0.922827 0.00281009
-28.9707 78.5868 -0.920424 -0.357786 -0.933764 -0.0086483
-29.947 78.9404 -0.918899 -0.327077 -0.944998 -0.000186938
-30.9184 79.2529 -0.916822 -0.297147 -0.954832 0.000226229
-31.9253 79.5584 -0.914451 -0.281692 -0.959499 0.0032447
-32.9048 79.8378 -0.912331 -0.266316 -0.963873 -0.00500371
-33.8753 80.0924 -0.910088 -0.244076 -0.969741 -0.00538219
-34.8764 80.3296 -0.907344 -0.219679 -0.97557 -0.00208357
-35.8726 80.5421 -0.905707 -0.199767 -0.979843 -0.000194639
-36.7813 80.7156 -0.905087 -0.171123 -0.985228 -0.00656929
-36.8097 80.7254 -1.80866 -0.176043 -0.984382 0.00105552
-35.755 80.5201 -1.81262 -0.199175 -0.979951 -0.00505039
-34.7154 80.2964 -1.81554 -0.224699 -0.974418 -0.00440707
-33.6774 80.0454 -1.82029 -0.244152 -0.969731 -0.00335256
-32.6787 79.7766 -1.82519 -0.270514 -0.962698 -0.00591601
-31.5597 79.449 -1.83111 -0.287819 -0.957671 -0.00524134
-30.5375 79.1353 -1.83648 -0.301547 -0.953447 -0.00271503
-29.5405 78.8004 -1.84048 -0.332485 -0.943103 -0.0033615
-28.567 78.4373 -1.84444 -0.374331 -0.92728 0.00521313
-28.0912 78.2364 -1.84525 -0.395283 -0.918479 0.0121331
-28.0477 78.2112 -2.77277 -0.394446 -0.918884 0.00800413
-29.0518 78.6206 -2.76443 -0.3647 -0.931123 0.00186069
-29.9991 78.9658 -2.75936 -0.321431 -0.946932 0.00169669
-31.0949 79.3145 -2.75155 -0.294055 -0.95577 -0.00601122
-32.1822 79.639 -2.74229 -0.276902 -0.96088 -0.00594293
-33.2271 79.9273 -2.73366 -0.25664 -0.966494 0.00497704
-34.2302 80.1851 -2.72575 -0.241482 -0.970394 0.00466871
-35.2899 80.4272 -2.71775 -0.203153 -0.979136 -0.00455942
-36.2742 80.6237 -2.71321 -0.18842 -0.982086 0.00238242
-36.8216 80.7274 -2.71127 -0.184065 -0.982914 4.68726e-05
-36.846 80.7341 -3.61318 -0.18245 -0.983198 -0.00586208
-35.8151 80.5313 -3.61959 -0.198374 -0.980119 0.00382864
-34.8016 80.3161 -3.62864 -0.22194 -0.975056 0.00289923
-33.783 80.0708 -3.6385 -0.245067 -0.969506 0.00105357
-32.7882 79.8088 -3.64972 -0.264052 -0.964507 0.00133313
-31.7534 79.5141 -3.66148 -0.288532 -0.957455 0.00548484
-30.7642 79.2102 -3.67265 -0.300659 -0.953715 -0.00566518
-29.6475 78.8402 -3.68482 -0.326764 -0.945092 0.00519583
-28.7025 78.4669 -3.69212 -0.380488 -0.924622 0.0173843
-28.1631 78.2429 -3.69675 -0.388373 -0.921354 0.0165258
-28.069 78.1886 -4.62848 -0.385213 -0.922765 0.0107505
-29.081 78.6061 -4.61559 -0.376988 -0.92609 0.0154007
-30.0259 78.9646 -4.60383 -0.312109 -0.95001 0.00835103
-31.1371 79.3231 -4.5856 -0.293148 -0.956047 0.00626144
-32.1404 79.622 -4.57098 -0.28307 -0.95907 0.00753587
-33.1961 79.9196 -4.55547 -0.260861 -0.96535 -0.00711881
-34.32 80.202 -4.53968 -0.22905 -0.973414 -0.00149105
-35.3424 80.4329 -4.5286 -0.210607 -0.977557 -0.0051726
-36.4644 80.6597 -4.5161 -0.192479 -0.981289 0.00488329
-36.8152 80.7281 -4.51305 -0.188163 -0.982126 0.00487189
-36.7687 80.7167 -5.41365 -0.185991 -0.982548 -0.00255745
-35.6953 80.5072 -5.42547 -0.196345 -0.980507 -0.00733878
-34.5265 80.254 -5.44092 -0.22422 -0.974514 -0.00686935
-33.4273 79.9843 -5.46026 -0.257241 -0.966347 -0.00102408
-32.394 79.6975 -5.47977 -0.275587 -0.961272 -0.00276712
-31.248 79.3544 -5.50246 -0.292312 -0.956323 0.000502103
-30.2119 79.0216 -5.52169 -0.333532 -0.942525 0.0200668
-29.2157 78.6464 -5.54108 -0.365088 -0.930946 0.00714637
-28.2466 78.2574 -5.55671 -0.378667 -0.925525 0.00373999
-28.1767 78.2287 -5.55795 -0.380932 -0.924602 0.00144033
-28.1368 78.2122 -5.55854 -0.381663 -0.924301 0.000142753
