12.1215 78.7832 -4.86101 0.587931 -0.808892 -0.00409016
12.1456 78.7879 -3.83481 0.578703 -0.815381 -0.0131488
12.1495 78.761 -2.77472 0.580995 -0.813147 -0.0351814
12.1642 78.7419 -1.74232 0.60607 -0.795378 -0.00354612
12.1939 78.7666 -0.740652 0.576399 -0.817111 -0.00189258
12.1721 78.7462 0.310004 0.58382 -0.811564 -0.0219433
12.1719 78.7176 1.45542 0.590613 -0.80692 -0.00752045
12.1853 78.7343 2.59137 0.596499 -0.802548 0.0103238
12.1854 78.7472 3.74618 0.606977 -0.794675 0.00687218
12.19 78.7633 4.82431 0.597671 -0.801676 0.00601816
12.2272 78.7975 5.83983 0.593557 -0.804763 -0.00682921
13.1408 79.4446 6.01836 0.56324 -0.826224 0.00798105
14.1211 80.0814 6.02608 0.51872 -0.854886 0.00998353
15.1266 80.6814 5.99276 0.506528 -0.862051 0.0172256
16.1018 81.2152 6.01628 0.460366 -0.887411 0.0237597
17.1646 81.7434 6.01437 0.421902 -0.906562 0.00206859
18.0947 82.1439 6.0239 0.368155 -0.929762 -0.00227513
19.1929 82.5193 6.012 0.286087 -0.95802 -0.00476156
20.1671 82.7405 6.01773 0.15769 -0.98741 0.0124747
21.3648 82.8851 6.00781 0.106736 -0.994192 0.0137618
22.0292 82.9434 5.47306 0.0786979 -0.996893 0.000486901
21.9372 82.9472 4.36742 0.0589584 -0.997728 -0.0325925
21.9629 82.9669 3.3216 0.0272137 -0.999517 0.00345836
22.1408 82.9666 2.30988 0.0112904 -0.99978 0.0176766
22.1787 82.9605 1.19449 0.0546454 -0.998349 -0.0177008
22.0353 82.9838 0.172063 0.0169571 -0.999698 -0.00708508
22.0244 82.9642 -0.89827 0.0365406 -0.999113 0.0167581
22.1029 82.947 -1.99313 0.0439608 -0.998986 -0.00285419
22.0446 82.9464 -3.0392 0.047164 -0.998819 -0.00218674
22.0748 82.9524 -4.20372 0.0334862 -0.999438 -0.00144412
22.1755 82.9485 -5.24968 0.0595021 -0.998191 -0.00480936
21.654 82.9217 -5.99726 0.0737526 -0.997129 -0.0171401
20.6182 82.8098 -5.99396 0.145354 -0.989379 0.00094328
19.6015 82.604 -5.99489 0.252125 -0.967598 -0.0136622
18.6384 82.3161 -6.01619 0.313267 -0.949494 0.0180352
17.6728 81.9476 -6.03742 0.393832 -0.919181 0.0017149
16.6271 81.4647 -6.02216 0.454565 -0.890674 0.00654172
15.6522 80.9669 -6.00756 0.456224 -0.889864 0.00119192
14.7023 80.4608 -6.00513 0.50362 -0.863879 -0.00887964
13.7379 79.8726 -5.99652 0.536315 -0.843889 -0.0147547
12.8336 79.2847 -6.02236 0.549796 -0.835289 -0.0041221
12.1286 78.7929 -5.6299 0.595303 -0.80348 -0.00593575
12.1256 78.788 -5.06802 0.590263 -0.807184 -0.00656503
11.3269 78.1909 -4.93345 0.609139 -0.793052 0.00433468
11.3239 78.1803 -3.90967 0.606358 -0.795095 -0.00437845
11.3472 78.162 -2.70857 0.605497 -0.794759 -0.0416117
11.3772 78.1391 -1.54907 0.612784 -0.790215 -0.00485858
11.3725 78.1493 -0.501159 0.609605 -0.792662 0.00828334
11.3614 78.1396 0.541413 0.619768 -0.784509 -0.0179586
11.3686 78.1213 1.57497 0.609158 -0.792964 -0.0113365
11.3856 78.1273 2.64216 0.607959 -0.793944 -0.00152309
11.3839 78.1268 3.64152 0.608623 -0.793415 0.00784472
11.3806 78.1384 4.69429 0.612427 -0.790397 0.0143386
11.371 78.1457 5.73892 0.621969 -0.782979 -0.000138758
11.4217 78.1636 6.83186 0.612948 -0.789862 -0.0196337
12.217 78.7706 7.01104 0.609316 -0.792482 -0.0265839
13.015 79.3763 7.04477 0.574275 -0.818298 0.0186146
13.9168 79.9691 7.03196 0.535836 -0.844056 0.0211849
14.7879 80.4942 7.02129 0.50579 -0.862585 0.0101854
15.7226 81.0272 7.0224 0.485807 -0.874057 -0.0013055
16.7012 81.5324 7.02268 0.430822 -0.902398 0.00552374
17.7036 81.9785 7.03726 0.393307 -0.919402 0.00275693
18.74 82.379 7.00784 0.324633 -0.94583 -0.00353321
19.7869 82.6746 7.02189 0.233296 -0.972074 -0.00840082
20.8467 82.8433 7.02591 0.119494 -0.992389 0.0272606
22.0326 82.9456 7.03305 0.0385551 -0.99894 0.0239449
22.9796 82.9497 6.70492 -0.0307026 -0.999215 -0.0247991
23.0686 82.9665 5.63114 -0.0199928 -0.999696 -0.011889
22.9549 82.9661 4.54168 0.00245449 -0.999975 -0.00665173
22.9337 82.968 3.53873 -0.0116975 -0.999931 0.00106166
23.1453 82.96 2.45104 -0.0408385 -0.999158 0.00397013
23.2648 82.9511 1.42145 -0.0421831 -0.999044 -0.0114372
23.0671 82.9662 0.435475 -0.0429709 -0.999064 -0.00495607
22.9783 82.9713 -0.63216 -0.0289802 -0.999573 0.00366874
23.0803 82.9662 -1.64431 -0.0211448 -0.999776 -0.000439392
23.0512 82.9532 -2.79959 -0.0240292 -0.999559 0.0173626
23.051 82.9462 -3.85305 -0.0170161 -0.999855 -0.00063388
23.1955 82.9591 -4.97508 -0.0325531 -0.999456 -0.00525451
23.1075 82.9693 -6.0269 -0.0244411 -0.999585 0.00532407
22.7622 82.9686 -6.96874 0.00511172 -0.999882 0.0126813
21.7123 82.9404 -7.02589 0.0751663 -0.997111 0.0108721
20.7158 82.8111 -7.0241 0.155694 -0.987602 0.0200273
19.5641 82.5824 -7.02458 0.243966 -0.969674 -0.0146083
18.5677 82.2771 -7.02577 0.329055 -0.943794 0.0312267
17.4073 81.8151 -7.04856 0.385337 -0.922676 0.0135723
16.4526 81.3727 -7.02278 0.448576 -0.893738 -0.000820856
15.5424 80.9127 -7.01068 0.452372 -0.891822 -0.00182355
14.6593 80.4319 -7.01876 0.506006 -0.862497 0.00759542
13.771 79.9056 -7.00581 0.51627 -0.856312 -0.0137561
12.7763 79.2658 -7.03008 0.562485 -0.826771 -0.00768426
11.9309 78.6751 -7.0072 0.585454 -0.810704 -0.00127965
11.3146 78.2006 -6.62562 0.618472 -0.785517 -0.0169402
11.3085 78.1747 -5.52897 0.606646 -0.794966 -0.00302765
11.3213 78.1854 -5.16536 0.60914 -0.793051 0.0043348
12.6314 79.1418 -4.96961 0.564818 -0.825215 0.000744272
13.5509 79.7464 -4.92914 0.542749 -0.839879 -0.00518403
14.4415 80.2994 -4.875 0.510844 -0.859531 -0.015637
15.3598 80.817 -4.82193 0.466349 -0.884592 0.00395387
16.2523 81.2825 -4.77468 0.452745 -0.891511 0.0151512
17.2991 81.7882 -4.7153 0.411638 -0.91129 -0.0102104
18.2675 82.1906 -4.6699 0.37589 -0.926629 0.00809417
19.2206 82.5008 -4.63133 0.282606 -0.959208 0.00728882
20.1914 82.7386 -4.59388 0.180721 -0.983273 -0.0226655
21.2024 82.8783 -4.56851 0.109251 -0.993792 0.0210203
21.523 82.9121 -4.56259 0.0631072 -0.997768 0.0218494
21.522 82.9215 -3.65797 0.0695925 -0.997025 0.03314
20.4998 82.7932 -3.67485 0.15687 -0.987607 0.00493424
19.4635 82.5828 -3.70155 0.241394 -0.970198 0.021075
18.5068 82.284 -3.72987 0.347289 -0.937745 0.00493936
17.4967 81.8733 -3.76871 0.403725 -0.914854 0.00698961
16.4816 81.4127 -3.80788 0.424164 -0.905575 -0.00437266
15.5685 80.9335 -3.84889 0.485392 -0.874295 0.00172992
14.6872 80.432 -3.88887 0.502034 -0.864759 -0.0124085
13.7179 79.8429 -3.93044 0.535568 -0.844408 -0.011952
12.8512 79.2785 -3.96473 0.560103 -0.828355 -0.0105926
12.6222 79.1239 -3.97221 0.565748 -0.824436 -0.0152945
12.5614 79.0586 -2.98176 0.573309 -0.819082 -0.0205323
13.4038 79.6296 -2.95616 0.545444 -0.838069 -0.0114283
14.2805 80.1827 -2.92788 0.52586 -0.850555 -0.00518565
15.2056 80.7329 -2.89832 0.495561 -0.868573 0.000441918
16.1149 81.2279 -2.8668 0.455343 -0.890301 0.00524307
17.0319 81.6632 -2.83986 0.419972 -0.90751 -0.00700125
18.0152 82.102 -2.81278 0.377994 -0.925797 -0.00451735
18.9845 82.4488 -2.78814 0.29356 -0.955611 -0.0251175
19.9635 82.6995 -2.76679 0.219446 -0.975514 0.0146839
20.9625 82.8672 -2.75502 0.122255 -0.992497 -0.00162498
21.5267 82.9181 -2.74722 0.0679092 -0.99768 -0.00487954
21.5825 82.9155 -1.83392 0.0704992 -0.997476 -0.00842636
20.562 82.8157 -1.84375 0.151555 -0.988412 0.00852002
19.5373 82.6073 -1.85092 0.262676 -0.964859 0.00698113
18.5606 82.3001 -1.86427 0.333346 -0.942801 -0.00259348
17.571 81.8967 -1.88351 0.399771 -0.916606 -0.00402982
16.606 81.4593 -1.90196 0.424831 -0.905271 -0.00153435
15.6485 80.98 -1.92183 0.48145 -0.876467 -0.0034261
14.7412 80.4535 -1.94088 0.50806 -0.861322 0.000451264
13.8642 79.9146 -1.9607 0.535711 -0.844345 -0.00974198
12.9753 79.3305 -1.97953 0.562484 -0.82666 -0.0156619
12.7306 79.1599 -1.98453 0.579226 -0.815081 -0.0118751
12.6007 79.0589 -0.9917 0.572099 -0.820102 -0.0116421
13.4872 79.6585 -0.984874 0.555062 -0.831575 -0.0197191
14.367 80.2306 -0.97696 0.527329 -0.849634 0.00686673
15.2678 80.7684 -0.966437 0.498135 -0.867098 0.00162612
16.3161 81.3227 -0.954451 0.425337 -0.90499 -0.00899902
17.3161 81.7732 -0.943968 0.40548 -0.914103 -0.000946689
18.304 82.195 -0.934652 0.356428 -0.934256 0.0111802
19.3312 82.5515 -0.926997 0.279508 -0.960089 0.0101768
20.3159 82.7844 -0.92168 0.184543 -0.98273 0.0136255
21.307 82.9267 -0.920281 0.0812283 -0.995012 0.0579001
21.512 82.9425 -0.919929 0.0372084 -0.998009 0.0509246
21.5054 82.9505 0.00377215 0.0691965 -0.997579 -0.00688249
20.4755 82.8271 0.00194076 0.166579 -0.985358 -0.0363568
19.354 82.5524 -0.00128593 0.284743 -0.958345 -0.0222614
18.2649 82.1828 0.00142252 0.343717 -0.938886 0.0187471
17.1924 81.7393 0.000863537 0.402641 -0.915077 0.0226743
16.1866 81.2611 0.000501378 0.456745 -0.88959 0.00373326
15.2957 80.7812 -0.000412464 0.483923 -0.875094 -0.00544989
14.3697 80.232 -0.000441768 0.526835 -0.849942 -0.00658614
13.5022 79.6612 -0.00171628 0.561935 -0.827178 -0.0023507
12.6593 79.0893 -0.00587247 0.563373 -0.82609 -0.0136221
12.6121 79.0434 0.980646 0.57491 -0.818096 -0.0140705
13.5589 79.703 0.97763 0.568028 -0.823003 0.00311777
14.4019 80.2533 0.972555 0.522108 -0.852875 0.00279865
15.3582 80.8182 0.966287 0.492407 -0.870355 0.00407126
16.2709 81.3142 0.957596 0.463719 -0.885975 -0.00353465
17.3676 81.838 0.946939 0.416286 -0.908921 0.0238554
18.3833 82.2302 0.938346 0.324914 -0.945744 -0.000138171
19.3521 82.5416 0.931571 0.293205 -0.95594 0.0144845
20.4579 82.8209 0.92104 0.127586 -0.991753 -0.0121231
21.4767 82.9237 0.917962 0.0712223 -0.997404 -0.0106088
21.5099 82.9259 0.917771 0.0590149 -0.998157 -0.0141487
21.6572 82.9363 1.83584 0.0532028 -0.998112 0.0306762
20.5919 82.8317 1.84431 0.157996 -0.987424 -0.00551731
19.547 82.6066 1.85491 0.251906 -0.967489 -0.0225419
18.4083 82.2539 1.87224 0.33045 -0.943763 0.0106902
17.4237 81.8687 1.89234 0.397766 -0.917449 0.00836244
16.4775 81.4229 1.90955 0.45766 -0.889126 -0.00126594
15.4424 80.8721 1.9305 0.486584 -0.873576 0.0100319
14.5456 80.3467 1.94602 0.525042 -0.851076 -0.00067312
13.5911 79.725 1.96038 0.560965 -0.827832 0.00351069
12.6412 79.0611 1.97435 0.579408 -0.815024 0.00474132
12.6358 79.0572 1.97444 0.585216 -0.810845 0.0073028
12.6843 79.1054 2.96863 0.576656 -0.816574 0.0259805
13.528 79.6876 2.95328 0.554897 -0.831865 0.00946987
14.4274 80.2755 2.92944 0.530849 -0.847402 -0.0105001
15.3252 80.8027 2.90091 0.491113 -0.871024 -0.0112251
16.3325 81.3486 2.86928 0.454718 -0.890598 -0.00817942
17.3192 81.8123 2.84131 0.40695 -0.913377 -0.0115553
18.3273 82.2259 2.80956 0.353124 -0.935517 -0.010602
19.293 82.5411 2.78792 0.249776 -0.968198 -0.0143156
20.2789 82.7574 2.76441 0.182729 -0.983141 -0.00661746
21.2685 82.9137 2.74966 0.101165 -0.994696 -0.0185711
21.5218 82.9393 2.74682 0.100489 -0.994757 -0.0189741
21.4215 82.9224 3.66177 0.0956595 -0.994251 -0.0480988
20.3625 82.7719 3.68297 0.187003 -0.982354 0.0033856
19.2811 82.5314 3.71367 0.286314 -0.958028 -0.0144018
18.2029 82.1771 3.74927 0.345266 -0.93846 -0.00915739
17.2515 81.7855 3.78761 0.417456 -0.908633 0.0107663
16.2495 81.2969 3.83179 0.451794 -0.892102 -0.00605294
15.3465 80.8014 3.87134 0.495863 -0.868219 -0.0177589
14.2519 80.1557 3.91626 0.523898 -0.851655 -0.0146628
13.3069 79.5572 3.95254 0.557144 -0.830122 0.0220975
12.6774 79.1165 3.97491 0.591732 -0.806127 -0.00354373
12.6203 79.0796 4.98042 0.580879 -0.81392 -0.0106668
13.5053 79.6973 4.94347 0.534772 -0.844994 0.00222535
14.4613 80.2796 4.89315 0.508861 -0.860824 0.00655153
15.373 80.8105 4.84263 0.487418 -0.873167 0.00170547
16.2859 81.3015 4.78726 0.461997 -0.886869 -0.00471226
17.1821 81.7503 4.73507 0.4257 -0.904809 -0.0100471
18.258 82.1997 4.67847 0.341303 -0.93994 0.00490573
19.2806 82.5323 4.6342 0.293201 -0.955954 0.0136415
20.2773 82.7571 4.59955 0.143424 -0.989507 -0.0174882
21.3385 82.8872 4.56956 0.105657 -0.993884 -0.032111
21.2005 82.8614 5.47221 0.109685 -0.993958 0.0041617
20.1405 82.7389 5.51016 0.13807 -0.990421 -0.00157518
19.9989 82.7152 5.51492 0.189952 -0.981781 0.00492597
20.9028 82.8439 -5.47388 0.123951 -0.992095 -0.0196083
21.2713 82.8821 -5.46393 0.0946027 -0.995489 -0.00723854
21.3037 82.8852 -5.46334 0.0946087 -0.995488 -0.00725398
