-37.5299 92.8899 -1.33959 -0.0839264 -0.996466 0.00343312
-37.4935 92.894 -0.335445 -0.0816011 -0.996599 0.0115162
-37.5241 92.9061 0.689974 -0.0818006 -0.996461 -0.019366
-37.5201 92.8955 1.7153 -0.0886769 -0.995962 -0.0140384
-37.5137 92.8919 2.89595 -0.0844364 -0.996429 0.000631325
-37.5076 92.8903 3.99358 -0.0822639 -0.9966 -0.00349313
-37.4664 92.8802 5.02584 -0.0838612 -0.996461 -0.00483147
-37.3751 92.8663 6.05704 -0.0820943 -0.996614 -0.00423525
-36.2615 92.7636 6.09473 -0.104515 -0.994516 -0.0037704
-35.1696 92.6402 6.10532 -0.120076 -0.992741 -0.00684881
-34.1695 92.5007 6.09559 -0.159437 -0.987203 0.00324566
-33.1097 92.3142 6.05665 -0.187615 -0.982237 -0.00346571
-32.114 92.114 6.08838 -0.203398 -0.979093 -0.00255708
-30.9217 91.8592 6.10878 -0.217301 -0.976097 -0.00396308
-29.8558 91.5865 6.10479 -0.26285 -0.964827 0.0042989
-28.793 91.2691 6.10999 -0.304688 -0.952452 0.000892791
-27.7565 90.9182 6.12186 -0.337491 -0.94128 -0.00243197
-26.6443 90.4842 6.07763 -0.380813 -0.924628 -0.00669953
-25.6863 90.0674 6.09893 -0.420378 -0.907331 -0.0056497
-24.7624 89.6203 6.10572 -0.455334 -0.890319 0.00200989
-23.8339 89.1296 6.08506 -0.47431 -0.880356 -0.00201304
-22.8986 88.597 6.11417 -0.512299 -0.858806 -0.00138833
-22.0096 88.0566 6.1275 -0.522732 -0.852497 0.000412587
-21.1579 87.5097 6.10432 -0.550308 -0.834945 0.00516559
-20.2911 86.9289 6.13677 -0.562602 -0.826708 0.00551538
-19.4366 86.336 6.0996 -0.57643 -0.817121 0.00391402
-18.6019 85.736 6.08941 -0.586097 -0.810221 0.00559056
-17.6804 85.0577 6.09277 -0.596328 -0.802724 0.00485137
-16.8167 84.415 6.1039 -0.598798 -0.800805 0.0123362
-16.0656 83.856 5.89693 -0.588711 -0.808246 0.0122277
-16.0122 83.8002 4.74971 -0.590131 -0.807253 0.00934709
-15.9881 83.7741 3.67493 -0.598294 -0.801248 0.0066503
-16.0188 83.787 2.60098 -0.595497 -0.803353 0.00169561
-16.0411 83.8022 1.5291 -0.595393 -0.803434 -0.000754952
-16.0224 83.7852 0.440758 -0.595869 -0.803068 0.00474239
-16.0275 83.7829 -0.622289 -0.598792 -0.800896 0.0035204
-16.0294 83.7828 -1.62288 -0.599296 -0.800528 -0.000364502
-16.0601 83.8159 -2.68979 -0.597521 -0.801848 -0.00294912
-16.0355 83.7993 -3.70993 -0.590613 -0.806923 -0.00456996
-16.0455 83.813 -4.83339 -0.591677 -0.806152 -0.00612861
-16.0364 83.8228 -5.84087 -0.595035 -0.803541 -0.0159493
-16.7433 84.3508 -6.1168 -0.593933 -0.804471 -0.00838785
-17.7142 85.0678 -6.09795 -0.594124 -0.804335 -0.0078804
-18.5357 85.6695 -6.09708 -0.586089 -0.810221 -0.00641958
-19.3821 86.2728 -6.11665 -0.575464 -0.81782 -0.0033891
-20.2947 86.9117 -6.11535 -0.570021 -0.821605 -0.00615602
-21.3037 87.5913 -6.08488 -0.548819 -0.835941 -0.000784096
-22.2652 88.2016 -6.15141 -0.52997 -0.848015 -0.00118431
-23.1349 88.7316 -6.16039 -0.510274 -0.859959 0.00951364
-24.0087 89.2262 -6.11423 -0.481452 -0.876463 0.00300554
-24.91 89.7108 -6.12464 -0.463675 -0.885988 -0.00296165
-25.9381 90.2056 -6.10806 -0.407344 -0.913266 -0.0039619
-26.8658 90.5996 -6.10165 -0.374215 -0.927341 -0.0012372
-27.8285 90.9634 -6.10624 -0.332561 -0.942987 -0.0127765
-28.9768 91.3307 -6.11158 -0.285407 -0.958403 -0.00252463
-30.0559 91.6393 -6.08189 -0.257196 -0.966354 0.00318625
-31.051 91.8855 -6.1376 -0.229011 -0.973421 -0.00244975
-32.0467 92.1049 -6.10337 -0.20158 -0.979463 0.00235704
-33.1285 92.3046 -6.09714 -0.176089 -0.984306 0.0115958
-34.1153 92.4738 -6.10418 -0.152866 -0.988199 0.00972673
-35.1987 92.6295 -6.08339 -0.134736 -0.990875 -0.00366409
-36.3242 92.7657 -6.09754 -0.109931 -0.993929 0.00136999
-37.3766 92.8741 -6.0688 -0.0881621 -0.996098 -0.00178429
-37.5012 92.8852 -5.08265 -0.0916597 -0.99579 0.00103472
-37.4973 92.8843 -3.91188 -0.0859836 -0.996291 0.00104129
-37.5117 92.8839 -2.89039 -0.0832695 -0.996521 0.00320697
-37.5204 92.8879 -1.88242 -0.0825249 -0.996586 0.00220716
-37.5292 92.8897 -1.37203 -0.0837465 -0.996482 0.00325801
-38.4627 92.9553 -1.40171 -0.0639615 -0.997951 0.00193002
-38.4506 92.9551 -0.398317 -0.0570898 -0.998368 0.0015022
-38.4645 92.9612 0.604999 -0.0452882 -0.99896 0.00523048
-38.4686 92.9629 1.72463 -0.06443 -0.997918 -0.00150382
-38.4574 92.96 2.83469 -0.0669371 -0.997737 -0.00476697
-38.4612 92.9552 3.8517 -0.0624182 -0.998045 -0.0031617
-38.4543 92.9533 4.9433 -0.0646149 -0.99791 0.000511954
-38.4788 92.954 5.96477 -0.0726913 -0.997348 -0.00370561
-38.3681 92.9387 7.00056 -0.0729267 -0.997269 -0.0116443
-37.2972 92.8586 7.04111 -0.0858641 -0.996303 2.325e-05
-36.2976 92.7665 7.03359 -0.102247 -0.994756 0.000785845
-35.242 92.6436 7.05923 -0.129007 -0.991627 -0.00488037
-34.0953 92.4802 7.04469 -0.15525 -0.987761 -0.0150333
-33.0525 92.3012 7.02874 -0.179987 -0.983669 -0.000253394
-32.0589 92.0994 7.03849 -0.202378 -0.979304 -0.00257441
-31.0282 91.8837 7.06638 -0.214953 -0.976594 0.000467616
-30.007 91.6252 7.04211 -0.267869 -0.963453 -0.00192433
-28.9136 91.3022 7.05544 -0.303091 -0.952951 -0.00441571
-27.8746 90.9532 7.04987 -0.332183 -0.943192 -0.00658655
-26.896 90.584 7.03211 -0.378439 -0.925595 -0.00758576
-25.9273 90.1717 7.05444 -0.408709 -0.912555 -0.0131792
-24.9495 89.7151 7.03981 -0.446511 -0.894715 0.0029349
-24.0387 89.2384 7.03708 -0.476441 -0.879185 -0.0054668
-23.0691 88.6994 7.06197 -0.497551 -0.867361 0.00522553
-22.192 88.1705 7.05227 -0.527113 -0.84979 -0.00149859
-21.3379 87.6306 7.05247 -0.543195 -0.839565 -0.0047323
-20.3671 86.9829 7.08586 -0.565 -0.825077 0.00470169
-19.4937 86.3774 7.06755 -0.571962 -0.82028 0.000663954
-18.6284 85.7606 7.04985 -0.588758 -0.80829 0.00356407
-17.7938 85.1459 7.05016 -0.593434 -0.804875 0.00334373
-16.9158 84.5065 7.04546 -0.588424 -0.808363 0.0169178
-16.109 83.9042 7.06802 -0.603708 -0.797201 0.00276255
-15.2636 83.2826 6.8163 -0.584384 -0.811423 0.00809565
-15.2426 83.2574 5.67745 -0.586273 -0.810041 0.0102405
-15.2515 83.2504 4.64298 -0.580378 -0.814231 0.0127699
-15.227 83.2218 3.57733 -0.57315 -0.819377 0.0103038
-15.2567 83.2295 2.45958 -0.579982 -0.814629 0.000909833
-15.2845 83.2433 1.23392 -0.592616 -0.805482 0.0022832
-15.2843 83.2381 0.151902 -0.586716 -0.809772 7.76741e-06
-15.276 83.2308 -0.866555 -0.574674 -0.818342 -0.000197357
-15.2723 83.2345 -1.92762 -0.569326 -0.82205 -0.0101452
-15.273 83.2519 -2.94859 -0.576091 -0.817176 -0.018512
-15.2435 83.2386 -3.94899 -0.570592 -0.821211 -0.00200104
-15.2769 83.2628 -5.08156 -0.57637 -0.817183 -0.0031224
-15.2427 83.2504 -6.20373 -0.580852 -0.813971 -0.0077375
-15.4909 83.4342 -7.04371 -0.582286 -0.812904 -0.0113624
-16.4251 84.1219 -7.04806 -0.595915 -0.803037 -0.00411689
-17.2732 84.7516 -7.0672 -0.593748 -0.80463 -0.0054158
-18.1432 85.3896 -7.04292 -0.58966 -0.807648 -0.00239612
-19.0282 86.0284 -7.05063 -0.579314 -0.815068 -0.00767657
-19.919 86.6548 -7.05362 -0.571469 -0.820611 -0.00378442
-20.7486 87.2253 -7.03252 -0.558825 -0.829258 0.000834532
-21.6061 87.7885 -7.04627 -0.53905 -0.842263 -0.00414248
-22.461 88.3264 -7.08872 -0.520467 -0.853842 0.000748853
-23.41 88.8915 -7.08276 -0.501682 -0.865029 0.000999311
-24.3134 89.3937 -7.05993 -0.474631 -0.880136 -0.00931237
-25.2199 89.8693 -7.07275 -0.455468 -0.890218 -0.00783995
-26.1361 90.2957 -7.03748 -0.394974 -0.918682 0.00193547
-27.0731 90.6848 -7.05986 -0.371252 -0.928514 0.00362766
-28.1523 91.0769 -7.04637 -0.307375 -0.951537 0.00988476
-29.1289 91.3798 -7.0546 -0.282594 -0.959227 -0.00291336
-30.1031 91.6477 -7.02748 -0.254996 -0.96692 0.00520383
-31.0795 91.8925 -7.06589 -0.230665 -0.972958 0.00728129
-32.1385 92.1153 -7.04552 -0.188197 -0.982129 0.00217936
-33.2957 92.3283 -7.05353 -0.174859 -0.984593 0.00123516
-34.3495 92.5008 -7.06844 -0.153005 -0.988195 0.00704149
-35.3933 92.6539 -7.04288 -0.134985 -0.990844 0.00282597
-36.576 92.7928 -7.04338 -0.109343 -0.994002 0.00191824
-37.6491 92.891 -7.05208 -0.0686529 -0.997565 0.00703818
-38.4686 92.9415 -6.66851 -0.0517698 -0.998605 0.0104008
-38.4442 92.9523 -5.63309 -0.0599826 -0.99813 0.0114532
-38.4781 92.9601 -4.62998 -0.0661676 -0.997804 -0.00091433
-38.4639 92.956 -3.52518 -0.0720853 -0.997392 -0.00370132
-38.4535 92.9561 -2.52082 -0.0648895 -0.997871 0.00496603
-38.4565 92.9546 -1.5647 -0.0629136 -0.998017 6.57117e-06
-37.0253 92.8452 -1.8092 -0.094647 -0.99551 0.00164489
-35.8983 92.7314 -1.81448 -0.117222 -0.993095 0.0046163
-34.9009 92.6076 -1.81943 -0.138029 -0.990428 -0.000864122
-33.7821 92.4454 -1.82578 -0.153226 -0.988188 0.00266651
-32.7593 92.2642 -1.83626 -0.190403 -0.981651 0.0103669
-31.6293 92.0297 -1.85131 -0.215612 -0.976468 0.00474051
-30.6069 91.7808 -1.86356 -0.249157 -0.96846 0.00244374
-29.6054 91.5156 -1.87799 -0.263018 -0.96476 0.00771694
-28.6198 91.2199 -1.89285 -0.313756 -0.949504 -0.0003468
-27.6255 90.8725 -1.9133 -0.3422 -0.939584 0.0089591
-26.6273 90.4875 -1.93527 -0.38694 -0.922065 -0.0085916
-25.6259 90.0363 -1.95628 -0.420924 -0.907094 -0.00214791
-24.6513 89.5688 -1.97773 -0.45719 -0.889369 0.000746266
-23.7531 89.0858 -1.99884 -0.490436 -0.871469 0.00364642
-22.8631 88.5695 -2.02049 -0.508411 -0.861115 0.000546501
-21.9507 88.0116 -2.03967 -0.536513 -0.843891 0.00132937
-21.0962 87.4577 -2.06091 -0.548627 -0.836035 0.00732678
-20.2611 86.886 -2.07631 -0.572382 -0.819978 0.00385402
-19.3877 86.2654 -2.09211 -0.58361 -0.812034 -0.000438586
-18.4689 85.5993 -2.10619 -0.590051 -0.807366 3.13682e-05
-17.5614 84.9344 -2.11953 -0.592558 -0.805525 -0.0020924
-16.6753 84.2738 -2.13006 -0.600593 -0.799552 -0.00221236
-16.4707 84.1203 -2.13191 -0.602737 -0.797926 -0.00466884
-16.4542 84.1098 -3.19316 -0.597709 -0.8017 0.00450733
-17.2687 84.7173 -3.18076 -0.597331 -0.801992 0.00207422
-18.1036 85.3347 -3.16661 -0.590196 -0.807256 -0.00259054
-19.01 85.9928 -3.14682 -0.58517 -0.810908 -0.00188394
-19.8708 86.6103 -3.12793 -0.580952 -0.813938 -0.000516347
-20.7177 87.2003 -3.10192 -0.565264 -0.82491 0.000556898
-21.6334 87.805 -3.07021 -0.543008 -0.839714 0.00473359
-22.4971 88.3498 -3.04474 -0.520912 -0.85361 0.000503611
-23.4009 88.8826 -3.01073 -0.499004 -0.866599 0.000350283
-24.3382 89.411 -2.97897 -0.469465 -0.882909 0.00859564
-25.2846 89.8748 -2.94205 -0.432488 -0.901639 -0.000758893
-26.2727 90.3356 -2.91082 -0.413914 -0.910315 -0.00117111
-27.2169 90.7179 -2.88184 -0.350137 -0.936691 0.00370395
-28.3042 91.1051 -2.8467 -0.325871 -0.945413 0.00167359
-29.3801 91.4495 -2.81798 -0.275519 -0.961294 -0.00146454
-30.3816 91.7249 -2.79594 -0.257481 -0.966256 -0.00724637
-31.3887 91.9758 -2.77801 -0.223204 -0.974754 -0.00589808
-32.3866 92.1883 -2.76161 -0.198282 -0.980141 0.00287652
-33.4385 92.3852 -2.74335 -0.170276 -0.985356 0.00892112
-34.538 92.556 -2.73103 -0.142104 -0.989851 0.0010479
-35.6787 92.703 -2.72193 -0.117494 -0.993062 0.00475574
-36.7626 92.8184 -2.71377 -0.0951648 -0.995462 -8.00647e-05
-36.9252 92.8339 -2.71327 -0.0932117 -0.995646 -0.000658894
-36.9215 92.8312 -3.6172 -0.0956272 -0.995411 -0.00356991
-35.8906 92.7219 -3.62491 -0.110549 -0.99386 0.00451359
-34.7442 92.5795 -3.63602 -0.134196 -0.990945 0.00447641
-33.6302 92.4136 -3.65516 -0.161311 -0.986889 0.00541679
-32.5892 92.2265 -3.67426 -0.193524 -0.981073 0.00664623
-31.4804 91.9952 -3.69696 -0.220897 -0.975279 0.00589953
-30.3902 91.7311 -3.72379 -0.257549 -0.96622 0.00933196
-29.3904 91.4497 -3.75601 -0.281542 -0.959544 0.00295027
-28.407 91.142 -3.78796 -0.330293 -0.943877 -0.00155172
-27.3922 90.7827 -3.83109 -0.339816 -0.940459 -0.00786106
-26.3457 90.3637 -3.87214 -0.39886 -0.91701 -0.00201234
-25.3069 89.8874 -3.92175 -0.42456 -0.905348 -0.00971417
-24.3702 89.4274 -3.97116 -0.465808 -0.884861 0.00664643
-23.4596 88.9177 -4.01328 -0.499697 -0.8662 0.000515874
-22.4383 88.3114 -4.06251 -0.525257 -0.850943 0.000808506
-21.5404 87.7432 -4.10023 -0.539942 -0.841702 -0.000343674
-20.6764 87.1682 -4.1396 -0.564112 -0.825691 0.00339825
-19.7614 86.5333 -4.17327 -0.576222 -0.817291 -0.00192536
-18.8406 85.8769 -4.20598 -0.584093 -0.811649 -0.00784206
-18.0054 85.2684 -4.22874 -0.595232 -0.803523 -0.00710986
-17.0898 84.5867 -4.25148 -0.599118 -0.800622 -0.00791604
-16.5411 84.1749 -4.2598 -0.601177 -0.799087 -0.0067806
-16.6204 84.2486 -5.32926 -0.597729 -0.801601 -0.0124973
-17.4235 84.8454 -5.31093 -0.59623 -0.802777 -0.00765903
-18.2413 85.4505 -5.28768 -0.591722 -0.806123 -0.0055495
-19.208 86.1463 -5.24988 -0.578355 -0.815776 -0.00391863
-20.1043 86.7759 -5.21134 -0.570493 -0.821297 -0.00288612
-20.9623 87.3632 -5.16407 -0.559294 -0.82897 0.000134291
-21.8306 87.9288 -5.11557 -0.535172 -0.844736 0.00344539
-22.6839 88.4609 -5.06548 -0.52167 -0.853114 0.0074903
-23.6473 89.0276 -5.00579 -0.490703 -0.871321 0.00314986
-24.6387 89.5687 -4.94589 -0.46548 -0.885023 -0.00788317
-25.5494 90.0182 -4.88567 -0.428678 -0.90335 -0.0139336
-26.4616 90.4278 -4.83187 -0.388753 -0.921277 -0.0109605
-27.4154 90.8015 -4.78081 -0.343576 -0.939088 -0.00831228
-28.4324 91.1524 -4.72854 -0.30249 -0.953139 -0.00503979
-29.5825 91.5027 -4.68007 -0.277152 -0.960824 -0.00217066
-30.6087 91.7832 -4.64139 -0.23894 -0.970979 0.0103754
-31.7428 92.0486 -4.60699 -0.218375 -0.975815 0.00986903
-32.7896 92.2604 -4.58113 -0.183661 -0.982979 0.00460202
-33.849 92.4435 -4.55791 -0.156427 -0.987584 0.0144444
-34.9015 92.5961 -4.53957 -0.133236 -0.991062 0.00660283
-36.0892 92.7398 -4.52447 -0.109348 -0.993996 0.00391466
-36.8775 92.8239 -4.51577 -0.101774 -0.994807 -0.000387995
-36.8365 92.8195 -5.41487 -0.103317 -0.994648 -0.00110641
-35.8224 92.7089 -5.42592 -0.114602 -0.993406 -0.00338307
-34.7601 92.5712 -5.44329 -0.136493 -0.990622 0.00610654
-33.759 92.4197 -5.46574 -0.164689 -0.986273 0.0119854
-32.6164 92.2196 -5.49326 -0.18487 -0.982692 0.0118118
-31.503 91.9895 -5.52913 -0.219169 -0.975685 0.00203045
-30.4075 91.7325 -5.56992 -0.232103 -0.972691 -0.000335963
-29.6934 91.5365 -5.60456 -0.270165 -0.962778 -0.00829081
-36.9792 92.8429 -0.903761 -0.0924071 -0.995701 0.00629737
-35.8957 92.7367 -0.905556 -0.109531 -0.993942 0.0091026
-34.8702 92.6059 -0.908769 -0.137889 -0.990436 0.00471339
-33.7735 92.4463 -0.913529 -0.149891 -0.988702 0.000573315
-32.5996 92.2363 -0.918569 -0.200662 -0.979659 -0.00155882
-31.5717 92.0185 -0.925781 -0.221282 -0.975185 0.00694786
-30.5722 91.7776 -0.932081 -0.240908 -0.970543 0.00303222
-29.531 91.495 -0.940126 -0.283491 -0.958974 -0.00104254
-28.5183 91.1908 -0.948488 -0.317836 -0.948146 -0.000537417
-27.5124 90.8367 -0.959438 -0.340371 -0.940282 0.00411115
-26.4845 90.4235 -0.970231 -0.392057 -0.919935 0.00327783
-25.4574 89.9584 -0.982754 -0.42397 -0.905609 0.0110201
-24.5457 89.5104 -0.992156 -0.461528 -0.887124 -0.00169051
-23.6152 89.0095 -1.00234 -0.49261 -0.87024 -0.00433955
-22.7276 88.4947 -1.01356 -0.511409 -0.859326 0.00453017
-21.7723 87.8995 -1.02406 -0.537662 -0.843161 -0.000150096
-20.9048 87.3329 -1.03381 -0.567013 -0.823709 0.00078022
-19.948 86.6655 -1.04333 -0.577351 -0.816496 -0.000263513
-19.1194 86.0738 -1.05155 -0.583847 -0.811862 0.00162376
-18.2986 85.4757 -1.05757 -0.591022 -0.806654 0.00171504
-17.3952 84.8079 -1.06448 -0.597155 -0.802125 -0.00140423
-16.5295 84.1568 -1.06971 -0.599261 -0.800544 0.00389413
-16.4137 84.0703 -1.07015 -0.598142 -0.801384 0.00313053
-16.5142 84.1491 -0.00588192 -0.597301 -0.802015 0.00176291
-17.4184 84.8229 -0.00552886 -0.597931 -0.801538 -0.00375825
-18.2409 85.435 -0.00627915 -0.591794 -0.806084 0.0030069
-19.1362 86.0877 -0.00421711 -0.583778 -0.811914 8.155e-05
-19.9874 86.6938 -0.00522669 -0.572519 -0.81989 -0.00139327
-21.0143 87.4042 -0.0033911 -0.558216 -0.829659 -0.00777979
-21.8654 87.9612 -0.00453917 -0.543669 -0.8393 0.00042139
-22.756 88.517 -0.00497607 -0.513783 -0.857907 -0.00472247
-23.6568 89.0348 -0.00569242 -0.49489 -0.868924 0.00735193
-24.5521 89.5104 -0.00495272 -0.45853 -0.888679 0.00053879
-25.5716 90.0158 -0.00458177 -0.421741 -0.906716 0.000247371
-26.5608 90.461 -0.00320236 -0.389491 -0.921029 0.00132818
-27.5514 90.852 -0.00260042 -0.340114 -0.94036 0.00681124
-28.6152 91.2181 -0.00250623 -0.304383 -0.952546 -0.00261862
-29.7258 91.5444 -0.00160692 -0.271529 -0.962399 -0.00775991
-30.7137 91.8123 -0.00144809 -0.245518 -0.969382 0.00451396
-31.8709 92.0869 -4.06636e-05 -0.214564 -0.976707 -0.00259653
-32.9595 92.3072 0.00093188 -0.182918 -0.983122 -0.00335535
-34.0617 92.4915 -0.00167253 -0.154562 -0.987977 -0.00336319
-35.177 92.6522 -0.00114383 -0.130859 -0.991393 0.00406175
-36.1779 92.7702 0.00128894 -0.105059 -0.994444 0.00667127
-37.0183 92.8565 0.00134812 -0.0929846 -0.995585 0.0128497
-37.0343 92.8594 0.905764 -0.0972794 -0.995245 -0.00494727
-35.8237 92.7308 0.908178 -0.116015 -0.99324 -0.00395747
-34.7503 92.5924 0.911129 -0.137159 -0.990531 -0.00588843
-33.6491 92.4231 0.915576 -0.166011 -0.986119 -0.00306016
-32.6504 92.2452 0.918999 -0.187267 -0.982304 -0.00312845
-31.6674 92.0405 0.925116 -0.2131 -0.977029 0.0014585
-30.5613 91.7706 0.93058 -0.256407 -0.966564 0.00294478
-29.4686 91.4674 0.938604 -0.278256 -0.960506 0.00138083
-28.4022 91.1465 0.945808 -0.320883 -0.947118 -0.00147302
-27.4423 90.81 0.955165 -0.350079 -0.936705 -0.0053965
-26.3663 90.3771 0.964422 -0.395554 -0.918437 -0.00324409
-25.4129 89.9445 0.972905 -0.424734 -0.905286 0.00766179
-24.4794 89.475 0.982935 -0.459677 -0.888081 0.00309485
-23.5167 88.9611 0.994418 -0.477345 -0.878711 -0.002956
-22.4777 88.3473 1.00653 -0.523527 -0.852009 -0.000532495
-21.5084 87.7311 1.01783 -0.547492 -0.836772 -0.00810716
-20.6627 87.1606 1.02797 -0.565912 -0.824465 -0.0012988
-19.7998 86.56 1.03615 -0.574854 -0.818253 0.00195887
-18.9487 85.9545 1.0431 -0.585431 -0.810721 -0.00131947
-18.0871 85.3205 1.04911 -0.599095 -0.800677 0.00110723
-17.2509 84.6997 1.05336 -0.595804 -0.803118 0.00427384
-16.4965 84.1388 1.05694 -0.595771 -0.803152 0.00217538
-16.4975 84.1436 2.12316 -0.599547 -0.80034 -5.6942e-05
-17.3325 84.7739 2.11322 -0.603006 -0.7977 0.00764459
-18.1641 85.3884 2.10175 -0.594172 -0.804293 0.00848665
-19.0028 86.0001 2.08806 -0.583999 -0.811712 0.00832676
-19.8449 86.5967 2.07442 -0.576423 -0.81714 0.00430568
-20.7417 87.2158 2.05632 -0.563472 -0.826125 0.0041463
-21.5977 87.7839 2.03784 -0.543208 -0.839593 -0.00281216
-22.5363 88.381 2.01726 -0.523686 -0.85191 -0.00146419
-23.4216 88.9089 1.9957 -0.492971 -0.870013 0.00746994
-24.3444 89.4066 1.9747 -0.461306 -0.88724 0.00132635
-25.2672 89.8741 1.95314 -0.437313 -0.899262 -0.00926809
-26.2887 90.3415 1.93317 -0.399969 -0.916517 -0.00471768
-27.2792 90.7453 1.91451 -0.355008 -0.934857 -0.00339865
-28.2235 91.0889 1.8981 -0.312104 -0.950022 0.00698647
-29.2459 91.4075 1.87917 -0.279204 -0.96022 0.0048663
-30.396 91.7261 1.86275 -0.247971 -0.968712 0.0103243
-31.3681 91.9643 1.85233 -0.216209 -0.97631 -0.00852173
-32.454 92.1998 1.84172 -0.204148 -0.978889 -0.0100002
-33.5926 92.4078 1.8308 -0.165734 -0.986168 -0.0021248
-34.5856 92.5599 1.82315 -0.142317 -0.989722 -0.0139972
-35.6522 92.7071 1.81605 -0.12184 -0.992549 -0.000722332
-36.6645 92.8172 1.81163 -0.0950293 -0.995455 -0.00622949
-37.0256 92.8505 1.81048 -0.0901015 -0.995924 -0.00421374
-36.8765 92.8362 2.7135 -0.088965 -0.996034 0.000869836
-35.759 92.7174 2.72244 -0.118505 -0.992926 0.00736755
-34.6576 92.5659 2.73006 -0.145955 -0.989278 0.00511404
-33.5869 92.4019 2.74267 -0.16049 -0.987034 -0.00245563
-32.4876 92.2017 2.75837 -0.200751 -0.979637 -0.00307586
-31.4006 91.9671 2.7752 -0.21725 -0.976115 0.00159889
-30.3189 91.7111 2.79488 -0.248104 -0.968731 -0.00207248
-29.3461 91.4449 2.81802 -0.278928 -0.960209 0.0140884
-28.3041 91.1178 2.84511 -0.31639 -0.948626 -0.00227081
-27.3287 90.7677 2.86986 -0.357785 -0.933794 -0.00434216
-26.2692 90.3287 2.90247 -0.393948 -0.919128 -0.00308981
-25.2685 89.877 2.92931 -0.438003 -0.898966 -0.00374465
-24.3562 89.4153 2.96295 -0.459185 -0.888325 0.00522896
-23.4733 88.9392 2.99543 -0.491118 -0.871093 0.000955045
-22.5554 88.3928 3.02959 -0.530846 -0.847465 -0.00225372
-21.6622 87.8256 3.05936 -0.540472 -0.841361 0.00137811
-20.8162 87.2706 3.08513 -0.556329 -0.830947 0.00500766
-19.8428 86.6026 3.11194 -0.572396 -0.819962 0.00501271
-19.0107 86.0132 3.13509 -0.5858 -0.810448 0.00361408
-18.0376 85.303 3.15798 -0.594727 -0.803918 0.00402484
-17.0823 84.5894 3.17791 -0.600007 -0.799984 0.00428068
-16.4267 84.0986 3.18547 -0.599541 -0.800319 0.00633565
-16.4 84.0828 4.25489 -0.602312 -0.79826 0.000387309
-17.214 84.6942 4.23703 -0.60168 -0.798709 0.00675801
-18.1174 85.3691 4.21281 -0.594564 -0.804031 0.00532442
-19.0746 86.0651 4.18363 -0.583607 -0.812024 0.00447046
-19.9774 86.7044 4.15453 -0.567584 -0.823299 0.00518405
-20.8654 87.3073 4.11776 -0.554936 -0.831874 0.00561983
-21.7963 87.9189 4.07899 -0.537722 -0.843122 -0.000168276
-22.6925 88.4789 4.03715 -0.521165 -0.85345 0.00328445
-23.608 89.0113 3.98874 -0.48288 -0.875676 0.00420826
-24.5609 89.5215 3.94299 -0.460888 -0.887453 0.0029328
-25.5058 89.988 3.89752 -0.416427 -0.909053 0.0144996
-26.444 90.4016 3.86318 -0.39457 -0.91886 0.00318194
-27.4035 90.7951 3.82194 -0.3649 -0.931017 -0.00746762
-28.4122 91.156 3.78829 -0.319409 -0.947614 0.00235221
-29.37 91.4523 3.75679 -0.284796 -0.958571 -0.00576664
-30.4373 91.7467 3.71958 -0.232407 -0.972591 0.00740614
-31.5291 91.9989 3.69467 -0.211869 -0.977289 0.00424948
-32.5791 92.2187 3.67324 -0.19472 -0.980859 -0.000276294
-33.6368 92.4115 3.65368 -0.162627 -0.986687 -0.00140893
-34.702 92.5775 3.63727 -0.144737 -0.989463 0.00365801
-35.7994 92.7203 3.62364 -0.120352 -0.992722 -0.00424597
-36.8061 92.8287 3.61639 -0.101772 -0.994803 -0.00291642
-36.9047 92.8388 3.61587 -0.101794 -0.994801 -0.00291886
-36.9364 92.8375 4.51458 -0.0970632 -0.995177 -0.0141605
-35.8507 92.7226 4.52517 -0.108295 -0.994114 -0.00309796
-34.8151 92.597 4.54033 -0.137782 -0.990458 -0.00313465
-33.7949 92.4366 4.55823 -0.170682 -0.985325 0.00151087
-32.6762 92.2339 4.58507 -0.194309 -0.980927 -0.00519029
-31.6338 92.0214 4.61188 -0.204897 -0.978773 -0.00446231
-30.5924 91.7847 4.64405 -0.234425 -0.972133 0.00156974
-29.588 91.5148 4.68451 -0.279965 -0.959983 -0.00720257
-28.5716 91.2011 4.72334 -0.307431 -0.951529 -0.00883835
-27.627 90.8728 4.76318 -0.347234 -0.937754 -0.00676646
-26.6833 90.5046 4.81137 -0.385814 -0.922569 -0.0037713
-25.7629 90.1125 4.85948 -0.418048 -0.908424 -0.000949147
-24.7373 89.6108 4.9238 -0.461843 -0.886962 5.2093e-05
-23.7805 89.1064 4.97682 -0.476316 -0.879264 -0.00419545
-22.8268 88.5563 5.04466 -0.517257 -0.855814 -0.00530929
-21.9019 87.9879 5.1005 -0.532222 -0.846578 -0.00670722
-20.9365 87.3598 5.14919 -0.555772 -0.831322 0.00467688
-20.1083 86.8002 5.19872 -0.566846 -0.823818 0.00311365
-19.2806 86.218 5.23267 -0.580262 -0.814405 0.00645471
-18.453 85.6221 5.26692 -0.587573 -0.809167 0.0027125
-17.6106 84.9999 5.29445 -0.597208 -0.80207 0.00506297
-16.734 84.3404 5.3161 -0.599885 -0.8 0.0117475
-16.4433 84.1259 5.32286 -0.593061 -0.80507 0.0119096
-29.0463 91.3474 5.63643 -0.29201 -0.956413 -0.00183824
-30.1262 91.66 5.58608 -0.266511 -0.963809 -0.00661943
-31.187 91.9202 5.54297 -0.212185 -0.977228 -0.00186857
-32.2399 92.1421 5.50883 -0.198917 -0.980004 -0.00488754
-33.3993 92.3697 5.47467 -0.184365 -0.982858 -0.000608351
-34.4294 92.5434 5.45028 -0.152024 -0.98837 -0.00373742
-35.4308 92.6722 5.43319 -0.116749 -0.993159 -0.00210428
-36.4473 92.7833 5.41722 -0.1046 -0.994511 -0.00241198
-36.8015 92.8189 5.41353 -0.0957002 -0.995375 -0.00840682
-36.8687 92.8254 5.41298 -0.095718 -0.995373 -0.00840433
