1.64876 83.9381 5.48493 0.663625 -0.747956 0.00918136
1.6704 83.928 4.4633 0.675647 -0.736997 0.0116805
1.68812 83.9323 3.42438 0.688495 -0.725186 0.00881627
1.70736 83.9464 2.33728 0.67603 -0.736813 0.00878562
1.69246 83.9381 1.33685 0.672769 -0.739844 -0.00353698
1.66855 83.9202 0.247696 0.66411 -0.747591 0.00706162
1.69201 83.9338 -0.861429 0.682298 -0.731061 0.000510677
1.68968 83.9288 -1.86776 0.675826 -0.737054 0.00326732
1.68885 83.9211 -2.89964 0.679462 -0.7337 0.0041141
1.68741 83.9144 -3.90214 0.676914 -0.735979 0.00742599
1.6856 83.9108 -4.95428 0.65919 -0.751957 -0.00420409
1.84318 84.0556 -5.89821 0.667929 -0.744225 0.000208724
2.66272 84.8311 -5.94838 0.70057 -0.713562 -0.00558518
3.42379 85.5911 -5.92706 0.709112 -0.705088 -0.00332202
4.1692 86.3437 -5.92445 0.708966 -0.705241 -0.00166094
4.93513 87.1159 -5.9722 0.709788 -0.704412 0.00230755
5.65233 87.8418 -5.93417 0.713262 -0.700894 0.00209137
6.42578 88.6374 -5.941 0.720664 -0.693248 0.00701159
7.12819 89.377 -5.91078 0.725865 -0.687716 0.0129099
7.82181 90.115 -5.92652 0.73152 -0.681622 0.0164477
8.23097 90.5728 -5.36939 0.739882 -0.672632 0.0118561
8.22467 90.5744 -4.36362 0.739336 -0.673288 0.00701471
8.22614 90.5928 -3.32366 0.743372 -0.668789 0.0106472
8.21147 90.5871 -2.17971 0.743992 -0.668185 -0.00223934
8.21809 90.5854 -1.07774 0.744277 -0.667846 -0.00570567
8.2223 90.5916 -0.0725089 0.742708 -0.669575 0.00731374
8.19682 90.5716 1.03342 0.745221 -0.666815 -0.0019595
8.20826 90.5799 2.105 0.747056 -0.66472 -0.00741127
8.21853 90.5819 3.10639 0.746066 -0.665836 -0.0068267
8.22636 90.5794 4.23561 0.74388 -0.668291 -0.00540511
8.24055 90.5811 5.24662 0.746797 -0.664982 -0.00955275
7.90989 90.2089 5.91022 0.739859 -0.672723 -0.00722876
7.11239 89.3403 5.94999 0.734493 -0.678601 -0.0045049
6.27817 88.451 5.95442 0.719143 -0.694858 -0.000330882
5.56309 87.7195 5.94376 0.709765 -0.704431 -0.00333614
4.78581 86.942 5.94169 0.703504 -0.710691 -0.000911723
4.06313 86.2287 5.95597 0.70265 -0.711527 0.00348459
3.22986 85.4094 5.91372 0.696859 -0.7172 0.00130662
2.50638 84.7189 5.94535 0.687138 -0.726473 0.00889446
1.73821 84.0172 5.88052 0.664112 -0.74762 -0.00355422
1.65504 83.9437 5.54888 0.66384 -0.747874 -0.000364082
0.870145 83.2482 5.54536 0.654054 -0.756328 0.0131238
0.882036 83.243 4.51086 0.635257 -0.77222 0.00769034
0.874154 83.224 3.50899 0.629433 -0.77691 0.01019
0.91497 83.2504 2.3927 0.647719 -0.761871 -0.00214034
0.909533 83.2562 1.37778 0.655245 -0.755365 -0.00767921
0.89481 83.2418 0.327756 0.656436 -0.754335 0.00832669
0.911772 83.2411 -0.858598 0.652047 -0.758167 0.00427002
0.900652 83.2288 -1.92515 0.643609 -0.765345 -0.00376187
0.911663 83.2297 -3.00043 0.649641 -0.76014 -0.00110392
0.909099 83.2351 -4.07744 0.653361 -0.757029 -0.0051693
0.893699 83.2353 -5.10181 0.644576 -0.764376 -0.0158523
0.888051 83.2413 -6.11478 0.636468 -0.771303 5.94019e-06
1.23412 83.5328 -6.98252 0.643974 -0.765047 -4.08943e-05
2.17336 84.3691 -6.9985 0.681311 -0.731709 -0.0204261
2.91861 85.0916 -6.98993 0.700395 -0.713733 -0.00567316
3.70855 85.8847 -6.96729 0.710516 -0.703662 -0.00513912
4.43338 86.6113 -6.99393 0.70726 -0.706951 -0.00184436
5.18425 87.3645 -6.99988 0.71071 -0.703481 -0.000666112
5.89423 88.0837 -6.97756 0.712274 -0.701899 0.00135034
6.61448 88.8189 -6.99627 0.719949 -0.693968 0.00718143
7.46849 89.7178 -6.98921 0.72761 -0.685908 0.010536
8.24563 90.5512 -7.00131 0.738045 -0.67458 0.0149957
8.9234 91.3144 -6.82964 0.750118 -0.661225 0.0102088
8.926 91.3351 -5.82077 0.739988 -0.672498 0.0116104
8.92884 91.3461 -4.78604 0.743899 -0.66829 0.00149954
8.92015 91.3527 -3.66398 0.739514 -0.672994 0.0140712
8.91436 91.3656 -2.60332 0.742003 -0.670363 0.00619742
8.91106 91.3588 -1.46038 0.74319 -0.669032 -0.00796178
8.91825 91.3573 -0.453544 0.73984 -0.67278 -0.00180716
8.91436 91.3629 0.567974 0.739843 -0.672701 0.010272
8.90749 91.3609 1.72013 0.739932 -0.672675 -0.00238268
8.91295 91.3608 2.74844 0.743808 -0.668362 -0.00654986
8.91456 91.3497 3.90468 0.744199 -0.667934 -0.00574281
8.92742 91.357 4.92543 0.746933 -0.664866 -0.00660458
8.93336 91.3541 5.98175 0.747229 -0.664548 -0.00498198
8.82434 91.2271 6.97851 0.745706 -0.666255 -0.00511012
8.08631 90.4025 7.00225 0.739713 -0.672913 -0.00356952
7.35633 89.6032 6.99035 0.735785 -0.677206 0.00359025
6.55309 88.7408 6.98696 0.727043 -0.686581 0.00399529
5.82132 87.9782 7.00059 0.714612 -0.699509 -8.98083e-05
5.11512 87.2672 7.00104 0.705215 -0.708991 0.00189748
4.35775 86.5234 7.00114 0.700165 -0.713979 0.00158423
3.48225 85.6566 6.96873 0.704413 -0.709788 0.00151661
2.72538 84.9338 6.99542 0.683482 -0.729916 0.00825409
1.90077 84.1619 7.01441 0.681087 -0.732161 0.000249709
1.09676 83.4453 6.98226 0.650646 -0.759314 0.00502804
0.859291 83.2446 6.0976 0.651513 -0.758632 0.000512057
0.869674 83.2481 5.57208 0.655285 -0.755305 0.0107232
2.10647 84.3383 4.55978 0.681043 -0.732226 0.00517275
2.87996 85.069 4.57216 0.696198 -0.717828 0.00567177
3.65154 85.8218 4.59029 0.701455 -0.712714 -0.000519105
4.40707 86.5661 4.6145 0.702724 -0.711461 -0.00159404
5.19282 87.3484 4.63642 0.707349 -0.706864 -4.9491e-05
5.91896 88.0838 4.6594 0.715184 -0.698916 -0.00532738
6.63936 88.8416 4.68357 0.732173 -0.681105 -0.00429647
7.37486 89.638 4.70339 0.736014 -0.676926 -0.00732866
7.83962 90.1456 4.71332 0.738712 -0.673917 -0.0118531
7.82866 90.143 3.76669 0.741148 -0.67133 -0.00387348
7.15348 89.4033 3.75347 0.737445 -0.675398 -0.00346874
6.3344 88.5234 3.73607 0.726415 -0.687253 -0.00186704
5.61425 87.7737 3.71837 0.716746 -0.69732 -0.00443108
4.84207 86.9987 3.70148 0.704019 -0.710178 -0.00216279
4.11944 86.2847 3.68568 0.703794 -0.710401 -0.00206156
3.29665 85.4718 3.66839 0.700341 -0.713805 0.00239543
2.44467 84.6514 3.65733 0.687298 -0.726369 0.00301478
2.09984 84.3257 3.65427 0.687859 -0.725825 0.00521753
2.15185 84.3659 2.74338 0.691807 -0.722004 0.0106118
2.90334 85.0872 2.74976 0.693949 -0.720024 0.000790272
3.62947 85.7972 2.758 0.703164 -0.711026 0.00143886
4.34371 86.5059 2.76755 0.70367 -0.710523 0.00230243
5.23102 87.3891 2.78169 0.710114 -0.704087 0.000315477
5.96471 88.1395 2.79328 0.720275 -0.693687 -0.00142888
6.66142 88.8786 2.80411 0.731946 -0.681354 -0.00348912
7.34753 89.6183 2.81416 0.736622 -0.676303 -0.00174736
7.86566 90.1888 2.81932 0.743306 -0.668933 -0.00491058
7.69729 90.0072 1.87483 0.74297 -0.669313 -0.00394039
6.95114 89.192 1.86903 0.731886 -0.681427 -0.000177631
6.2666 88.4591 1.86235 0.725754 -0.687955 -6.51307e-05
5.54716 87.7144 1.85622 0.713762 -0.700384 -0.00220151
4.81556 86.9738 1.84914 0.708409 -0.705801 0.000857246
4.08626 86.2481 1.84265 0.70372 -0.710477 8.59595e-05
3.36537 85.5359 1.83727 0.702725 -0.711461 -0.000913038
2.63723 84.8274 1.8333 0.695179 -0.718837 0.000178338
2.09879 84.3049 1.83093 0.689273 -0.724501 -0.000487107
2.0889 84.3029 0.916586 0.678484 -0.734597 0.00505854
2.84101 85.0247 0.916863 0.697479 -0.716597 -0.00327325
3.62482 85.7938 0.919195 0.701899 -0.712275 -0.00139962
4.35231 86.5128 0.921512 0.705262 -0.708946 -0.00114558
5.16546 87.3286 0.924474 0.712708 -0.701459 -0.00173979
5.9059 88.0849 0.927156 0.722493 -0.691378 -0.000745305
6.61873 88.8354 0.930854 0.732377 -0.680899 -0.000819503
7.33352 89.6081 0.93257 0.735972 -0.677006 0.00296991
7.83696 90.1686 0.933616 0.745653 -0.666335 0.000376121
7.78829 90.1092 -0.00910976 0.744048 -0.668116 0.00384016
7.0711 89.3258 -0.00646391 0.733104 -0.68011 -0.00298289
6.32501 88.525 -0.00457203 0.729303 -0.684189 -0.00181106
5.55065 87.7231 -0.00402259 0.715305 -0.698809 -0.00240576
4.83998 87.0026 -0.00312715 0.710184 -0.704014 -0.0016318
4.10267 86.2675 -0.00218653 0.703286 -0.710907 -0.000929366
3.38502 85.5601 -0.00124383 0.700999 -0.713162 -0.000768364
2.64876 84.8401 0.000423309 0.69789 -0.716205 -0.000603112
2.12028 84.333 0.00200695 0.687847 -0.725855 -0.000530962
2.06469 84.282 -0.914667 0.687482 -0.726199 0.00210305
2.80799 84.9938 -0.917485 0.698053 -0.716035 0.00410966
3.64028 85.8092 -0.921992 0.702673 -0.711498 0.00459261
4.41764 86.5814 -0.927193 0.706668 -0.707546 -0.000223815
5.133 87.2996 -0.931244 0.711625 -0.702558 -0.00112285
5.9042 88.0865 -0.936342 0.719422 -0.694567 0.00279868
6.60072 88.8236 -0.939495 0.73326 -0.679906 -0.00756227
7.31252 89.5915 -0.943587 0.735781 -0.677201 -0.0049864
7.82286 90.1478 -0.947214 0.738221 -0.674552 -0.00319585
7.8324 90.1651 -1.88614 0.741545 -0.67089 -0.00410925
7.14825 89.4204 -1.88118 0.732907 -0.680316 -0.00421446
6.45543 88.6729 -1.87404 0.732075 -0.681222 -0.00129652
5.69841 87.876 -1.86551 0.719043 -0.694965 0.000305748
4.93974 87.1054 -1.85749 0.710435 -0.703762 0.000611469
4.19797 86.36 -1.84894 0.707514 -0.706694 0.00268831
3.39755 85.5638 -1.84101 0.7008 -0.713326 0.00666774
2.63358 84.8208 -1.83315 0.692719 -0.721208 2.71168e-05
2.13546 84.345 -1.8289 0.686132 -0.727458 0.00528636
2.08799 84.2957 -2.74389 0.685803 -0.727736 0.00863063
2.87552 85.052 -2.75341 0.696261 -0.717788 0.00056855
3.64667 85.8049 -2.76395 0.70189 -0.712279 0.00308204
4.42024 86.579 -2.7755 0.709741 -0.704455 0.0032727
5.20166 87.369 -2.78895 0.712647 -0.701522 -0.000165865
5.94843 88.1342 -2.80047 0.721139 -0.692788 -0.0015977
6.66469 88.8978 -2.81385 0.731376 -0.681964 0.0036741
7.42027 89.7117 -2.82548 0.736705 -0.676198 0.00467129
7.84651 90.1791 -2.83033 0.74139 -0.671073 0.00105069
7.85501 90.1775 -3.77519 0.738691 -0.674002 0.0075252
7.16638 89.4315 -3.76171 0.732373 -0.680892 0.0038576
6.43392 88.6494 -3.74444 0.728522 -0.685022 -0.000610999
5.66354 87.8423 -3.72654 0.71714 -0.696919 -0.00365055
4.91067 87.0747 -3.71089 0.712271 -0.701902 -0.00204977
4.15152 86.3078 -3.69426 0.708879 -0.70533 -0.000699854
3.35982 85.5221 -3.67803 0.701566 -0.712604 0.000668463
2.62027 84.7987 -3.66467 0.696865 -0.717167 0.00713817
2.09102 84.29 -3.65653 0.691277 -0.722547 0.00793441
2.12601 84.3097 -4.56711 0.685848 -0.727722 -0.00579567
2.85471 85.021 -4.58126 0.702194 -0.711961 0.00586329
3.57624 85.7374 -4.60046 0.706595 -0.70761 -0.00324533
4.32469 86.4877 -4.62089 0.710907 -0.703252 -0.00700355
5.06213 87.2341 -4.64102 0.712379 -0.70174 -0.00880756
5.8144 88.0034 -4.66078 0.718103 -0.695907 -0.00651308
6.58998 88.8172 -4.68596 0.727768 -0.685822 -0.00157469
7.30627 89.5779 -4.70629 0.729651 -0.683815 0.0024192
7.68593 89.9858 -4.71512 0.735684 -0.677321 0.00245346
7.74209 90.0468 -4.71645 0.735683 -0.677321 0.00245308
