-39.4009 104.419 5.01514 -0.0104499 -0.999942 -0.00252077
-39.3588 104.419 3.9699 -0.0103778 -0.999946 8.58196e-06
-39.3679 104.421 2.91012 -0.0119448 -0.999927 -0.00159999
-39.3694 104.42 1.88143 -0.0101527 -0.999948 0.000343168
-39.3679 104.421 0.72808 -0.00806706 -0.99996 -0.00365354
-39.3683 104.425 -0.342214 -0.0081532 -0.999953 -0.00515949
-39.3521 104.429 -1.46588 -0.0121242 -0.999923 -0.00281908
-39.3406 104.431 -2.51784 -0.00969813 -0.999947 -0.00352303
-39.3426 104.432 -3.6065 -0.0177605 -0.999842 -0.000358218
-39.3566 104.433 -4.69251 -0.0121141 -0.999922 -0.000251278
-39.292 104.431 -5.82193 -0.0147213 -0.999887 0.00290307
-38.3579 104.415 -6.07117 -0.020441 -0.999788 0.00191954
-37.3572 104.385 -6.05463 -0.0325813 -0.999467 0.00183754
-36.2865 104.344 -6.08827 -0.043752 -0.999042 0.000228623
-35.2602 104.297 -6.12584 -0.0469467 -0.998897 -0.00131103
-34.1791 104.244 -6.11057 -0.0512736 -0.998684 -0.000967501
-33.1158 104.184 -6.12947 -0.0605266 -0.998164 0.000953862
-32.0645 104.116 -6.08925 -0.0687006 -0.997622 0.00509128
-30.9323 104.023 -6.08784 -0.0901921 -0.995919 0.00318487
-29.915 103.923 -6.08819 -0.101087 -0.994876 -0.000931962
-29.0621 103.826 -5.7206 -0.127426 -0.991847 -0.00164169
-29.0551 103.821 -4.69746 -0.117962 -0.993014 0.00279176
-29.0153 103.821 -3.6694 -0.122478 -0.992405 0.00962829
-29.0347 103.827 -2.51757 -0.122631 -0.992364 -0.00504117
-29.051 103.818 -1.48193 -0.119899 -0.992748 -0.00851131
-29.0847 103.816 -0.434293 -0.121122 -0.992636 0.000443911
-29.0356 103.815 0.597524 -0.121167 -0.992601 0.00783365
-29.0375 103.817 1.70342 -0.129008 -0.991633 -0.00454645
-29.0651 103.819 2.93234 -0.125959 -0.992029 0.00359052
-29.0739 103.819 4.11366 -0.121881 -0.992544 -0.00112067
-29.0781 103.816 5.12215 -0.117149 -0.993107 -0.00381291
-29.2709 103.841 6.08231 -0.1132 -0.99355 0.00662902
-30.2836 103.953 6.12097 -0.108974 -0.994045 -0.000276829
-31.3758 104.058 6.12142 -0.0848173 -0.996352 -0.00918836
-32.4003 104.133 6.10499 -0.067956 -0.997686 -0.00162488
-33.4602 104.199 6.11657 -0.0588101 -0.998269 -0.00100475
-34.475 104.256 6.12085 -0.0503012 -0.998728 -0.00351542
-35.6163 104.308 6.09321 -0.0416972 -0.999129 -0.00165127
-36.7167 104.351 6.08773 -0.0346549 -0.99939 -0.0025296
-37.7318 104.381 6.10079 -0.0272974 -0.999617 -0.00455132
-38.899 104.407 6.09269 -0.0210977 -0.999771 -0.00368562
-39.3855 104.419 5.35799 -0.0165344 -0.999861 -0.000820169
-39.3981 104.419 5.18746 -0.012182 -0.999922 -0.000365713
-40.3441 104.427 5.22743 -0.00173773 -0.999998 -0.000164452
-40.3173 104.425 6.22672 -0.0031811 -0.999989 -0.00258171
-39.8953 104.421 7.04522 -0.00850767 -0.99995 -0.00428294
-38.8451 104.404 7.05426 -0.0219548 -0.999759 -0.000789362
-37.7951 104.38 7.04949 -0.0237864 -0.999716 -0.00142675
-36.7621 104.349 7.03249 -0.0361371 -0.999339 -0.00395296
-35.7206 104.309 7.02778 -0.0403307 -0.999181 -0.00336748
-34.6371 104.262 7.05293 -0.0465475 -0.99891 -0.00187073
-33.5903 104.208 7.05548 -0.0557172 -0.998444 0.00228784
-32.3905 104.132 7.04724 -0.0718183 -0.997411 -0.0035593
-31.3584 104.054 7.05432 -0.077319 -0.997003 -0.00240716
-30.3053 103.959 7.06419 -0.0999987 -0.994979 -0.00339708
-29.2648 103.852 7.06874 -0.109329 -0.99394 0.0114334
-28.1927 103.706 6.92038 -0.164504 -0.986322 0.00626405
-28.1141 103.694 5.85755 -0.138492 -0.990322 -0.00217766
-28.1009 103.692 4.80541 -0.143614 -0.989621 -0.00508355
-28.1093 103.692 3.76871 -0.157071 -0.987583 -0.00298068
-28.1168 103.691 2.65812 -0.139988 -0.99015 0.00136234
-28.1079 103.691 1.5937 -0.140936 -0.990015 -0.00256315
-28.1204 103.695 0.550026 -0.140638 -0.990052 0.00424918
-28.1224 103.692 -0.530302 -0.139811 -0.990164 0.0053602
-28.1017 103.689 -1.71743 -0.154864 -0.987936 0.00037537
-28.1051 103.692 -2.77992 -0.149242 -0.988757 -0.00928691
-28.0938 103.692 -3.89996 -0.15337 -0.988113 0.00188003
-28.1167 103.695 -5.0013 -0.149694 -0.988638 0.0117324
-28.1091 103.693 -6.09977 -0.157481 -0.987484 -0.0086779
-28.3432 103.734 -7.01935 -0.141804 -0.989882 -0.00497276
-29.4071 103.869 -7.07071 -0.114537 -0.993396 -0.00266894
-30.5131 103.981 -7.02606 -0.0950951 -0.995465 0.00243724
-31.5677 104.075 -7.04104 -0.0824528 -0.996569 0.00636344
-32.6296 104.153 -7.04879 -0.0632514 -0.997997 -0.000183347
-33.7603 104.223 -7.04713 -0.0581224 -0.998308 0.000216156
-34.7826 104.277 -7.05483 -0.0470995 -0.998886 -0.00230116
-35.965 104.331 -7.04717 -0.0457378 -0.998953 -0.00080052
-37.067 104.374 -7.03291 -0.0327194 -0.999461 0.00275744
-38.1609 104.409 -7.04556 -0.0289944 -0.999579 0.000806941
-39.1604 104.428 -7.04266 -0.012379 -0.999922 0.00161174
-40.1715 104.437 -6.97987 -0.00716432 -0.999974 0.000836162
-40.2961 104.439 -5.89768 -0.00130581 -0.999995 0.00129075
-40.3186 104.44 -4.84776 -5.56146e-05 -0.999998 0.00198999
-40.3092 104.439 -3.77129 -0.00243234 -0.999991 -0.00343966
-40.3188 104.438 -2.74902 -0.00145122 -0.999994 -0.00322713
-40.3145 104.434 -1.69781 -0.0024387 -0.999995 -0.00215827
-40.3267 104.431 -0.694704 0.000609749 -0.999994 -0.00346338
-40.3345 104.428 0.367398 -0.00369199 -0.999992 -0.00170294
-40.3276 104.426 1.42914 -0.00533145 -0.999986 -0.000443804
-40.3435 104.427 2.43441 -0.00199659 -0.999997 0.00164751
-40.3308 104.427 3.59911 -0.00503646 -0.999987 -0.000334932
-40.3408 104.427 4.71863 -0.000389255 -1 -0.000739269
-40.3467 104.427 5.005 -0.00173772 -0.999998 -0.000164439
-38.8848 104.412 4.48688 -0.0156006 -0.999876 -0.00218953
-37.8081 104.388 4.48758 -0.0270052 -0.999626 -0.00442371
-36.7119 104.354 4.48845 -0.0345912 -0.999401 -0.00138434
-35.635 104.314 4.4898 -0.0407934 -0.999157 -0.00469316
-34.5621 104.264 4.49128 -0.0510062 -0.99869 -0.00413512
-33.5288 104.206 4.49283 -0.0599585 -0.998197 -0.00279069
-32.4616 104.14 4.49457 -0.06299 -0.998013 -0.0013257
-31.2757 104.048 4.49645 -0.0882852 -0.996076 0.00620407
-30.1693 103.943 4.49815 -0.0996696 -0.995014 -0.00352459
-29.6006 103.882 4.49891 -0.119164 -0.992843 -0.00797227
-29.6036 103.884 3.59852 -0.114082 -0.993468 -0.00264186
-30.7957 104.002 3.5975 -0.0935377 -0.995614 0.00185042
-31.9664 104.105 3.59628 -0.0744054 -0.997228 -0.000677425
-32.9833 104.176 3.59513 -0.0620244 -0.998069 -0.00320515
-34.0527 104.241 3.59365 -0.0564189 -0.998395 -0.00483494
-35.1477 104.295 3.59245 -0.045302 -0.998973 -0.00123058
-36.2091 104.338 3.59143 -0.0379653 -0.999279 -0.000777467
-37.3796 104.379 3.59063 -0.0297468 -0.999555 -0.00228983
-38.3891 104.405 3.59004 -0.021088 -0.999778 -0.000196313
-38.8387 104.413 3.58981 -0.0141711 -0.999899 -0.00130013
-38.7152 104.411 2.69257 -0.016605 -0.999862 0.000203525
-37.7104 104.39 2.69293 -0.0257662 -0.999668 -0.000423476
-36.7038 104.358 2.69337 -0.0366288 -0.999323 -0.00339279
-35.546 104.313 2.69409 -0.0402488 -0.999186 -0.00260402
-34.5135 104.268 2.69487 -0.0482694 -0.998831 -0.00274512
-33.4964 104.21 2.69583 -0.0613165 -0.998116 -0.0022692
-32.4933 104.145 2.69672 -0.0672308 -0.997735 -0.00200133
-31.4232 104.06 2.69758 -0.0888353 -0.996043 -0.00262598
-30.3506 103.961 2.69835 -0.0944402 -0.995527 -0.00281404
-29.5902 103.882 2.69877 -0.114297 -0.993444 -0.00246392
-29.5663 103.882 1.79905 -0.115847 -0.993266 0.00133371
-30.5907 103.988 1.79868 -0.0988754 -0.995084 -0.0056612
-31.6372 104.083 1.79826 -0.0795252 -0.996802 -0.00784945
-32.722 104.163 1.79764 -0.0669155 -0.997745 -0.00515241
-33.8131 104.232 1.79692 -0.0561968 -0.998419 -0.00148236
-34.9343 104.29 1.79638 -0.044688 -0.998995 -0.00337343
-36.0768 104.337 1.79596 -0.0405272 -0.999173 -0.00329727
-37.0766 104.373 1.7955 -0.0318139 -0.999494 -0.000486199
-38.1168 104.402 1.79518 -0.0205009 -0.99979 0.000705717
-38.722 104.412 1.79514 -0.0146089 -0.999893 0.000461952
-38.8216 104.414 0.897507 -0.0130027 -0.999915 -0.000121784
-37.7871 104.395 0.897663 -0.0256687 -0.99967 0.000629089
-36.6514 104.361 0.89782 -0.0355837 -0.999365 -0.00189773
-35.6436 104.323 0.897988 -0.0428047 -0.999083 -0.00127133
-34.5472 104.272 0.898293 -0.0508288 -0.998706 -0.00152997
-33.4294 104.213 0.898594 -0.0571117 -0.998355 -0.00514983
-32.3722 104.142 0.898928 -0.070716 -0.997488 -0.00419678
-31.3687 104.066 0.899178 -0.0825942 -0.996543 -0.0089354
-30.2956 103.961 0.899349 -0.10582 -0.994385 0.000734746
-29.6434 103.888 0.899476 -0.114371 -0.99343 0.00397917
-29.571 103.876 -7.17754e-05 -0.118929 -0.992903 -0.000599334
-30.743 104.009 9.12003e-05 -0.103505 -0.994626 -0.00259571
-31.8443 104.107 1.05305e-05 -0.0718518 -0.997408 -0.00384798
-32.8531 104.178 -2.38832e-05 -0.0650226 -0.997884 0.000444481
-33.9834 104.245 -2.47692e-09 -0.0511477 -0.998691 0.000378817
-35.033 104.296 2.07272e-05 -0.0461651 -0.998934 0.00027751
-36.1263 104.342 -3.20013e-05 -0.0365725 -0.999331 0.000616674
-37.1915 104.378 -5.76317e-05 -0.0298978 -0.999552 0.0012196
-38.361 104.408 -9.32374e-06 -0.0214508 -0.999766 -0.00274063
-38.8264 104.417 -5.89491e-05 -0.0139049 -0.999902 -0.00170578
-38.6582 104.417 -0.897535 -0.019629 -0.999795 -0.0048711
-37.6334 104.391 -0.897676 -0.0292903 -0.999571 -0.000231721
-36.6027 104.36 -0.897817 -0.0352324 -0.999379 -3.85064e-05
-35.5226 104.317 -0.898031 -0.0433878 -0.999058 0.000198469
-34.4637 104.27 -0.898317 -0.0460648 -0.998938 -0.000222328
-33.4607 104.216 -0.898605 -0.0552804 -0.998467 0.00287293
-32.3678 104.146 -0.898995 -0.0708894 -0.997484 0.000981476
-31.1878 104.053 -0.899278 -0.0852482 -0.996357 0.00241188
-30.1578 103.946 -0.899493 -0.119337 -0.992854 -0.000643168
-29.6615 103.887 -0.89945 -0.118299 -0.992975 -0.00242653
-29.587 103.884 -1.79928 -0.116356 -0.993174 -0.00814397
-30.6221 103.998 -1.79897 -0.0980168 -0.995185 1.39223e-05
-31.6229 104.087 -1.7984 -0.08215 -0.996612 0.0039495
-32.6242 104.161 -1.79779 -0.0664226 -0.997789 0.0023097
-33.757 104.228 -1.79713 -0.0554291 -0.998456 0.00374799
-34.885 104.288 -1.79633 -0.0474574 -0.998867 0.00346558
-35.9584 104.335 -1.79583 -0.0400503 -0.999193 0.00313629
-36.9906 104.371 -1.79539 -0.0312663 -0.99951 0.00172569
-38.0007 104.402 -1.7951 -0.0282368 -0.999601 -0.000489434
-38.739 104.419 -1.79497 -0.0181428 -0.999835 0.000557593
-38.8084 104.422 -2.69233 -0.0211024 -0.999775 0.00198272
-37.6557 104.391 -2.69276 -0.030479 -0.999535 -0.000324981
-36.5512 104.355 -2.69338 -0.0348382 -0.999393 0.000933822
-35.5179 104.315 -2.69411 -0.0437681 -0.999041 0.00115892
-34.4748 104.265 -2.69503 -0.0519766 -0.998647 0.00170502
-33.4634 104.21 -2.69608 -0.0556318 -0.998449 -0.00199632
-32.444 104.146 -2.69695 -0.0749108 -0.997182 0.00417101
-31.3576 104.062 -2.69793 -0.0763252 -0.997078 0.00301832
-30.2009 103.958 -2.69877 -0.100074 -0.99498 -0.00067735
-29.678 103.903 -2.6991 -0.106375 -0.994209 -0.0152437
-29.5586 103.885 -3.59928 -0.115876 -0.993217 0.00958889
-30.6095 104 -3.59823 -0.0963431 -0.995348 0.00091235
-31.6525 104.085 -3.59691 -0.0751685 -0.997171 -0.000196201
-32.7829 104.169 -3.59543 -0.0746755 -0.997208 -0.000189319
-33.9223 104.236 -3.59406 -0.05391 -0.998546 0.000206358
-34.9817 104.289 -3.59277 -0.0493952 -0.998779 -5.32243e-05
-36.0035 104.334 -3.59166 -0.0421793 -0.999108 0.00203157
-37.1327 104.376 -3.59063 -0.0329907 -0.999455 -0.00149524
-38.1391 104.406 -3.58985 -0.0284552 -0.99959 -0.00319708
-38.826 104.423 -3.5896 -0.0196686 -0.999803 -0.00266607
-38.8462 104.424 -4.48676 -0.0194309 -0.999811 0.000546231
-37.8062 104.398 -4.48747 -0.0286426 -0.99959 5.30757e-05
-36.7278 104.362 -4.48854 -0.0394095 -0.999223 0.001036
-35.5682 104.313 -4.49002 -0.0435691 -0.999048 0.00225
-34.4431 104.26 -4.49153 -0.0490728 -0.998786 0.00440112
-33.4218 104.206 -4.49314 -0.0568265 -0.998374 0.0044892
-32.2941 104.134 -4.4952 -0.0679754 -0.997687 -0.000937617
-31.2589 104.058 -4.49703 -0.0817105 -0.996656 -5.41331e-05
-30.1186 103.945 -4.49895 -0.111882 -0.993719 0.00226728
-29.5744 103.882 -4.49976 -0.116053 -0.993239 0.00289858
-29.6745 103.895 -5.40015 -0.107503 -0.994195 -0.00442443
-30.8282 104.016 -5.39786 -0.0946052 -0.995514 0.00152736
-31.8945 104.107 -5.39508 -0.0749515 -0.997187 -0.000491123
-32.9248 104.174 -5.39253 -0.063378 -0.997988 0.00188647
-34.0233 104.236 -5.39034 -0.0535715 -0.998564 -0.000359516
-35.0294 104.286 -5.3884 -0.0472343 -0.998883 0.00112857
-36.186 104.339 -5.38661 -0.0454645 -0.998966 -0.000162236
-37.2063 104.38 -5.38525 -0.0361827 -0.999345 -0.000969849
-38.2423 104.412 -5.3842 -0.026123 -0.999658 0.000923329
-38.7748 104.423 -5.38373 -0.018385 -0.999831 -0.000272058
-38.7633 104.407 5.38377 -0.0212128 -0.999762 -0.00515327
-37.7036 104.382 5.38471 -0.0277159 -0.99961 -0.00333705
-36.688 104.351 5.38583 -0.0327372 -0.999455 -0.00417922
-35.5893 104.308 5.38749 -0.0421609 -0.999107 -0.0028695
-34.544 104.261 5.38917 -0.0478991 -0.998845 -0.00376591
-33.4731 104.201 5.39125 -0.0588051 -0.998269 -0.00118094
-32.3644 104.132 5.39365 -0.0685566 -0.997646 -0.00160865
-31.1915 104.042 5.39609 -0.0847201 -0.996401 0.00268476
-30.0037 103.922 5.39867 -0.109691 -0.993963 -0.00233651
-29.7427 103.893 5.39921 -0.113118 -0.993579 -0.00243268
-29.7049 103.889 5.39928 -0.115458 -0.993311 -0.001561
