-33.3789 22.1521 -3.16116 0.333057 -0.942899 -0.00229936
-33.3596 22.1619 -4.19676 0.309264 -0.950851 -0.0154176
-33.3679 22.1634 -5.40767 0.306977 -0.951715 -0.00194375
-32.9266 22.3125 -6.10988 0.328877 -0.94436 0.00492717
-31.8256 22.7081 -6.09767 0.345083 -0.938532 0.00825682
-30.7484 23.112 -6.06928 0.355201 -0.934786 -0.00275063
-29.8224 23.4868 -6.11376 0.387855 -0.921719 0.00155288
-28.7315 23.9555 -6.09854 0.400737 -0.916191 -0.00214139
-27.6594 24.4362 -6.0682 0.41938 -0.907804 0.000683692
-26.692 24.8937 -6.08539 0.430642 -0.902518 -0.001667
-25.7521 25.3524 -6.12986 0.445869 -0.895094 0.00031799
-24.7636 25.8491 -6.08739 0.453998 -0.891001 0.0012156
-23.9634 26.2601 -5.75023 0.460068 -0.887884 0.000355635
-23.9133 26.285 -4.71229 0.45674 -0.8896 -0.000270325
-23.9174 26.2847 -3.65825 0.453216 -0.891398 0.00166445
-23.8954 26.2964 -2.52324 0.455717 -0.890123 -0.00183353
-23.9123 26.2847 -1.50474 0.453139 -0.891436 -0.0026298
-23.9252 26.2717 -0.345146 0.454634 -0.890647 -0.00746646
-23.9341 26.2563 0.660567 0.44643 -0.894805 -0.00481874
-23.9128 26.2602 1.83495 0.445483 -0.895289 -0.000244262
-23.9037 26.2642 2.84729 0.444882 -0.895589 -0.00114063
-23.909 26.2576 3.92109 0.444479 -0.895779 -0.00433669
-23.8887 26.2629 4.92954 0.446244 -0.894902 -0.00414519
-23.9558 26.2245 5.92918 0.446741 -0.89464 -0.00638185
-24.9507 25.7311 6.09758 0.440642 -0.897672 -0.00433129
-25.8516 25.2938 6.07855 0.434531 -0.900651 -0.00309347
-26.8545 24.8129 6.09908 0.428301 -0.903608 -0.00716766
-27.9011 24.333 6.08647 0.407913 -0.913019 0.00088635
-28.9018 23.8952 6.11589 0.393511 -0.919314 0.00252149
-29.9885 23.4504 6.0796 0.367277 -0.930099 0.00475716
-31.0434 23.0358 6.10181 0.364111 -0.931299 0.0102666
-31.9855 22.6814 6.06116 0.344455 -0.938783 0.00614365
-33.0757 22.2903 6.09089 0.331791 -0.943335 0.00581129
-33.3515 22.1906 5.20921 0.326656 -0.945139 0.00289809
-33.3402 22.1899 4.10369 0.321422 -0.946912 0.00669957
-33.368 22.1753 2.98927 0.328877 -0.944353 0.00615345
-33.3663 22.1704 1.95217 0.315562 -0.948879 0.00706895
-33.3617 22.1655 0.780727 0.304124 -0.952596 0.00726504
-33.3508 22.1471 -0.341252 0.30849 -0.951011 0.0192452
-33.3421 22.1426 -1.41929 0.331225 -0.94346 -0.00941205
-33.3512 22.1557 -2.45308 0.325026 -0.945617 -0.0127533
-33.3789 22.1521 -3.15544 0.331794 -0.943352 0.000455576
-34.2655 21.869 -3.1315 0.290619 -0.956819 -0.00614153
-34.2344 21.8632 -2.10248 0.28556 -0.958117 -0.0216128
-34.2431 21.8549 -1.00177 0.276513 -0.960981 0.00741642
-34.2513 21.8767 0.107168 0.29125 -0.956438 0.0200187
-34.2672 21.8804 1.27804 0.297708 -0.954652 -0.00116976
-34.2828 21.88 2.37568 0.294817 -0.95554 0.00518589
-34.268 21.8878 3.39893 0.30389 -0.952703 0.00286716
-34.2625 21.8864 4.61987 0.303854 -0.952696 -0.00661208
-34.2673 21.8833 5.70448 0.320068 -0.947383 0.00376701
-34.2606 21.8988 6.83467 0.311894 -0.949964 0.0168985
-33.265 22.2294 7.05507 0.323832 -0.946055 0.0101191
-32.2346 22.5976 7.02582 0.346266 -0.93811 0.00699483
-31.2298 22.9718 7.05785 0.354128 -0.935188 0.00311957
-30.2873 23.3355 7.03944 0.361506 -0.93237 0.000107949
-29.2386 23.753 7.05549 0.38289 -0.923781 0.00494275
-28.3015 24.1599 7.04879 0.400531 -0.916272 0.00458211
-27.3637 24.5745 7.05718 0.412855 -0.910789 -0.000919344
-26.4443 25.0038 7.0445 0.431282 -0.902208 -0.00407109
-25.431 25.4917 7.05112 0.437822 -0.899043 -0.00582626
-24.4843 25.9557 7.04715 0.44285 -0.896589 -0.00346008
-23.5868 26.4031 7.05552 0.449231 -0.893416 -0.00022018
-23.0398 26.6803 6.39632 0.450561 -0.892738 -0.00380266
-23.0363 26.6882 5.25362 0.448528 -0.89376 -0.00398778
-23.0438 26.6891 4.15615 0.449512 -0.893264 -0.00427945
-23.0595 26.6866 3.09794 0.448955 -0.893546 -0.00390711
-23.0522 26.6943 2.01434 0.456434 -0.889749 -0.00373204
-23.0829 26.6881 0.957237 0.4581 -0.888835 -0.0107265
-23.0872 26.6989 -0.0588905 0.458317 -0.888745 -0.00886959
-23.0835 26.7057 -1.2074 0.45492 -0.890529 -0.00234527
-23.0584 26.7226 -2.26741 0.453864 -0.891065 -0.00318324
-23.0654 26.7194 -3.50436 0.452931 -0.891545 0.000553999
-23.0642 26.723 -4.65165 0.459879 -0.887973 -0.0035419
-23.0996 26.7087 -5.67058 0.461319 -0.887231 -0.00237615
-23.1205 26.7002 -6.73736 0.462647 -0.886542 -0.00101166
-23.8929 26.2953 -7.03169 0.463447 -0.886122 0.00144039
-24.8311 25.8124 -7.03544 0.453473 -0.891266 0.00218665
-25.8211 25.3157 -7.06647 0.445592 -0.895217 0.00538685
-26.8134 24.8345 -7.04276 0.433893 -0.900964 0.000909752
-27.7436 24.3977 -7.04444 0.41483 -0.909897 -0.00159416
-28.7282 23.9575 -7.05323 0.405236 -0.914196 -0.00491578
-29.6564 23.5565 -7.06945 0.387376 -0.921904 -0.000288739
-30.595 23.1729 -7.04547 0.371841 -0.928288 -0.00394976
-31.6129 22.7768 -7.05841 0.359176 -0.933109 0.0142849
-32.6494 22.4055 -7.07565 0.326112 -0.945324 0.00370121
-33.6598 22.0652 -7.04703 0.312862 -0.949782 0.00564218
-34.2745 21.8755 -6.48422 0.286727 -0.958008 0.00297812
-34.2727 21.8763 -5.30528 0.294462 -0.955658 -0.00324889
-34.2766 21.87 -4.26905 0.292894 -0.956125 -0.00618454
-34.264 21.8705 -3.29528 0.290619 -0.956819 -0.00614153
-32.8673 22.3349 -3.62892 0.338431 -0.940973 0.00581143
-31.783 22.7287 -3.63499 0.346785 -0.937924 -0.00618171
-30.7433 23.1235 -3.64505 0.357509 -0.933842 -0.011207
-29.7906 23.5041 -3.65417 0.379072 -0.925353 -0.00512699
-28.8495 23.9055 -3.66456 0.407693 -0.913118 0.00091163
-27.9346 24.3196 -3.67498 0.417051 -0.908877 0.00336438
-26.9294 24.7867 -3.68687 0.434426 -0.900707 0.000485133
-26.0008 25.2372 -3.69383 0.438989 -0.898492 0.00136642
-25.0689 25.6993 -3.70026 0.451412 -0.892309 0.00341978
-24.5059 25.9856 -3.70396 0.454914 -0.890535 0.000974844
-24.4135 26.0323 -2.78005 0.453267 -0.891375 0.000604441
-25.3654 25.5506 -2.77635 0.448359 -0.893854 -6.48602e-05
-26.3765 25.0532 -2.77078 0.437285 -0.899322 -0.00108623
-27.3116 24.608 -2.76463 0.422755 -0.90624 0.00268881
-28.285 24.161 -2.75611 0.413058 -0.910705 -0.000788754
-29.25 23.7322 -2.74852 0.394815 -0.918738 0.0064121
-30.2604 23.3124 -2.74119 0.376571 -0.926386 0.00195984
-31.254 22.9171 -2.73404 0.362517 -0.931946 -0.00763219
-32.2315 22.5606 -2.72914 0.3373 -0.941316 -0.0123419
-32.8003 22.3545 -2.72694 0.340041 -0.940342 -0.0113235
-32.745 22.3626 -1.82259 0.344859 -0.938586 -0.0113758
-31.8042 22.7074 -1.8256 0.349711 -0.936839 -0.00587698
-30.8509 23.0756 -1.8292 0.372732 -0.927925 0.0050864
-29.8101 23.5043 -1.83421 0.384455 -0.923138 0.00321387
-28.8646 23.9047 -1.839 0.396633 -0.917977 0.000444409
-27.9383 24.3186 -1.84453 0.411709 -0.911314 -0.00163967
-26.9638 24.7692 -1.8491 0.42756 -0.903987 -0.000402964
-26.0178 25.2264 -1.85197 0.441422 -0.897297 -0.0021808
-25.0443 25.7122 -1.8559 0.449839 -0.89311 0.000432705
-24.3768 26.0499 -1.85743 0.452263 -0.891883 -0.00148081
-24.3993 26.0355 -0.933467 0.451175 -0.892419 -0.00543389
-25.4118 25.5256 -0.934436 0.448366 -0.893845 -0.00293449
-26.4197 25.0267 -0.932538 0.437058 -0.899424 -0.00422135
-27.4234 24.5532 -0.929841 0.420783 -0.907158 -0.00256292
-28.3963 24.1112 -0.927416 0.411809 -0.911269 -0.00137568
-29.3571 23.6952 -0.924811 0.388203 -0.921574 -0.000653823
-30.3059 23.2999 -0.922231 0.383749 -0.923435 -0.00229899
-31.3086 22.8979 -0.919683 0.361184 -0.932488 0.00359091
-32.3032 22.5182 -0.917723 0.352874 -0.935667 0.00263196
-32.8731 22.3067 -0.917115 0.340155 -0.940327 -0.00890545
-32.8006 22.3406 -0.00998411 0.317902 -0.947996 0.0155718
-31.7142 22.7439 -0.0113748 0.361785 -0.932259 0.00234836
-30.7603 23.117 -0.0123798 0.365874 -0.93066 0.00285309
-29.7567 23.5295 -0.0129159 0.383095 -0.923697 0.00467151
-28.7697 23.9504 -0.013405 0.402752 -0.915302 0.00365139
-27.7756 24.3917 -0.0137353 0.411513 -0.911402 0.0018048
-26.7468 24.8694 -0.0129473 0.428909 -0.903347 -0.00136869
-25.7414 25.3597 -0.0125866 0.446613 -0.894727 0.00122274
-24.7615 25.8486 -0.0117246 0.445596 -0.89523 -0.00283922
-24.3827 26.0375 -0.0109947 0.450297 -0.892838 -0.00849852
-24.4156 26.0142 0.910773 0.446079 -0.894971 -0.00631876
-25.344 25.5559 0.908804 0.443148 -0.896437 -0.00447074
-26.2713 25.098 0.90579 0.44107 -0.897472 0.000314709
-27.3174 24.6021 0.902738 0.418312 -0.908277 0.00686711
-28.2982 24.1609 0.900634 0.406836 -0.913489 0.00481099
-29.3616 23.7002 0.898399 0.386615 -0.922228 0.00502245
-30.4137 23.2624 0.896753 0.382738 -0.923852 0.00299838
-31.4761 22.8378 0.894741 0.361439 -0.932396 0.000659077
-32.4232 22.4807 0.894659 0.324399 -0.945765 0.0171449
-32.8618 22.3306 0.894244 0.31637 -0.948477 0.0173571
-32.8402 22.348 1.79966 0.329387 -0.944133 0.0107691
-31.7928 22.7219 1.8009 0.343057 -0.939249 0.0111396
-30.7325 23.1319 1.80397 0.37523 -0.926923 0.00401689
-29.7094 23.5551 1.80788 0.383159 -0.92368 -0.00227572
-28.7718 23.955 1.81234 0.40098 -0.916087 -0.000290334
-27.7495 24.4116 1.81722 0.411256 -0.911516 0.00278263
-26.8114 24.8406 1.82203 0.421658 -0.90675 0.00312483
-25.8099 25.323 1.82709 0.440898 -0.897554 -0.00240117
-24.8552 25.7929 1.83195 0.442781 -0.89663 0.00054109
-24.3708 26.0326 1.83298 0.443881 -0.896086 -0.000409484
-24.4686 25.9845 2.75642 0.44305 -0.896497 -0.000751818
-25.3657 25.5414 2.75057 0.441904 -0.897058 -0.00285566
-26.4349 25.0188 2.74278 0.429347 -0.90314 -0.000518201
-27.3978 24.5712 2.73491 0.41519 -0.909728 -0.00349351
-28.448 24.1001 2.72707 0.406756 -0.913537 -0.000496547
-29.4821 23.6487 2.71894 0.394215 -0.919018 5.78448e-05
-30.4879 23.2326 2.71288 0.375787 -0.926705 -0.00161169
-31.4787 22.8493 2.7071 0.3457 -0.938252 0.0132059
-32.4672 22.4906 2.70205 0.334643 -0.942304 0.00878254
-32.7713 22.3826 2.70135 0.333939 -0.942566 0.00732126
-32.7678 22.3908 3.60508 0.336058 -0.94183 0.00454467
-31.7528 22.7578 3.61125 0.34333 -0.93921 0.00311168
-30.7408 23.1383 3.6177 0.363019 -0.931718 0.0109245
-29.7562 23.5337 3.62655 0.38095 -0.924587 0.00403628
-28.6532 24.0072 3.63704 0.403303 -0.915059 -0.0036119
-27.5989 24.4766 3.64915 0.412812 -0.910803 -0.00499592
-26.6791 24.9039 3.65767 0.426392 -0.904538 -0.000660375
-25.6582 25.3947 3.66849 0.439363 -0.89831 -0.000607503
-24.7147 25.86 3.67604 0.44325 -0.896389 -0.00402398
-24.4135 26.0089 3.6783 0.442806 -0.896607 -0.00439968
-24.33 26.0453 4.60308 0.443332 -0.896344 -0.00500185
-25.3214 25.5564 4.59313 0.441192 -0.897411 -0.0017498
-26.4417 25.0146 4.57932 0.432076 -0.901836 -0.00174375
-27.469 24.5332 4.56607 0.413411 -0.910524 -0.00605381
-28.4085 24.1098 4.55243 0.406845 -0.913476 -0.00621826
-29.4053 23.6786 4.53907 0.387937 -0.921686 0.000628132
-30.3757 23.2892 4.52741 0.370014 -0.929008 0.0058942
-31.3709 22.902 4.51706 0.348876 -0.937162 0.00350145
-32.3768 22.533 4.509 0.339728 -0.940519 0.00288023
-32.8084 22.3779 4.50563 0.335851 -0.941907 0.00390294
-32.7098 22.4153 5.40524 0.334569 -0.942364 0.00376549
-31.7283 22.7714 5.41483 0.344081 -0.938923 0.00573695
-30.6657 23.1783 5.42898 0.366553 -0.930394 0.00250671
-29.7259 23.5511 5.44249 0.369273 -0.92932 0.000955178
-28.7399 23.9632 5.46053 0.395783 -0.918341 0.0023542
-27.8153 24.3725 5.47592 0.414811 -0.909907 -0.00121952
-26.869 24.8078 5.49268 0.429729 -0.902948 -0.00430708
-25.9626 25.2422 5.50759 0.434628 -0.900606 -0.00253686
-25.0235 25.6979 5.52159 0.440859 -0.897562 -0.00508076
-24.4554 25.978 5.52879 0.444521 -0.895751 -0.00558113
-24.3578 26.0584 -4.63301 0.454072 -0.890963 0.00201374
-25.2973 25.5815 -4.62475 0.449821 -0.893105 0.00485306
-26.2629 25.1064 -4.61576 0.437009 -0.899443 0.00505138
-27.3665 24.5784 -4.59961 0.424066 -0.905612 0.00590786
-28.3483 24.1264 -4.58612 0.412166 -0.91108 0.00727507
-29.3113 23.705 -4.57029 0.392671 -0.919679 0.000415129
-30.3752 23.27 -4.55598 0.368936 -0.92945 0.00303598
-31.3273 22.901 -4.54397 0.359327 -0.93321 -0.00154411
-32.373 22.5115 -4.53182 0.340359 -0.940282 0.00499925
-32.8301 22.3473 -4.52859 0.331372 -0.943468 0.00777761
-32.8063 22.3539 -5.42541 0.331495 -0.943454 -0.00224068
-31.7893 22.7246 -5.43905 0.347581 -0.937642 0.0038009
-30.7067 23.132 -5.45613 0.362885 -0.931801 0.00787841
-29.7043 23.5381 -5.47524 0.387626 -0.921812 0.00275685
-28.7499 23.9473 -5.49326 0.399805 -0.916598 0.00187042
-27.8235 24.3613 -5.51117 0.414954 -0.909832 0.00436071
-26.7671 24.8591 -5.5315 0.435579 -0.900122 0.00711686
-25.7476 25.3544 -5.548 0.443549 -0.896239 0.00441163
-24.7851 25.839 -5.55885 0.454527 -0.890732 0.0010652
-24.7319 25.8662 -5.55936 0.454351 -0.890822 0.000887536
-24.589 25.939 -5.56095 0.454635 -0.890678 0.00056173
