9.32673 26.37 4.16281 -0.449281 -0.893371 -0.00542813
9.35854 26.3544 2.99201 -0.45016 -0.892947 0.00037092
9.34345 26.365 1.98045 -0.45572 -0.890114 -0.00396412
9.3796 26.348 0.833883 -0.457923 -0.888983 0.00405367
9.3669 26.3498 -0.197657 -0.459859 -0.887986 0.00309129
9.35136 26.3576 -1.25221 -0.455517 -0.890221 0.00310058
9.37134 26.3459 -2.29446 -0.453961 -0.891016 0.00307268
9.386 26.3393 -3.44912 -0.453257 -0.891378 0.00190238
9.36682 26.346 -4.51113 -0.455263 -0.890357 -0.000928915
9.39364 26.3343 -5.74685 -0.453573 -0.891216 -0.00205283
10.1807 25.936 -6.06941 -0.450783 -0.892625 0.00122796
11.1988 25.4351 -6.10903 -0.434149 -0.900837 0.0027192
12.1077 25.0052 -6.10636 -0.423511 -0.905887 0.00271737
13.0948 24.5519 -6.11759 -0.405238 -0.914209 -0.00206305
14.0293 24.1425 -6.10897 -0.395674 -0.918387 0.0025971
14.9921 23.7341 -6.10408 -0.381248 -0.92447 -0.000935145
16.0901 23.2929 -6.13319 -0.36294 -0.931804 -0.00391042
17.0655 22.9204 -6.09637 -0.347914 -0.93751 -0.00556676
18.0106 22.585 -6.07509 -0.316032 -0.948733 0.00549877
18.8491 22.3135 -5.83485 -0.306366 -0.951863 0.00984048
18.8678 22.3077 -4.71619 -0.299498 -0.954041 -0.010277
18.8522 22.2975 -3.59316 -0.296336 -0.954968 -0.0148393
18.8448 22.2928 -2.56333 -0.307028 -0.951675 0.0069794
18.8487 22.2875 -1.39329 -0.314029 -0.949358 -0.0102842
18.8357 22.2873 -0.227799 -0.311599 -0.950206 -0.0037446
18.8101 22.2941 0.84495 -0.306823 -0.951757 0.000813142
18.8156 22.2936 1.86391 -0.319157 -0.947678 0.00671742
18.7948 22.3093 2.93327 -0.32713 -0.944924 0.0102356
18.7813 22.3227 3.95782 -0.326369 -0.945227 0.00286367
18.8123 22.3189 5.04933 -0.331494 -0.94343 0.00713228
18.5932 22.3971 6.09308 -0.328532 -0.944481 -0.00459552
17.4342 22.7971 6.07416 -0.32566 -0.945471 -0.00553401
16.4148 23.1658 6.07759 -0.350681 -0.936442 -0.0100014
15.3886 23.5756 6.10113 -0.3786 -0.925538 0.00457824
14.4161 23.9847 6.10472 -0.395463 -0.918477 -0.000697452
13.4467 24.4093 6.09838 -0.406949 -0.913447 -0.00270201
12.3837 24.8899 6.08926 -0.414655 -0.909978 -0.00103646
11.4521 25.325 6.12406 -0.426159 -0.904647 -0.00126136
10.4873 25.7844 6.11326 -0.435291 -0.900285 -0.00292079
9.54414 26.2501 6.04197 -0.450675 -0.892686 -0.000639819
9.36311 26.3438 5.09368 -0.451561 -0.892215 -0.00660167
9.32999 26.3678 4.2236 -0.449426 -0.893284 -0.00772625
8.49774 26.7859 4.24733 -0.449311 -0.893375 -0.000836746
8.51646 26.7734 5.33661 -0.452667 -0.891676 -0.00272127
8.50268 26.779 6.36587 -0.451577 -0.89223 -0.00204666
8.92878 26.5613 7.02833 -0.454134 -0.890932 -0.00151395
9.89534 26.0728 7.04672 -0.449368 -0.893345 -0.00189411
10.8344 25.6151 7.06404 -0.430691 -0.902487 -0.00454278
11.8151 25.1523 7.05548 -0.423996 -0.905659 -0.00245199
12.8289 24.6871 7.03978 -0.411729 -0.911307 -3.67768e-05
13.7497 24.2733 7.05039 -0.407793 -0.91307 -0.00260012
14.6788 23.8747 7.05556 -0.387378 -0.921905 0.00543846
15.693 23.4508 7.04994 -0.384445 -0.923137 0.00445123
16.6773 23.0591 7.03127 -0.350259 -0.936643 -0.00423115
17.6606 22.7109 7.04528 -0.320187 -0.947318 -0.00824824
18.7295 22.3445 7.04733 -0.327328 -0.944895 -0.00544987
19.6566 22.0336 6.93418 -0.304596 -0.952362 0.0151086
19.7344 22.002 5.74842 -0.322647 -0.946514 -0.00153567
19.7291 22.0059 4.7368 -0.316637 -0.94847 -0.0120814
19.6946 22.0184 3.64978 -0.309524 -0.950843 0.00642092
19.71 22.0066 2.64756 -0.285596 -0.958207 0.00412222
19.7225 22.0106 1.57452 -0.278859 -0.960328 -0.00292443
19.7406 22.0052 0.552578 -0.278542 -0.960419 -0.00308019
19.7382 22.0089 -0.537422 -0.28811 -0.957589 -0.00407048
19.7624 22.0114 -1.55359 -0.270823 -0.962483 -0.0167915
19.7547 22.0268 -2.70717 -0.256004 -0.966635 -0.00890879
19.7557 22.0327 -3.80907 -0.274238 -0.961661 -0.00148815
19.7815 22.0286 -4.94955 -0.284723 -0.958597 -0.00484519
19.7569 22.0322 -6.04611 -0.284742 -0.958573 0.00536299
19.4753 22.1087 -7.03639 -0.281196 -0.959644 0.00341187
18.3495 22.4633 -7.04171 -0.324174 -0.945948 5.90183e-05
17.3202 22.8324 -7.05442 -0.344409 -0.938774 -0.00883201
16.3539 23.1961 -7.07453 -0.360154 -0.932872 -0.000637673
15.415 23.5684 -7.0735 -0.376312 -0.926423 -0.0113809
14.352 24.004 -7.05575 -0.386237 -0.922396 0.00264103
13.3174 24.4467 -7.06061 -0.403784 -0.914832 0.00488304
12.3797 24.8737 -7.05139 -0.42239 -0.906404 0.0043298
11.4752 25.3023 -7.04575 -0.432514 -0.901627 0.000935615
10.5744 25.7375 -7.04917 -0.440473 -0.897765 0.00129073
9.67333 26.1914 -7.04161 -0.458821 -0.888524 0.00275502
8.77758 26.6557 -7.03386 -0.462101 -0.886813 -0.00508683
8.51662 26.7863 -6.1075 -0.460315 -0.887744 -0.0039599
8.54839 26.767 -5.05857 -0.462403 -0.886667 0.00217276
8.49791 26.7949 -3.91171 -0.456163 -0.889896 -0.000399734
8.53589 26.7758 -2.78539 -0.457208 -0.889359 -0.00026006
8.5148 26.7882 -1.65226 -0.460279 -0.887772 0.00214276
8.51213 26.7919 -0.642329 -0.461407 -0.887188 0.000994304
8.53605 26.7817 0.396577 -0.461071 -0.887359 0.00281346
8.52041 26.7896 1.45712 -0.455648 -0.890148 -0.00362839
8.51148 26.786 2.4971 -0.453074 -0.891442 -0.00735103
8.49461 26.7881 3.57195 -0.449208 -0.893425 -0.00177929
8.49589 26.7869 4.16848 -0.449311 -0.893375 -0.000836746
9.78181 26.1356 4.61364 -0.45198 -0.892 -0.00715036
10.6857 25.6899 4.60532 -0.435762 -0.900062 -1.45173e-05
11.652 25.2309 4.59432 -0.426464 -0.9045 0.00275699
12.7114 24.7399 4.5808 -0.41532 -0.90967 0.00301134
13.6284 24.326 4.56898 -0.407638 -0.91314 0.00244101
14.6025 23.9002 4.55406 -0.392156 -0.919899 -0.000112114
15.658 23.4661 4.53946 -0.368168 -0.929752 -0.00356199
16.6214 23.0913 4.52665 -0.356347 -0.934349 -0.00304168
17.6145 22.7344 4.51527 -0.328847 -0.94436 0.00656281
18.1339 22.5534 4.51036 -0.330961 -0.943606 0.00849476
18.2603 22.5135 5.40978 -0.327433 -0.944869 0.00324521
17.2145 22.8763 5.42264 -0.3294 -0.944189 -0.00155063
16.2624 23.229 5.43738 -0.358719 -0.933426 -0.00599894
15.2736 23.6223 5.45418 -0.376375 -0.926464 -0.00251046
14.3442 24.0154 5.47271 -0.395133 -0.918616 0.00383568
13.3739 24.4407 5.49019 -0.405265 -0.914198 0.00142189
12.3247 24.9176 5.50787 -0.417639 -0.908613 -0.000107911
11.2955 25.4001 5.52349 -0.428218 -0.903675 -0.000806397
10.2823 25.884 5.53665 -0.436055 -0.89992 0.000510576
9.98622 26.028 5.53986 -0.443589 -0.89623 0.000762896
9.89785 26.0829 3.68651 -0.448982 -0.893539 -0.00201829
10.794 25.6388 3.68045 -0.435404 -0.900228 0.00364792
11.7024 25.2049 3.67127 -0.425754 -0.904839 0.000542797
12.7055 24.7418 3.66195 -0.411882 -0.911237 -0.00108273
13.6591 24.3133 3.65171 -0.406179 -0.913789 -0.00273773
14.5828 23.9103 3.64155 -0.394269 -0.918995 -0.000547717
15.5206 23.5232 3.63184 -0.368122 -0.929777 0.000505858
16.48 23.1486 3.62177 -0.356083 -0.93445 -0.0029427
17.4916 22.7735 3.61193 -0.33662 -0.941618 0.00653597
18.3238 22.4787 3.60597 -0.330526 -0.943751 0.00928462
18.2666 22.4897 2.70128 -0.326683 -0.945082 0.00994843
17.3199 22.8279 2.70845 -0.339922 -0.9404 0.0100343
16.3808 23.1854 2.71496 -0.360651 -0.932691 0.00423351
15.4396 23.5568 2.7223 -0.369078 -0.929398 -5.53383e-05
14.5091 23.9465 2.72877 -0.394429 -0.918921 -0.00297226
13.4508 24.408 2.73713 -0.403811 -0.91484 -0.00224381
12.458 24.8565 2.74543 -0.41537 -0.90965 -0.00205569
11.5094 25.2955 2.75277 -0.425936 -0.904752 0.0014499
10.5513 25.7559 2.75923 -0.443761 -0.896138 0.00359203
9.82851 26.1174 2.76354 -0.450445 -0.892798 0.0033426
9.87952 26.0925 1.83863 -0.453374 -0.891313 -0.00370781
10.7761 25.6457 1.83555 -0.438313 -0.898816 -0.00332535
11.7468 25.1845 1.83077 -0.423245 -0.906015 -0.000156875
12.7769 24.7122 1.82534 -0.412307 -0.911044 0.00100441
13.7604 24.2725 1.81967 -0.403239 -0.915094 -0.00109205
14.7726 23.8339 1.8144 -0.390915 -0.920426 -0.000906218
15.697 23.4504 1.80942 -0.373046 -0.927783 0.00740374
16.7128 23.0507 1.80441 -0.361388 -0.932408 0.00375044
17.7928 22.6481 1.79876 -0.335313 -0.94209 0.00559597
18.2696 22.4791 1.79682 -0.331731 -0.943349 0.00693117
18.3569 22.4447 0.891166 -0.315582 -0.948897 -0.00143251
17.2731 22.8321 0.894617 -0.346073 -0.938206 0.00159272
16.3229 23.1981 0.897256 -0.365282 -0.930875 0.00631004
15.3171 23.6027 0.900341 -0.383435 -0.923566 0.00149205
14.2654 24.0515 0.903088 -0.396617 -0.917984 0.00097647
13.3307 24.4618 0.906108 -0.408278 -0.912853 0.0028135
12.3505 24.9039 0.908629 -0.419013 -0.907978 0.00194582
11.3483 25.3722 0.911307 -0.428407 -0.903586 0.000490595
10.4089 25.8263 0.914301 -0.439578 -0.898201 0.00239692
9.86146 26.1019 0.916078 -0.453584 -0.89121 0.00255759
9.86926 26.0949 -0.00982901 -0.453829 -0.891089 0.000355671
10.7646 25.6484 -0.00990509 -0.435453 -0.900199 0.00484125
11.7714 25.1676 -0.0100691 -0.425326 -0.905005 0.00794894
12.7681 24.7096 -0.0100232 -0.414365 -0.910081 0.00729444
13.8562 24.2263 -0.0106574 -0.4002 -0.916419 0.00397884
14.8803 23.7867 -0.0108776 -0.390659 -0.920535 0.00052326
15.9639 23.3354 -0.0119148 -0.375244 -0.926926 -0.000522068
17.0059 22.9289 -0.0128986 -0.352143 -0.935941 0.00310245
18.0782 22.5426 -0.014081 -0.326952 -0.945025 -0.00557845
18.3723 22.4412 -0.0143124 -0.317338 -0.948307 -0.00311133
18.3872 22.4418 -0.918686 -0.326631 -0.945136 -0.00555908
17.2449 22.8468 -0.919994 -0.343746 -0.939038 -0.00681414
16.1864 23.2488 -0.921215 -0.367871 -0.929876 -0.00142677
15.2215 23.6404 -0.922504 -0.386732 -0.922189 0.0023969
14.1761 24.0839 -0.924565 -0.393853 -0.919149 0.00676452
13.1124 24.5502 -0.926789 -0.405626 -0.914006 0.00777218
12.0869 25.0168 -0.929607 -0.419329 -0.907831 0.00264864
11.1712 25.4493 -0.931209 -0.435678 -0.900087 0.00526949
10.1352 25.9612 -0.932898 -0.448309 -0.893878 -0.00122989
9.85714 26.101 -0.933409 -0.452242 -0.891895 -0.000835955
9.82232 26.1186 -1.8575 -0.449578 -0.893238 0.00216972
10.7774 25.6411 -1.85455 -0.44081 -0.897601 -2.69666e-05
11.8429 25.1288 -1.8502 -0.423167 -0.906051 -0.00143861
12.8208 24.6779 -1.84547 -0.416184 -0.909279 -0.00139453
13.8644 24.2152 -1.83977 -0.400117 -0.91646 -0.00263073
14.8301 23.8012 -1.83499 -0.391901 -0.920003 -0.00297895
15.8435 23.389 -1.83092 -0.369626 -0.929167 -0.00498746
16.8562 22.9942 -1.82809 -0.352005 -0.935982 -0.00542207
17.8506 22.6348 -1.82564 -0.334293 -0.942468 0.0013447
18.3317 22.4646 -1.82514 -0.333623 -0.942706 -0.000380804
18.3316 22.4631 -2.72712 -0.327118 -0.944981 -0.00236031
17.3731 22.8032 -2.73088 -0.340929 -0.940089 0.000640698
16.3461 23.1938 -2.73615 -0.366474 -0.930421 -0.00364144
15.3923 23.5725 -2.74214 -0.377231 -0.926109 -0.00442638
14.4302 23.9752 -2.75039 -0.38916 -0.921169 -0.0016747
13.4447 24.3971 -2.7579 -0.404516 -0.91452 0.00454055
12.4746 24.8377 -2.76564 -0.419905 -0.907567 -0.00122419
11.3803 25.3502 -2.77481 -0.429214 -0.903202 -0.00148032
10.4062 25.8242 -2.78023 -0.445144 -0.895459 0.0009033
9.91907 26.0679 -2.7826 -0.452856 -0.89158 0.0026599
9.80429 26.1255 -3.70862 -0.451183 -0.892422 0.00419079
10.8076 25.6274 -3.70208 -0.437141 -0.899393 -0.000353384
11.7974 25.153 -3.69172 -0.426636 -0.90442 0.00250569
12.7157 24.7261 -3.68317 -0.420051 -0.9075 0.000786181
13.6542 24.3039 -3.67205 -0.397974 -0.917393 -0.00253649
14.6135 23.8972 -3.66055 -0.385969 -0.922511 0.00142634
15.5775 23.5003 -3.64969 -0.368422 -0.929659 0.000212761
16.6228 23.0878 -3.64033 -0.365668 -0.930745 -0.00089439
17.7472 22.6602 -3.63221 -0.335218 -0.942137 -0.00251521
18.3963 22.4417 -3.6297 -0.308647 -0.951098 -0.0122497
18.321 22.4775 -4.52762 -0.300133 -0.953746 -0.0170178
17.3107 22.8261 -4.53746 -0.343489 -0.939038 -0.014952
16.2834 23.2213 -4.54879 -0.362113 -0.932128 0.00326413
15.2638 23.6248 -4.56191 -0.378903 -0.925422 0.00510867
14.2028 24.067 -4.57891 -0.391393 -0.920218 -0.00322236
13.2491 24.4829 -4.59413 -0.408208 -0.912883 0.0032562
12.2902 24.9216 -4.60793 -0.419869 -0.907584 0.000476091
11.343 25.3667 -4.62051 -0.434027 -0.900899 0.000735875
10.3226 25.8633 -4.63366 -0.442024 -0.897003 -0.000936366
9.84155 26.1044 -4.63784 -0.450802 -0.892623 -0.00174153
10.2091 25.921 -5.56289 -0.447861 -0.894103 -0.000406382
11.2469 25.4118 -5.54713 -0.429216 -0.903202 -0.000698316
12.2225 24.9526 -5.53031 -0.421394 -0.906877 0.00128799
13.1573 24.5242 -5.51375 -0.406582 -0.913611 0.00246413
14.1319 24.099 -5.49426 -0.395681 -0.918387 -0.00155149
15.1595 23.663 -5.47355 -0.374097 -0.927389 0.00109465
16.1491 23.2699 -5.45487 -0.360495 -0.93276 0.00142443
17.1659 22.884 -5.44043 -0.349556 -0.936916 8.06193e-05
18.1613 22.5371 -5.42811 -0.311217 -0.950328 -0.00457431
18.1971 22.5254 -5.4277 -0.308914 -0.951087 -0.00229019
