-42.3901 33.1666 5.13227 0.0633935 -0.997987 -0.00162418
-41.8303 33.202 5.92806 0.0714421 -0.997439 -0.00300061
-40.8312 33.2804 5.98154 0.0894594 -0.995982 -0.00407053
-39.8303 33.3808 5.97538 0.104544 -0.994504 -0.00566683
-38.6962 33.5205 5.93675 0.122218 -0.992503 0.000832593
-37.6662 33.6506 5.951 0.128956 -0.99165 -0.000938711
-36.5874 33.8096 5.99125 0.158856 -0.987276 0.00273958
-35.5506 33.9915 5.97563 0.184903 -0.982751 0.00237552
-34.5489 34.1852 5.95875 0.196436 -0.980475 0.00820235
-33.5046 34.4088 5.93235 0.224037 -0.974577 0.0027965
-33.176 34.4805 5.06246 0.226102 -0.974066 0.00850516
-33.1595 34.4759 4.04271 0.224102 -0.974535 0.00771595
-33.1866 34.4657 2.94898 0.231286 -0.972885 -0.00132101
-33.1598 34.4688 1.80643 0.230052 -0.973157 0.00418312
-33.1439 34.4719 0.657478 0.226231 -0.974072 0.00153824
-33.1841 34.4651 -0.348865 0.221827 -0.975082 -0.00294434
-33.1937 34.4697 -1.51329 0.216124 -0.976339 -0.00713265
-33.1946 34.4764 -2.60129 0.222877 -0.974812 -0.00811145
-33.188 34.4865 -3.78429 0.223687 -0.97465 -0.00460242
-33.2299 34.4777 -4.86047 0.228003 -0.973656 -0.00292722
-33.3269 34.4597 -5.85694 0.218254 -0.975891 0.000820337
-34.437 34.2238 -5.94653 0.195456 -0.980686 -0.00227459
-35.6681 34.0003 -5.9515 0.174582 -0.984618 0.00699701
-36.7166 33.8123 -5.9786 0.171367 -0.985171 0.000317614
-37.8694 33.6286 -5.97798 0.138528 -0.990348 -0.00462674
-38.993 33.4779 -5.9257 0.127528 -0.991834 -0.00153397
-40.0138 33.3683 -5.93498 0.101153 -0.994868 0.000957968
-41.0878 33.2663 -5.96564 0.0890896 -0.996022 0.00106666
-42.1107 33.1843 -5.93913 0.072578 -0.997343 0.00629835
-42.3306 33.1732 -5.02784 0.0682188 -0.997666 0.00287741
-42.3515 33.1746 -4.02393 0.0635035 -0.997976 0.0020626
-42.3335 33.1762 -3.01202 0.0642055 -0.997935 0.000970466
-42.3362 33.1759 -1.98878 0.0680587 -0.997676 -0.00321485
-42.3672 33.1694 -0.95578 0.0698315 -0.997556 -0.00189225
-42.3708 33.1673 0.1503 0.0751421 -0.997164 0.00141451
-42.3671 33.1701 1.23458 0.0670089 -0.997728 0.00665836
-42.3858 33.1729 2.33781 0.0619058 -0.998076 -1.2912e-05
-42.3657 33.1711 3.39255 0.0661919 -0.997806 -0.00143898
-42.3741 33.1682 4.55286 0.0639126 -0.997955 -0.000527559
-42.3899 33.1666 5.10591 0.0633884 -0.997988 -0.00161797
-43.4434 33.1005 5.11596 0.0614304 -0.998109 -0.00222073
-43.4132 33.1009 6.11589 0.0582625 -0.998292 -0.00394308
-43.0066 33.1212 6.98069 0.0585459 -0.998283 -0.00173335
-41.9089 33.1899 6.98059 0.0630377 -0.997997 -0.0052665
-40.8399 33.276 7.00363 0.0970056 -0.995283 0.00148981
-39.7309 33.3897 7.00469 0.114803 -0.993367 -0.00656367
-38.6677 33.5213 6.99438 0.127302 -0.991841 -0.00678123
-37.6016 33.66 6.99864 0.138946 -0.990294 -0.00332142
-36.5601 33.8196 7.02742 0.16315 -0.98652 0.0126337
-35.5301 33.9992 7.02508 0.182155 -0.983268 -0.00180194
-34.3964 34.2179 7.01218 0.198079 -0.980185 0.0015166
-33.2956 34.4506 7.01506 0.214516 -0.97669 -0.00767063
-32.3208 34.6697 6.97611 0.229237 -0.973345 -0.00571125
-32.1589 34.7126 5.95187 0.216978 -0.976166 -0.00453314
-32.1538 34.7136 4.9192 0.216459 -0.976274 0.00533864
-32.1553 34.7097 3.81726 0.226194 -0.974081 -0.00144925
-32.1749 34.7101 2.71581 0.235416 -0.971888 -0.00368458
-32.1552 34.7097 1.70531 0.234285 -0.97213 0.00853441
-32.1381 34.7064 0.674468 0.229431 -0.973321 0.00283194
-32.171 34.6976 -0.358327 0.226759 -0.973951 -0.00059849
-32.184 34.6977 -1.37959 0.224809 -0.974392 -0.00458601
-32.1638 34.7126 -2.54491 0.222867 -0.974789 -0.0108216
-32.1634 34.727 -3.72076 0.226364 -0.974 -0.00912813
-32.2088 34.7201 -4.77069 0.232996 -0.972477 -0.00128789
-32.2211 34.7191 -5.78543 0.232944 -0.972489 -0.00162559
-32.2437 34.7126 -6.90483 0.238071 -0.971244 0.00264106
-33.213 34.4892 -6.99865 0.213032 -0.977038 -0.00364052
-34.2147 34.2713 -6.99929 0.212672 -0.977114 -0.00154782
-35.2888 34.0601 -6.98588 0.179899 -0.983678 0.00377467
-36.3343 33.8744 -7.01103 0.169427 -0.985506 0.0085271
-37.3766 33.707 -7.02447 0.148823 -0.988851 -0.00494513
-38.5217 33.544 -7.00082 0.13196 -0.991252 -0.00231841
-39.5714 33.4141 -6.99864 0.110363 -0.993891 0.001039
-40.5739 33.3119 -7.00932 0.0987127 -0.995112 0.00286852
-41.591 33.2159 -7.01599 0.0875397 -0.996139 0.00570932
-42.718 33.1355 -6.99857 0.0558041 -0.998404 0.00392906
-43.413 33.1006 -6.47596 0.0485262 -0.998815 -0.00379687
-43.3873 33.105 -5.43121 0.0555796 -0.998387 0.0115928
-43.3945 33.1115 -4.36604 0.0563827 -0.998402 0.00338493
-43.3929 33.1115 -3.34522 0.0571614 -0.998358 -0.00361672
-43.3939 33.1077 -2.26629 0.0608515 -0.998139 -0.00276645
-43.3999 33.1038 -1.20276 0.0587254 -0.998262 -0.00468203
-43.4069 33.1025 -0.0219375 0.054002 -0.99854 0.00134563
-43.4028 33.1067 0.985662 0.0584869 -0.99827 0.00609321
-43.4196 33.1096 2.02995 0.0615327 -0.998103 0.00218164
-43.4318 33.1082 3.06177 0.0589933 -0.998254 -0.00302591
-43.4091 33.1057 4.06719 0.0580284 -0.998309 -0.00337635
-43.4388 33.1012 4.99664 0.0608662 -0.998142 -0.00274764
-41.8456 33.2047 4.49463 0.0708816 -0.997485 7.44104e-05
-40.8078 33.29 4.49766 0.0911545 -0.99583 -0.00359398
-39.7395 33.3976 4.50163 0.101933 -0.994785 -0.00346036
-38.7164 33.5142 4.5053 0.121286 -0.992606 0.00473693
-37.6979 33.6471 4.51079 0.13712 -0.990551 0.00250555
-36.6718 33.7972 4.51591 0.154552 -0.987984 -0.000614702
-35.5356 33.9905 4.52173 0.180806 -0.983518 0.00154161
-34.4366 34.1959 4.52616 0.187963 -0.98216 0.00563339
-33.6891 34.3588 4.52856 0.219852 -0.975498 0.00825142
-33.7585 34.3372 3.62219 0.216263 -0.976331 0.00284099
-34.7815 34.1281 3.61921 0.180925 -0.983476 0.00635915
-35.8645 33.9295 3.61603 0.177729 -0.984076 0.00258465
-36.9495 33.7525 3.61151 0.148368 -0.988923 0.00416778
-38.146 33.5825 3.60685 0.136329 -0.990654 0.0042875
-39.1773 33.4587 3.60382 0.113302 -0.993559 0.00163346
-40.1816 33.3524 3.60078 0.102293 -0.994754 0.000752433
-41.3191 33.2465 3.59794 0.0842615 -0.996433 -0.00464423
-41.8368 33.2064 3.59694 0.0682576 -0.997664 -0.00258626
-41.7828 33.2125 2.69868 0.0754343 -0.997149 -0.00188795
-40.683 33.3052 2.70057 0.0886946 -0.996056 -0.00220542
-39.5752 33.4169 2.70278 0.107431 -0.994208 0.00285652
-38.3732 33.5531 2.70535 0.120405 -0.992724 -0.000829601
-37.2829 33.7015 2.70833 0.144815 -0.989458 0.00135965
-36.2825 33.8551 2.71088 0.162946 -0.986631 0.00270614
-35.1514 34.0547 2.71349 0.182118 -0.983274 0.0021233
-34.0178 34.2754 2.71549 0.203612 -0.979044 0.00385993
-33.7707 34.3276 2.71583 0.222711 -0.974872 -0.0049586
-33.7908 34.3271 1.81088 0.216307 -0.976325 0.00013023
-34.8563 34.1119 1.80936 0.181804 -0.983326 -0.00404427
-35.9759 33.9058 1.80805 0.170788 -0.9853 -0.00400953
-36.9786 33.7449 1.80652 0.148313 -0.988931 0.00419947
-38.1313 33.5836 1.80461 0.127159 -0.991882 0.00124407
-39.1663 33.4612 1.80315 0.108109 -0.994139 0.000403807
-40.2779 33.3448 1.80166 0.0973388 -0.99525 0.00172998
-41.3057 33.252 1.80032 0.0839163 -0.996471 0.00191728
-41.7874 33.213 1.79991 0.0759631 -0.997109 0.00167025
-41.68 33.2222 0.901026 0.0807131 -0.996734 -0.0026439
-40.6212 33.3125 0.901502 0.0902322 -0.995919 0.00163764
-39.5972 33.4146 0.902041 0.10565 -0.994403 -0.000638994
-38.5039 33.5365 0.902957 0.116385 -0.9932 0.00296455
-37.5006 33.6652 0.903533 0.140275 -0.990108 0.0031374
-36.4882 33.8208 0.904275 0.167087 -0.985941 -0.00124507
-35.428 34.0143 0.905155 0.183943 -0.98288 -0.0105896
-34.4069 34.2076 0.905539 0.188239 -0.982065 -0.0107107
-33.7223 34.3423 0.905528 0.210498 -0.977586 -0.00397647
-33.7776 34.3362 0.00141163 0.198304 -0.980133 -0.00377518
-34.8674 34.1274 0.00155789 0.185678 -0.982606 -0.00285746
-35.9088 33.9321 0.00116001 0.183833 -0.982935 -0.00669206
-36.9927 33.7405 0.00123498 0.154485 -0.987977 -0.00597456
-38.0167 33.5931 0.00147563 0.127673 -0.991816 0.00118566
-39.0542 33.4725 0.00150558 0.108795 -0.994061 0.0026695
-40.0544 33.3669 0.00156361 0.100162 -0.994967 0.00279828
-41.2116 33.2615 0.00141059 0.0847518 -0.996401 0.00171173
-41.7733 33.2147 0.00160271 0.0800192 -0.996793 4.71321e-05
-41.6745 33.2217 -0.898175 0.0798505 -0.996806 0.00110522
-40.5494 33.3158 -0.898747 0.0958535 -0.995395 0.000343863
-39.3925 33.4346 -0.899456 0.104418 -0.994533 0.00107054
-38.3525 33.5529 -0.900227 0.123362 -0.992355 -0.00379394
-37.2089 33.7113 -0.901263 0.145169 -0.989397 -0.0043446
-36.0387 33.9105 -0.90179 0.17994 -0.983677 -0.00112294
-34.9244 34.1152 -0.902205 0.182915 -0.983109 0.00622746
-33.9254 34.3089 -0.902633 0.202467 -0.979285 -0.00295816
-33.6964 34.3563 -0.902833 0.202467 -0.979285 -0.00295816
-33.8602 34.3251 -1.80698 0.209697 -0.977757 -0.00436579
-34.9634 34.1044 -1.80651 0.188961 -0.981985 4.2872e-05
-35.9628 33.9253 -1.80547 0.172382 -0.985023 -0.00376416
-37.1025 33.7358 -1.80395 0.155707 -0.987783 -0.00632451
-38.2168 33.5697 -1.80207 0.134556 -0.990897 -0.00416657
-39.3124 33.4407 -1.80028 0.107557 -0.994194 0.00315811
-40.3655 33.3316 -1.79885 0.0951789 -0.995455 0.00323233
-41.391 33.2433 -1.79817 0.0751697 -0.997165 0.00324653
-41.6764 33.2223 -1.79803 0.0718513 -0.997415 0.000393412
-41.795 33.2125 -2.69678 0.0672334 -0.997721 0.00571982
-40.7478 33.2954 -2.69831 0.0884796 -0.996078 0.00010325
-39.7099 33.3966 -2.7002 0.102714 -0.99471 0.0012653
-38.596 33.5252 -2.70259 0.119651 -0.992791 -0.00704757
-37.485 33.6779 -2.70542 0.141719 -0.989901 -0.00355437
-36.4142 33.8509 -2.7079 0.167096 -0.985941 0.000318943
-35.2918 34.0455 -2.71023 0.176034 -0.984379 -0.00326913
-34.2434 34.2492 -2.71178 0.200532 -0.979665 -0.00659402
-33.7622 34.3485 -2.71284 0.220425 -0.975359 -0.00933864
-33.7435 34.3602 -3.61729 0.216082 -0.976351 -0.00692848
-34.7827 34.1449 -3.61595 0.192255 -0.981342 -0.00235977
-35.8834 33.9416 -3.613 0.172578 -0.984986 -0.00447802
-36.9682 33.7602 -3.60936 0.162448 -0.986712 -0.00319207
-38.0956 33.5958 -3.60586 0.132578 -0.991173 0.000140864
-39.2518 33.45 -3.60142 0.120241 -0.992742 -0.00237726
-40.2992 33.3378 -3.59861 0.0972067 -0.995264 0.000271612
-41.331 33.2471 -3.59604 0.0843675 -0.996435 -0.000358046
-41.7683 33.2127 -3.59516 0.0661658 -0.997809 -0.00047838
-41.6701 33.2192 -4.49387 0.0735126 -0.997291 -0.00256344
-40.653 33.3053 -4.49642 0.089624 -0.995974 -0.00160238
-39.5335 33.4172 -4.5003 0.108475 -0.994099 -0.000226902
-38.3317 33.5615 -4.50643 0.124461 -0.992206 0.00602614
-37.2994 33.7113 -4.51092 0.154387 -0.988008 0.00204241
-36.3126 33.8771 -4.5148 0.174728 -0.984491 -0.0157179
-35.1661 34.0824 -4.52005 0.176181 -0.984251 -0.0144797
-34.1602 34.2711 -4.52329 0.193764 -0.981008 -0.00885859
-33.8931 34.3255 -4.52393 0.205646 -0.978574 -0.0100904
-35.5192 34.0278 -5.42355 0.176171 -0.984358 -0.00187343
-36.6647 33.8215 -5.41715 0.181843 -0.983326 -0.00191464
-37.7211 33.6468 -5.41079 0.140694 -0.990046 -0.00366412
-38.6227 33.5235 -5.40579 0.126664 -0.991932 -0.00518441
-39.5317 33.4162 -5.40001 0.106922 -0.994257 -0.00455909
-40.5925 33.3117 -5.395 0.0933464 -0.995634 3.8883e-05
-41.5751 33.2264 -5.39163 0.074349 -0.997226 0.00355592
-41.5733 33.221 5.39294 0.0729618 -0.997335 -0.000450624
-40.429 33.3203 5.39722 0.0952391 -0.995447 -0.00378775
-39.4047 33.4327 5.40204 0.116543 -0.993185 -0.00117641
-38.9501 33.4884 5.40434 0.120878 -0.992665 0.00209824
-37.7651 33.638 5.41251 0.130553 -0.991441 0.000695335
-36.7633 33.7823 5.41881 0.152527 -0.988299 -0.000231634
-35.7418 33.9549 5.42488 0.180627 -0.983552 0.000523214
-34.5685 34.1782 5.43182 0.193769 -0.981029 0.00600019
-34.5556 34.1807 5.43188 0.193761 -0.98103 0.0060015
-34.5502 34.1818 5.43191 0.193644 -0.981054 0.00587363
