18.5988 34.6917 1.42162 -0.197541 -0.980291 -0.00272778
18.602 34.6911 0.239783 -0.208763 -0.977966 -0.000578288
18.6465 34.6792 -0.901357 -0.205963 -0.978559 0.00140864
18.6309 34.6829 -2.0147 -0.197044 -0.980394 0.000901783
18.6159 34.6852 -3.04113 -0.196254 -0.98054 0.00505205
18.6269 34.6859 -4.06571 -0.205075 -0.978724 -0.00536227
18.624 34.6958 -5.14309 -0.200749 -0.979607 -0.00838175
19.0728 34.607 -5.92427 -0.201852 -0.9794 -0.005409
20.0731 34.4112 -5.94606 -0.188273 -0.982112 -0.00291923
21.1035 34.2371 -5.94077 -0.162468 -0.986698 0.00550755
22.1415 34.0704 -5.95819 -0.144308 -0.989486 0.00547331
23.2476 33.9222 -5.92168 -0.124209 -0.992247 0.00216243
24.2439 33.8063 -5.96577 -0.10497 -0.994449 -0.0057349
25.3255 33.6994 -5.96272 -0.0915457 -0.995798 -0.00231268
26.3464 33.6107 -5.96324 -0.0791433 -0.996859 -0.00277146
27.4814 33.5288 -5.94686 -0.0634111 -0.997979 0.00421888
27.8302 33.5086 -5.16185 -0.0617603 -0.998089 -0.00152067
27.8671 33.5029 -4.08868 -0.0615202 -0.998098 -0.00394455
27.858 33.4996 -2.90835 -0.0643683 -0.997919 -0.00385534
27.8201 33.4983 -1.77917 -0.0616815 -0.998096 -7.11249e-05
27.8144 33.5009 -0.689497 -0.057772 -0.99833 -0.000548084
27.8525 33.498 0.342052 -0.0608457 -0.998144 -0.00191657
27.8505 33.497 1.46286 -0.0626399 -0.998034 -0.00195515
27.842 33.4966 2.58096 -0.0591611 -0.998247 -0.00193789
27.8424 33.4929 3.6176 -0.064613 -0.997903 -0.000411853
27.8411 33.4958 4.77807 -0.0647447 -0.997902 0.000546221
27.7588 33.4961 5.83389 -0.0633901 -0.997957 -0.00797244
26.7497 33.5629 5.98334 -0.0683938 -0.997637 -0.00652117
25.6167 33.6598 5.94791 -0.0952482 -0.995435 0.00378836
24.5546 33.7687 5.95377 -0.106178 -0.994345 -0.00146781
23.5439 33.8879 5.96672 -0.126892 -0.991916 0.000966713
22.4323 34.0389 5.91688 -0.142612 -0.989776 0.00157218
21.238 34.2258 5.95078 -0.169534 -0.985516 0.00393709
20.205 34.4065 5.95197 -0.17922 -0.983808 0.00121225
19.139 34.6058 5.91551 -0.184411 -0.982816 0.00804557
18.6454 34.6944 5.25311 -0.188176 -0.982132 0.00195826
18.6597 34.694 4.24714 -0.191532 -0.981479 -0.00375335
18.6584 34.6914 3.13236 -0.192136 -0.981321 0.00959233
18.6161 34.6926 2.11222 -0.194994 -0.980761 0.00840988
18.6016 34.6907 1.59311 -0.19754 -0.980291 -0.00273588
17.5905 34.9137 1.66389 -0.226856 -0.973918 0.00455432
17.5812 34.9179 0.625574 -0.220183 -0.975455 -0.0023647
17.6032 34.9077 -0.514076 -0.219288 -0.97562 0.00888748
17.579 34.9072 -1.52493 -0.220475 -0.975383 0.0043099
17.5865 34.9077 -2.56113 -0.221171 -0.975209 -0.006977
17.5979 34.9092 -3.58663 -0.232091 -0.972685 -0.00432487
17.6084 34.9109 -4.59286 -0.223723 -0.974633 -0.00621066
17.5959 34.9172 -5.61974 -0.21508 -0.976576 -0.00627294
17.6063 34.9187 -6.65788 -0.210064 -0.977686 -0.00171937
18.4652 34.7393 -6.99143 -0.204823 -0.978791 -0.00396921
19.5139 34.5219 -7.00467 -0.195105 -0.980775 -0.0038053
20.6555 34.3123 -6.9821 -0.170522 -0.985346 -0.0034358
21.648 34.1449 -7.00979 -0.158461 -0.987335 -0.00776962
22.7087 33.9902 -6.97366 -0.129931 -0.991523 -0.000261132
23.8306 33.854 -7.02118 -0.116348 -0.993204 -0.00011917
24.8518 33.7465 -7.01401 -0.0989599 -0.995091 -0.000690328
26.0415 33.6367 -7.02961 -0.0857823 -0.996313 0.0011563
27.0515 33.5555 -7.02268 -0.0730843 -0.997314 0.00436764
28.2234 33.4831 -6.99811 -0.0526782 -0.99861 0.00169737
28.9196 33.4477 -6.42053 -0.0477964 -0.998854 -0.00240461
28.8873 33.4481 -5.39735 -0.0531649 -0.998579 -0.00216397
28.9022 33.4434 -4.33753 -0.0512141 -0.998669 -0.0061577
28.9013 33.4401 -3.27237 -0.053731 -0.998555 -0.000606648
28.8673 33.4387 -2.19537 -0.0516408 -0.998662 -0.00019909
28.8626 33.4419 -1.07145 -0.0526556 -0.998594 0.00603456
28.8813 33.4404 -0.0152488 -0.0520845 -0.998631 -0.00485609
28.8776 33.4381 1.13347 -0.0532242 -0.998583 0.000412033
28.8857 33.4366 2.2283 -0.0592759 -0.998233 -0.00405712
28.8877 33.433 3.31874 -0.0533132 -0.998572 -0.00347884
28.8838 33.4297 4.35782 -0.0593565 -0.998236 -0.000742538
28.8927 33.4268 5.46223 -0.061574 -0.998092 -0.00460813
28.8816 33.4198 6.49825 -0.0592168 -0.998218 -0.00712141
28.1516 33.4606 6.97898 -0.0624963 -0.998023 -0.00659065
27.1483 33.5275 7.02555 -0.0714475 -0.997435 -0.00423068
26.1427 33.6113 7.02335 -0.0889127 -0.996038 0.00195456
25.1088 33.7085 6.98124 -0.0999919 -0.994985 -0.000410933
23.8776 33.847 7.01738 -0.121331 -0.9926 0.0045203
22.8238 33.9837 7.00257 -0.139805 -0.99017 -0.000922344
21.6957 34.1544 6.9817 -0.160992 -0.986952 0.00260633
20.5611 34.3435 7.01741 -0.169832 -0.985473 0.00077915
19.5566 34.534 7.00017 -0.193202 -0.98115 0.00423678
18.4894 34.7415 6.96213 -0.190094 -0.981737 0.00754216
17.6321 34.9238 6.6411 -0.220012 -0.975415 0.0126293
17.618 34.9098 5.57931 -0.215677 -0.976274 0.0182304
17.6158 34.9059 4.48999 -0.223071 -0.974798 -0.00290028
17.6327 34.9033 3.40857 -0.205737 -0.9786 -0.0038222
17.6181 34.9068 2.35879 -0.227749 -0.973712 -0.00389517
17.5906 34.9137 1.66756 -0.226847 -0.97392 0.00455093
19.1788 34.5792 1.80748 -0.189394 -0.981851 0.00989348
20.3329 34.3696 1.80612 -0.170885 -0.98529 -0.00157726
21.3389 34.1993 1.80469 -0.161877 -0.98681 0.00107898
22.4472 34.0321 1.80319 -0.1414 -0.989952 -0.00122312
23.4551 33.8973 1.80158 -0.122997 -0.992391 -0.00562352
24.6539 33.7644 1.79994 -0.103639 -0.994615 0.000608758
25.6993 33.6619 1.79886 -0.0926282 -0.995701 -3.51378e-05
26.7894 33.5684 1.79798 -0.0796224 -0.996825 -0.000799303
27.2856 33.5329 1.79784 -0.0675798 -0.997712 -0.00197256
27.2861 33.5321 2.69595 -0.0678621 -0.997694 0.00114883
26.1408 33.6209 2.6976 -0.0872194 -0.996179 -0.0043873
25.0916 33.7192 2.6993 -0.0977825 -0.995205 -0.00244699
24.07 33.8251 2.70119 -0.114263 -0.99345 0.000837509
23.0619 33.9459 2.70354 -0.131345 -0.991333 -0.00274495
22.0106 34.0958 2.70584 -0.148512 -0.98891 -0.001501
20.8784 34.2743 2.70787 -0.166529 -0.986035 -0.00151337
19.8096 34.4661 2.70969 -0.184382 -0.982854 0.00109257
19.2053 34.5809 2.71073 -0.191682 -0.981421 0.00838177
19.3596 34.5576 3.61442 -0.191358 -0.981516 0.00304663
20.3667 34.3683 3.61238 -0.172768 -0.98494 0.00666969
21.3973 34.1938 3.60993 -0.16095 -0.986953 0.00435472
22.3983 34.038 3.60644 -0.143272 -0.989683 0.000735909
23.5268 33.8896 3.60332 -0.117858 -0.99303 0.000704267
24.5681 33.7707 3.60015 -0.107947 -0.994156 -0.00105984
25.6986 33.6582 3.59734 -0.0916802 -0.995787 -0.00184166
26.9001 33.5581 3.59528 -0.0764325 -0.997072 0.00216129
27.26 33.532 3.5948 -0.0672504 -0.997732 0.0027573
27.2903 33.5316 4.49223 -0.065207 -0.997871 0.000765309
26.205 33.6112 4.49486 -0.0787982 -0.996888 0.00216173
25.0679 33.7173 4.49827 -0.101558 -0.994829 0.000999763
23.9433 33.841 4.5024 -0.115672 -0.993286 -0.00163269
22.9326 33.9661 4.50622 -0.129124 -0.991628 -0.00133632
21.8068 34.1298 4.51093 -0.156978 -0.987602 0.000829973
20.7573 34.305 4.51485 -0.173174 -0.984883 0.00410303
19.7066 34.4939 4.51808 -0.185603 -0.982624 0.00118017
19.1783 34.5933 4.51953 -0.18592 -0.982547 -0.00602122
20.2769 34.3932 5.42052 -0.175643 -0.984453 0.00116761
21.2877 34.216 5.41605 -0.169914 -0.985458 0.00127806
21.3659 34.2025 5.41567 -0.169651 -0.985503 0.00164298
22.7655 33.9903 5.40828 -0.135711 -0.990744 0.00292038
23.8605 33.8481 5.40303 -0.120406 -0.992722 -0.00239338
24.933 33.7296 5.39766 -0.104603 -0.99451 -0.00286001
26.0172 33.6229 5.39355 -0.0850448 -0.996372 -0.00318062
27.0473 33.5458 5.39033 -0.06809 -0.997671 -0.00407177
27.0561 33.5452 5.3903 -0.0669776 -0.997744 -0.00466467
27.2196 33.5389 0.898959 -0.0703519 -0.997522 -0.000511616
26.2206 33.6162 0.899144 -0.0801886 -0.99678 1.42002e-05
25.1898 33.7096 0.899753 -0.0992671 -0.995059 0.00199146
24.0867 33.8242 0.900367 -0.107135 -0.99422 0.00691865
23.087 33.9444 0.901004 -0.127455 -0.991844 0.000279318
22.0708 34.0878 0.901793 -0.142842 -0.98973 -0.00555682
20.8996 34.272 0.902512 -0.167101 -0.98594 0.000648782
19.7927 34.464 0.903194 -0.17317 -0.984892 0.000520689
19.1887 34.5735 0.903605 -0.187073 -0.982346 0.000201696
19.1827 34.5712 3.67156e-05 -0.194455 -0.980892 -0.00614257
20.3041 34.3677 0.000107077 -0.175571 -0.984429 0.00865957
21.3403 34.1974 -6.37913e-06 -0.152983 -0.988228 0.00078975
22.3691 34.0468 -7.46837e-05 -0.143004 -0.989721 -0.00132281
23.5614 33.8834 -1.2555e-06 -0.120937 -0.992647 0.00520796
24.6235 33.766 0.000122843 -0.100771 -0.994908 0.00173991
25.6628 33.6644 -3.81085e-05 -0.0932075 -0.995646 0.00122207
26.7294 33.5762 -0.000393656 -0.0747197 -0.997203 0.00172092
27.1602 33.5444 -0.000534058 -0.0712337 -0.997456 0.00259434
27.1418 33.544 -0.899351 -0.0697472 -0.997564 0.000633341
26.1129 33.6235 -0.899546 -0.0853841 -0.996348 0.000794754
25.08 33.7181 -0.90029 -0.100094 -0.994976 0.00207035
24.0481 33.8254 -0.900648 -0.109747 -0.993959 -0.000454755
22.9548 33.9631 -0.901419 -0.137483 -0.9905 0.00301264
21.8699 34.1176 -0.902125 -0.141502 -0.989932 0.00344651
20.7471 34.2893 -0.902788 -0.162821 -0.986653 -0.00220008
19.672 34.4802 -0.903304 -0.180445 -0.983585 -0.000120287
19.1793 34.5723 -0.903447 -0.186857 -0.982375 -0.00482328
19.2445 34.5609 -1.80752 -0.187606 -0.982239 -0.00319913
20.2727 34.3694 -1.80625 -0.172863 -0.984943 0.00214257
21.3541 34.1904 -1.80498 -0.150289 -0.988638 0.00282624
22.5087 34.0214 -1.80335 -0.140833 -0.990023 0.00445612
23.7329 33.8611 -1.80152 -0.119949 -0.99278 6.77024e-05
24.7892 33.746 -1.80038 -0.0994521 -0.995038 -0.0029778
25.8345 33.6483 -1.79934 -0.0884837 -0.996078 0.000115648
26.9628 33.5573 -1.79837 -0.0746216 -0.99721 -0.00184807
27.1839 33.5411 -1.79827 -0.0730852 -0.997324 -0.00199465
27.2727 33.5373 -2.69684 -0.0707728 -0.997482 -0.0046414
26.1646 33.6245 -2.69807 -0.0857592 -0.996312 -0.00294865
25.0788 33.721 -2.69952 -0.091176 -0.995831 -0.00279214
23.9053 33.8435 -2.70169 -0.116473 -0.993194 -0.000767053
22.8901 33.9677 -2.70414 -0.125368 -0.992104 -0.0034
21.7459 34.132 -2.70672 -0.148854 -0.988859 -0.000640434
20.6839 34.2989 -2.70897 -0.167069 -0.985943 -0.00210367
19.4961 34.5131 -2.71095 -0.190015 -0.981777 -0.00294841
19.1774 34.5746 -2.71126 -0.18957 -0.981867 -0.00063269
19.2758 34.5566 -3.61563 -0.182667 -0.983162 -0.00496995
20.2814 34.3713 -3.6133 -0.179437 -0.983769 0.00120306
21.4513 34.1793 -3.61003 -0.152462 -0.988306 -0.00263393
22.5166 34.0193 -3.60667 -0.140478 -0.990083 0.00112605
23.5967 33.8795 -3.60314 -0.123341 -0.992364 -0.000137982
24.6928 33.757 -3.59991 -0.0987351 -0.995113 -0.00100117
25.7651 33.6599 -3.59734 -0.0879623 -0.996124 0.000578727
26.7715 33.5772 -3.59574 -0.0748707 -0.99719 -0.00248107
27.325 33.5375 -3.59499 -0.0686351 -0.997633 -0.00410325
27.2598 33.5441 -4.49277 -0.0644936 -0.997918 -0.000858896
26.1687 33.6247 -4.49498 -0.0817036 -0.996652 0.00309606
25.1284 33.7167 -4.49795 -0.092604 -0.995697 0.00333419
24.1273 33.8161 -4.50142 -0.11139 -0.993771 -0.00353085
23.123 33.94 -4.5054 -0.126762 -0.991931 -0.00218931
22.0233 34.0932 -4.51049 -0.14904 -0.988831 8.81958e-05
21.0104 34.2536 -4.51454 -0.159205 -0.987235 -0.00463378
20.0072 34.4243 -4.51852 -0.174342 -0.984683 -0.00180906
19.2626 34.5632 -4.52077 -0.186216 -0.982495 -0.00519663
21.3541 34.1983 -5.41663 -0.161168 -0.986923 0.0029374
22.4408 34.0305 -5.40984 -0.144092 -0.989564 -9.43384e-05
22.5423 34.0163 -5.40933 -0.137227 -0.990538 -0.00159275
23.486 33.8935 -5.40434 -0.122302 -0.992492 0.00156823
24.5417 33.7735 -5.39862 -0.0956174 -0.995413 -0.00315808
25.5535 33.6782 -5.3944 -0.0899441 -0.995947 -0.000109431
26.6709 33.5853 -5.3912 -0.0772812 -0.997007 0.00192998
26.8498 33.5724 -5.39077 -0.0678307 -0.997696 0.0013013
27.0074 33.5617 -5.39037 -0.0681467 -0.997673 0.00192278
