-46.9116 45.033 -4.00822 0.0276995 -0.999615 0.00136121
-46.8888 45.032 -5.14157 0.0271805 -0.999629 0.00167566
-46.5107 45.0407 -6.05805 0.0271875 -0.999629 0.001403
-45.4518 45.071 -6.10468 0.0294539 -0.999565 0.00145165
-44.4464 45.1014 -6.1011 0.0315591 -0.999502 0.00085032
-43.3927 45.1373 -6.07402 0.0354249 -0.999372 0.00123002
-42.333 45.1757 -6.0916 0.037195 -0.999308 0.000698582
-41.2994 45.2147 -6.11003 0.0381674 -0.999271 0.000572902
-40.2988 45.2525 -6.10306 0.0376688 -0.99929 -6.2198e-05
-39.1112 45.297 -6.06534 0.0370344 -0.999314 -0.000665844
-38.3333 45.3271 -5.67408 0.0412156 -0.999148 -0.00220675
-38.3022 45.3282 -4.64722 0.0402908 -0.999186 0.00201617
-38.2796 45.3304 -3.59693 0.038402 -0.999261 0.00160166
-38.2946 45.3314 -2.55307 0.0383256 -0.999265 0.000332549
-38.3045 45.3317 -1.54066 0.0394956 -0.999219 0.00112509
-38.2819 45.3334 -0.493711 0.0391477 -0.999233 0.000568499
-38.2983 45.3322 0.55647 0.0391846 -0.999231 -0.00124479
-38.2859 45.3316 1.57762 0.0389439 -0.999241 -0.00120545
-38.3138 45.3319 2.76392 0.0378572 -0.99928 0.00246881
-38.3282 45.334 3.81477 0.040259 -0.999188 0.00170584
-38.2917 45.3367 4.9243 0.0401205 -0.999194 0.00112127
-38.5195 45.3295 6.03449 0.0397323 -0.999208 0.00214144
-39.6391 45.285 6.10372 0.0398878 -0.999202 0.0020946
-40.7764 45.2417 6.11171 0.0368739 -0.999318 0.00179449
-41.9782 45.1972 6.08706 0.0368438 -0.99932 0.00173183
-43.1098 45.1566 6.05995 0.034632 -0.999399 0.00147739
-44.1834 45.1218 6.08523 0.0312988 -0.99951 0.000677982
-45.318 45.087 6.09402 0.0304937 -0.999535 0.000734498
-46.354 45.0562 6.08412 0.0285471 -0.999592 0.000708754
-46.8797 45.0412 5.36754 0.0269805 -0.999636 -0.000185847
-46.8998 45.0412 4.34821 0.0278484 -0.999612 -0.000559351
-46.8906 45.0414 3.32833 0.0278551 -0.999612 0.000219325
-46.8758 45.0411 2.27478 0.0281557 -0.999603 0.000863402
-46.8607 45.0406 1.26885 0.0279499 -0.999609 0.000829029
-46.8684 45.0394 0.264958 0.0280455 -0.999606 0.00111639
-46.8631 45.038 -0.85527 0.0275747 -0.999619 0.00146682
-46.8658 45.0367 -1.92483 0.0271613 -0.999631 0.000956846
-46.8972 45.0347 -3.0464 0.0276077 -0.999618 0.00123166
-46.9115 45.0332 -3.91082 0.0275968 -0.999618 0.00133132
-47.8689 45.0067 -3.89036 0.0277324 -0.999614 0.00144146
-47.8462 45.0064 -4.93362 0.0269412 -0.999636 0.00110316
-47.8364 45.0052 -5.94289 0.026835 -0.999639 0.00156335
-47.7701 45.0055 -6.96815 0.0265203 -0.999647 0.00172748
-46.7069 45.0338 -7.04825 0.0271279 -0.99963 0.00181838
-45.5782 45.0658 -7.05824 0.0291368 -0.999574 0.00154662
-44.5692 45.0962 -7.05137 0.0319461 -0.999488 0.00151984
-43.5053 45.1321 -7.03844 0.0357712 -0.999359 0.00105627
-42.4969 45.1686 -7.04826 0.0368602 -0.99932 0.000748451
-41.3473 45.2122 -7.05599 0.0386874 -0.999251 0.000768949
-40.1811 45.2571 -7.0524 0.037889 -0.999282 -0.000251652
-39.1754 45.2954 -7.0458 0.0388443 -0.999245 -0.000995355
-38.0819 45.3391 -7.04886 0.041073 -0.999156 -0.000413193
-37.3319 45.3709 -6.49278 0.0403001 -0.999187 0.00133774
-37.3516 45.3691 -5.38928 0.0448001 -0.998995 -0.00153248
-37.334 45.3694 -4.38552 0.0450313 -0.998986 -8.489e-05
-37.3268 45.3702 -3.37602 0.0440403 -0.99903 0.000252516
-37.3442 45.3702 -2.29702 0.042833 -0.999081 0.00131387
-37.3354 45.3717 -1.26337 0.0419222 -0.999121 0.000863321
-37.3296 45.3721 -0.186091 0.0410682 -0.999156 -0.000377938
-37.3475 45.3699 0.842222 0.0409845 -0.999158 -0.00205437
-37.3254 45.3691 2.02774 0.0393755 -0.999224 -0.000287076
-37.3578 45.3694 3.03437 0.0383091 -0.999262 0.0026339
-37.3439 45.3733 4.09316 0.0390373 -0.999235 0.0023087
-37.3355 45.376 5.17652 0.0410565 -0.999155 0.00187556
-37.3307 45.3783 6.18895 0.0421298 -0.999111 0.00115363
-37.7628 45.361 7.03147 0.0391586 -0.999232 0.00119762
-38.7927 45.3208 7.05224 0.0397872 -0.999207 0.00178139
-39.8932 45.2764 7.06034 0.0402412 -0.99919 0.000738863
-40.9828 45.236 7.05874 0.0363206 -0.999339 0.00181115
-41.9908 45.1989 7.05748 0.0372638 -0.999301 0.00304841
-43.1023 45.1586 7.05584 0.0342033 -0.999414 0.00150076
-44.2175 45.1219 7.07124 0.032019 -0.999487 0.0010675
-45.2345 45.09 7.06988 0.0306225 -0.999531 0.000176982
-46.2767 45.0588 7.06046 0.0291401 -0.999575 1.74461e-05
-47.3149 45.0298 7.04989 0.0268479 -0.999639 0.000275429
-47.8392 45.0158 6.36113 0.0264313 -0.99965 0.000404088
-47.8464 45.0149 5.22808 0.0271505 -0.999631 0.000466567
-47.8629 45.0143 4.17372 0.0275236 -0.999621 -4.43924e-05
-47.8492 45.0144 3.10524 0.0280159 -0.999607 0.000624221
-47.8548 45.0133 2.00366 0.0282625 -0.9996 0.000947286
-47.8351 45.0128 0.901089 0.0281939 -0.999602 0.000927029
-47.8449 45.0114 -0.188548 0.0281727 -0.999602 0.00107715
-47.807 45.0115 -1.28214 0.0275116 -0.999621 0.000891077
-47.8434 45.0095 -2.28948 0.0276024 -0.999618 0.00103279
-47.8516 45.0081 -3.29392 0.0270082 -0.999634 0.00127757
-47.8676 45.007 -3.69947 0.0277429 -0.999614 0.00144383
-46.3782 45.0483 -3.588 0.0281599 -0.999603 0.00118343
-45.3646 45.0779 -3.58807 0.0302356 -0.999541 0.00192711
-44.327 45.1101 -3.58816 0.0316545 -0.999497 0.00180326
-43.1819 45.1483 -3.58827 0.0346181 -0.9994 0.00108522
-42.1267 45.1854 -3.58836 0.0354603 -0.999371 0.000750354
-41.0227 45.2255 -3.58846 0.0368208 -0.999321 0.00106244
-40.0059 45.265 -3.58852 0.0387158 -0.99925 0.00115327
-38.9941 45.3035 -3.58857 0.0372124 -0.999306 0.00161809
-38.7969 45.3091 -4.48571 0.0380141 -0.999275 0.00189944
-40.0092 45.2638 -4.48563 0.0378982 -0.999281 0.00116695
-41.0821 45.2231 -4.48555 0.0374715 -0.999298 9.38039e-05
-42.2014 45.1818 -4.48542 0.0362085 -0.999344 0.00113558
-43.2541 45.1442 -4.4853 0.0356589 -0.999363 0.00168955
-44.3033 45.1087 -4.48517 0.0313677 -0.999505 0.00235261
-45.4916 45.0721 -4.48505 0.0293663 -0.999566 0.00212861
-46.3944 45.0466 -4.48497 0.0276616 -0.999616 0.00157885
-46.2965 45.0479 -5.38193 0.0281746 -0.999601 0.00182986
-45.252 45.0778 -5.38205 0.0290847 -0.999576 0.00112663
-44.2052 45.1101 -5.3822 0.032603 -0.999467 0.0016812
-43.177 45.1457 -5.38236 0.0354709 -0.99937 0.00106927
-42.0691 45.186 -5.38253 0.0370625 -0.999313 0.000856455
-41.0225 45.2254 -5.38266 0.0374261 -0.999299 -9.77085e-05
-39.9408 45.2659 -5.38277 0.0371876 -0.999308 -9.8938e-05
-38.8711 45.3056 -5.38287 0.0378118 -0.999285 -0.000455719
-38.7855 45.3128 -2.69147 0.036929 -0.999318 0.000341532
-39.8468 45.2726 -2.69143 0.0394493 -0.999222 0.000366721
-40.8731 45.2319 -2.69138 0.0378343 -0.999282 0.00213942
-42.0623 45.1884 -2.6913 0.0356854 -0.999363 0.000825992
-43.0928 45.152 -2.69123 0.0342069 -0.999415 0.000139217
-44.2974 45.1121 -2.69115 0.0317579 -0.999496 0.000345464
-45.3414 45.0796 -2.69108 0.0305354 -0.999533 0.000806189
-46.399 45.0489 -2.69101 0.028181 -0.999602 0.000927012
-46.2811 45.053 -1.79402 0.0279818 -0.999608 0.000947394
-45.2394 45.0831 -1.79408 0.0301752 -0.999544 0.000943046
-44.1257 45.1177 -1.79414 0.032015 -0.999487 0.000653869
-43.0749 45.1529 -1.79419 0.0342716 -0.999413 4.80046e-05
-42.0746 45.1886 -1.79424 0.0362283 -0.999343 0.000970273
-40.9719 45.2294 -1.79429 0.0378801 -0.999281 0.00159451
-39.9626 45.2685 -1.79433 0.0383946 -0.999262 0.00068331
-38.9277 45.3076 -1.79436 0.0371349 -0.99931 -5.08204e-05
-38.7995 45.3124 -1.79436 0.0371395 -0.99931 -0.000100577
-38.8215 45.312 -0.897263 0.038477 -0.999259 0.000727868
-39.8566 45.273 -0.897251 0.0374372 -0.999299 0.000201867
-40.9717 45.2302 -0.897228 0.0378074 -0.999285 0.000572058
-42.0014 45.1921 -0.897191 0.0366528 -0.999328 0.000925821
-43.1141 45.1521 -0.89715 0.0349614 -0.999388 0.00120431
-44.2226 45.115 -0.897107 0.0314781 -0.999504 0.000980202
-45.2346 45.0841 -0.897069 0.0290845 -0.999576 0.00127409
-46.3394 45.0525 -0.897035 0.02805 -0.999605 0.00165698
-46.3786 45.0528 -3.43386e-05 0.0280445 -0.999606 0.00123632
-45.3373 45.0823 -6.32242e-05 0.0288376 -0.999583 0.00124028
-44.1825 45.1174 -8.88678e-05 0.0315482 -0.999502 0.00107151
-43.015 45.1564 -0.000115108 0.0350313 -0.999385 0.0016756
-41.9046 45.1962 -0.000139942 0.0365705 -0.999331 0.000645781
-40.8351 45.2359 -0.000164438 0.0374529 -0.999298 4.5601e-05
-39.8024 45.2752 -0.000181608 0.0380452 -0.999276 0.000124884
-38.878 45.31 -0.000187415 0.0384212 -0.999262 -0.000294153
-38.8358 45.3112 0.896889 0.0379301 -0.99928 -0.000982345
-39.9559 45.2691 0.896893 0.0376425 -0.999291 -0.000482229
-41.1623 45.2237 0.896903 0.0371673 -0.999309 0.000198273
-42.2932 45.1824 0.896911 0.0356794 -0.999363 0.000751074
-43.5102 45.1406 0.896925 0.0332813 -0.999445 0.00140538
-44.6876 45.1026 0.896942 0.03106 -0.999516 0.00146422
-45.7191 45.0722 0.896948 0.0280691 -0.999606 0.000747952
-46.3086 45.0557 0.896951 0.0279757 -0.999608 0.000874794
-46.2342 45.0585 1.79397 0.0277261 -0.999615 0.000908427
-45 45.0936 1.79396 0.0293938 -0.999568 0.000398989
-43.8847 45.129 1.79395 0.0324401 -0.999474 0.000252803
-42.7741 45.1661 1.79395 0.0342024 -0.999415 -8.7793e-05
-41.7525 45.2021 1.79395 0.0361155 -0.999348 -7.92664e-05
-40.6019 45.2447 1.79396 0.0371905 -0.999308 -2.74115e-05
-39.5912 45.2824 1.79395 0.0377201 -0.999288 0.000212435
-38.8646 45.3097 1.79395 0.0375308 -0.999295 5.73795e-05
-39.0197 45.3046 2.69101 0.0382137 -0.999269 0.00145046
-40.0496 45.2653 2.69102 0.0375835 -0.999293 -4.97903e-05
-41.1529 45.2242 2.69101 0.0366414 -0.999328 8.41148e-05
-42.1567 45.1879 2.691 0.0355843 -0.999367 0.000268758
-43.3211 45.1476 2.69098 0.0328934 -0.999459 -0.000278695
-44.4 45.1128 2.69096 0.0320585 -0.999486 0.000731796
-45.5037 45.0795 2.69095 0.0284156 -0.999596 0.000652362
-46.3187 45.0568 2.69094 0.0276223 -0.999618 0.00075611
-46.2678 45.0588 3.58792 0.027861 -0.999612 0.000349443
-45.2541 45.0874 3.58794 0.0299911 -0.99955 0.000698845
-44.0755 45.1238 3.58798 0.0314246 -0.999506 0.00104456
-42.9084 45.1623 3.58802 0.0342902 -0.999411 0.00115282
-41.8056 45.2012 3.58806 0.0359033 -0.999355 0.00107082
-40.7883 45.2379 3.58808 0.0366534 -0.999328 0.000534066
-39.7484 45.2772 3.58809 0.0393057 -0.999227 0.000495165
-38.9518 45.3086 3.58808 0.0393765 -0.999223 0.00160008
-38.792 45.3162 4.48517 0.0402263 -0.99919 0.00121815
-39.8471 45.2743 4.48518 0.0383561 -0.999263 0.00126859
-40.942 45.2332 4.48515 0.0360186 -0.99935 0.00121204
-42.0203 45.1943 4.48509 0.0357914 -0.999359 0.000795599
-43.0654 45.1573 4.48504 0.0338774 -0.999426 -0.000620584
-44.197 45.1205 4.48498 0.031634 -0.9995 0.000123234
-45.2482 45.0881 4.48493 0.0296291 -0.999561 0.000416162
-46.2619 45.059 4.4849 0.0282616 -0.9996 -0.000665114
-46.3556 45.0563 4.4849 0.0280376 -0.999607 -0.000611754
-46.3142 45.057 5.38185 0.0285667 -0.999592 -0.000179171
-45.3044 45.0868 5.3819 0.0298886 -0.999553 0.000811274
-44.1579 45.122 5.38199 0.0306924 -0.999528 0.000912826
-43.0585 45.1575 5.38208 0.0344559 -0.999406 0.000550603
-41.8883 45.1996 5.38217 0.03727 -0.999305 0.000687151
-40.7385 45.2418 5.38224 0.0365274 -0.999331 0.00170222
-39.5941 45.2854 5.38228 0.0388006 -0.999245 0.00200761
-39.0434 45.3074 5.38229 0.0398192 -0.999205 0.00189867
-38.8972 45.3132 5.38229 0.0395823 -0.999215 0.00174249
