23.6794 45.7816 -3.06424 -0.0521872 -0.998634 0.00262875
23.7065 45.779 -4.07908 -0.0521967 -0.998637 0.000231317
23.7102 45.7784 -5.28048 -0.0523652 -0.998628 0.000577411
24.0928 45.7571 -6.13084 -0.0536659 -0.998557 0.00197717
25.1106 45.7019 -6.09503 -0.0544997 -0.99851 0.00257586
26.1521 45.6444 -6.0912 -0.0557937 -0.998441 0.00178216
27.2005 45.5858 -6.0923 -0.0557159 -0.998446 0.00109089
28.272 45.5263 -6.12393 -0.0544942 -0.998514 0.000602145
29.4491 45.462 -6.09509 -0.0552299 -0.99847 0.00251829
30.4914 45.4035 -6.09155 -0.0543288 -0.99852 0.00233263
31.5303 45.3472 -6.1126 -0.0524284 -0.998622 0.00210743
32.2342 45.3117 -5.61548 -0.0528495 -0.998598 0.00298652
32.2446 45.3138 -4.59699 -0.053442 -0.99857 0.00163186
32.2547 45.3144 -3.57406 -0.053647 -0.998559 0.00110395
32.2604 45.3158 -2.54696 -0.0528948 -0.998597 0.00237024
32.2559 45.3181 -1.5234 -0.0512544 -0.998685 0.000539204
32.2706 45.3176 -0.51887 -0.0513538 -0.99868 -0.000478152
32.2551 45.3191 0.632777 -0.0523064 -0.99863 0.00107972
32.2502 45.3195 1.72707 -0.0533976 -0.998573 -4.3284e-05
32.2537 45.3189 2.73679 -0.0544667 -0.998514 -0.00171802
32.2516 45.3185 3.84354 -0.0523519 -0.998626 0.00214244
32.2399 45.3219 5.01392 -0.0512624 -0.998684 0.00153701
32.1276 45.3285 6.00095 -0.0507769 -0.998709 0.00130759
31.1012 45.3818 6.09102 -0.0540375 -0.998536 0.00199268
30.0751 45.4393 6.12718 -0.0570381 -0.998369 0.00226443
28.9484 45.5058 6.11362 -0.0603074 -0.99818 0.000302286
27.7875 45.576 6.12419 -0.0610001 -0.998136 0.00182108
26.6637 45.6448 6.14763 -0.0605731 -0.99816 0.00258476
25.646 45.7049 6.09777 -0.0579486 -0.998317 0.00222456
24.6088 45.7644 6.09017 -0.0566664 -0.998388 0.00333032
23.7501 45.8101 5.77496 -0.0541887 -0.998526 0.00303152
23.7116 45.8086 4.75304 -0.0550031 -0.998478 0.00400196
23.6867 45.805 3.72528 -0.052745 -0.998599 0.00433526
23.696 45.8004 2.57221 -0.0510471 -0.99869 0.00365055
23.7117 45.7955 1.55932 -0.0513071 -0.998672 0.00473709
23.7057 45.7906 0.458888 -0.0507085 -0.998706 0.00385272
23.7145 45.7865 -0.607495 -0.05053 -0.99872 0.0024014
23.7084 45.7843 -1.62383 -0.0509174 -0.998699 0.00263003
23.6876 45.7822 -2.70629 -0.0516475 -0.998662 0.00243104
23.681 45.7822 -2.85334 -0.0518455 -0.998651 0.00270674
22.7176 45.8321 -2.81876 -0.0515198 -0.998669 0.00221337
22.7391 45.833 -1.79553 -0.0503777 -0.998729 0.00176441
22.7474 45.8347 -0.753869 -0.0499081 -0.99875 0.00262774
22.741 45.8387 0.286262 -0.0506836 -0.998704 0.00454899
22.7349 45.8441 1.36553 -0.0505453 -0.998711 0.00466476
22.736 45.8483 2.37004 -0.0513698 -0.998673 0.00372045
22.7323 45.8538 3.5202 -0.051817 -0.998642 0.00546525
22.7549 45.8591 4.58676 -0.053019 -0.998578 0.00552202
22.7402 45.865 5.79542 -0.0545791 -0.998506 0.00255499
22.799 45.8642 6.91776 -0.0529777 -0.998592 0.00282719
23.806 45.8123 7.064 -0.0542758 -0.998517 0.00435004
24.8841 45.7517 7.06103 -0.0579744 -0.998314 0.00275887
26.1019 45.6808 7.08906 -0.0592653 -0.998236 0.00342956
27.1153 45.6194 7.09097 -0.0611483 -0.998126 0.00233556
28.2421 45.5495 7.08811 -0.0618353 -0.998085 0.00125685
29.2803 45.4863 7.06819 -0.0589089 -0.998263 0.000472269
30.3764 45.4234 7.07941 -0.0548696 -0.998493 0.000554613
31.42 45.3663 7.05063 -0.0535357 -0.998566 0.000545168
32.4955 45.3105 7.08365 -0.050333 -0.998732 0.000872478
33.216 45.2732 6.61903 -0.051055 -0.998694 0.00167617
33.2063 45.2724 5.5137 -0.0538882 -0.998546 0.00167862
33.2047 45.2701 4.4261 -0.0509729 -0.998696 0.00279926
33.2291 45.2669 3.3388 -0.0509693 -0.998699 0.00150358
33.2217 45.2674 2.29276 -0.0528318 -0.998603 -2.81954e-06
33.1971 45.2694 1.28306 -0.0528604 -0.998602 -0.000902178
33.2126 45.269 0.176552 -0.0517391 -0.998661 2.36676e-05
33.2125 45.2689 -0.892791 -0.0530189 -0.998593 0.000978595
33.2025 45.2676 -2.00876 -0.0522959 -0.998629 0.0020315
33.2029 45.2651 -3.06105 -0.052162 -0.998636 0.00228582
33.1991 45.2632 -4.14278 -0.0535819 -0.998562 0.00167558
33.201 45.2611 -5.21345 -0.0544888 -0.998513 0.00185528
33.2065 45.2589 -6.33921 -0.0514264 -0.998675 0.00190811
32.6115 45.2879 -7.05248 -0.0505368 -0.998719 0.00237122
31.5208 45.3456 -7.07337 -0.0547883 -0.998496 0.00215896
30.473 45.4024 -7.05708 -0.0537668 -0.998553 0.0011227
29.4395 45.4597 -7.05356 -0.055858 -0.998433 0.00329961
28.3846 45.5189 -7.07656 -0.0561044 -0.998423 0.00183927
27.3601 45.5763 -7.06689 -0.0550812 -0.998482 0.000718169
26.2283 45.6384 -7.04717 -0.0550144 -0.998484 0.00178196
25.1818 45.6958 -7.05443 -0.054848 -0.998493 0.00202675
24.0786 45.7557 -7.08637 -0.0530444 -0.998591 0.00173591
23.0515 45.8094 -7.0511 -0.0515936 -0.998663 0.00311025
22.736 45.8284 -6.12314 -0.052425 -0.998622 0.00229117
22.7389 45.8301 -5.00695 -0.0536144 -0.998562 0.000547583
22.7398 45.83 -3.97462 -0.0527735 -0.998606 0.000309657
22.7152 45.832 -2.89261 -0.0522752 -0.998631 0.00154028
22.7149 45.8321 -2.86587 -0.0517246 -0.998659 0.00213246
24.3196 45.7494 -2.69151 -0.0519149 -0.998646 0.00345246
25.4514 45.6881 -2.69141 -0.0549392 -0.998487 0.00235246
26.4942 45.6306 -2.6913 -0.0549594 -0.998486 0.00222512
27.5358 45.5727 -2.6912 -0.0558403 -0.998437 0.00253001
28.5726 45.515 -2.6911 -0.0552975 -0.998467 0.00244272
29.5926 45.4603 -2.69099 -0.0523242 -0.99863 0.00105205
30.6142 45.4053 -2.6909 -0.0545837 -0.998507 0.00208724
31.7499 45.343 -2.69078 -0.0544668 -0.998514 0.00175509
31.5819 45.3531 -1.79378 -0.0533997 -0.998573 0.00027458
30.5162 45.4107 -1.79388 -0.0539646 -0.998543 -0.000233413
29.4651 45.4676 -1.79397 -0.0545699 -0.998509 0.00103679
28.339 45.5299 -1.79409 -0.0558916 -0.998434 0.00220984
27.3084 45.5875 -1.7942 -0.0554779 -0.998457 0.00220976
26.2189 45.6478 -1.79431 -0.0550916 -0.998479 0.00232895
25.0816 45.7106 -1.79444 -0.0549542 -0.998486 0.00251439
24.2393 45.7563 -1.79453 -0.0516937 -0.998658 0.00320707
24.4188 45.7493 -0.89752 -0.0527299 -0.998607 0.00207779
25.5096 45.6898 -0.897375 -0.0556634 -0.998444 0.00346186
26.5534 45.6314 -0.897254 -0.0557456 -0.998442 0.00233503
27.7081 45.5671 -0.897121 -0.0558746 -0.998436 0.00167385
28.7532 45.5084 -0.897012 -0.0563435 -0.998411 0.00118408
29.7793 45.4513 -0.896914 -0.0543835 -0.998519 0.00177378
31.0291 45.3828 -0.896808 -0.0551337 -0.998478 0.00126968
31.7455 45.3447 -0.896753 -0.0514614 -0.998675 0.000457687
31.7177 45.3466 0.00026379 -0.0530116 -0.998594 0.00050763
30.6264 45.4061 0.000187514 -0.0557066 -0.998447 0.000668416
29.5521 45.4647 0.000104319 -0.0548737 -0.998493 -8.59865e-05
28.4702 45.5253 -2.71738e-06 -0.0562721 -0.998415 0.000647949
27.3675 45.5877 -0.000132038 -0.0566064 -0.998395 0.00151249
26.2213 45.653 -0.000268457 -0.0568759 -0.998375 0.00358785
25.1565 45.7128 -0.000411502 -0.0545241 -0.998505 0.00384093
24.2563 45.7608 -0.000539947 -0.0508962 -0.998698 0.00355535
24.2419 45.7649 0.896453 -0.0513909 -0.998669 0.0043771
25.3011 45.7082 0.896628 -0.0557208 -0.99844 0.00359027
26.4054 45.6454 0.896803 -0.0578121 -0.998323 0.00305593
27.4217 45.5863 0.896941 -0.0581839 -0.998302 0.00281986
28.5046 45.5244 0.897066 -0.0560484 -0.998427 0.00147352
29.5206 45.4668 0.897152 -0.0554087 -0.998463 0.000858791
30.5453 45.4106 0.897226 -0.054104 -0.998535 -0.000221356
31.6673 45.3503 0.897301 -0.0532371 -0.998581 0.00101395
31.7697 45.3449 0.897306 -0.0532448 -0.998581 0.00101598
31.5571 45.3565 1.79435 -0.0534579 -0.99857 0.000138063
30.5248 45.4118 1.79429 -0.0539003 -0.998546 0.000619062
29.4906 45.4696 1.79421 -0.0574923 -0.998344 0.00213992
28.4126 45.5317 1.79412 -0.0572057 -0.998358 0.00290507
27.4141 45.5891 1.794 -0.0580523 -0.998308 0.00334199
26.3028 45.654 1.79384 -0.0577967 -0.998324 0.00279719
25.2499 45.7146 1.79366 -0.0565777 -0.998391 0.00372617
24.2559 45.7688 1.79347 -0.0520076 -0.998632 0.00535316
24.3673 45.7656 2.69056 -0.0531506 -0.998578 0.00413926
25.4106 45.708 2.69076 -0.0572346 -0.998357 0.00282552
26.5054 45.645 2.69094 -0.0575909 -0.998335 0.00311514
27.6283 45.5792 2.69111 -0.0583119 -0.998296 0.00231938
28.7384 45.5153 2.69122 -0.0589311 -0.99826 0.00182464
29.7766 45.4546 2.69131 -0.0580154 -0.998314 0.00165369
30.8187 45.3964 2.69137 -0.0539144 -0.998545 0.000401843
31.7167 45.3481 2.69142 -0.0540127 -0.99854 -0.0010786
31.7033 45.3479 3.58847 -0.054351 -0.998522 0.000104606
30.7036 45.4026 3.58844 -0.0549951 -0.998487 -0.000352397
29.7 45.4599 3.58839 -0.058855 -0.998267 -0.000237946
28.5123 45.5292 3.58831 -0.0571844 -0.998364 0.000320407
27.4638 45.5908 3.5882 -0.060286 -0.998179 0.00215531
26.2566 45.6621 3.58802 -0.0580377 -0.998311 0.00263869
25.2009 45.7224 3.58781 -0.0560199 -0.998425 0.00290193
24.3228 45.7706 3.58762 -0.0534335 -0.998565 0.00359344
24.3093 45.7748 4.48472 -0.0539581 -0.998535 0.00410659
25.4175 45.713 4.48498 -0.0568919 -0.998375 0.00333769
26.5407 45.6477 4.4852 -0.0594318 -0.99823 0.00217845
27.6014 45.584 4.48535 -0.0607182 -0.998153 0.00171597
28.6619 45.5211 4.48545 -0.0581777 -0.998306 0.000966604
29.7527 45.4567 4.48552 -0.0590604 -0.998254 -6.10245e-05
30.7729 45.398 4.48553 -0.0540624 -0.998537 0.000443061
31.6828 45.3498 4.48555 -0.0530176 -0.998593 0.000680327
31.6753 45.3509 5.38262 -0.0500088 -0.998749 8.00902e-05
30.6643 45.4049 5.38264 -0.055702 -0.998447 0.00102018
29.5761 45.4676 5.38265 -0.0596341 -0.99822 0.000183989
28.418 45.5371 5.38261 -0.0592652 -0.998242 0.00113917
27.4122 45.5972 5.38251 -0.0610987 -0.998128 0.0028267
26.204 45.6703 5.3823 -0.0586073 -0.998275 0.00338395
25.1264 45.7328 5.38206 -0.0568528 -0.998378 0.00292345
24.363 45.7755 5.38185 -0.0541465 -0.998525 0.00393209
24.1815 45.7545 -3.58852 -0.0522713 -0.998632 0.00165657
25.2604 45.6969 -3.58844 -0.0545922 -0.998508 0.00114648
26.2989 45.6396 -3.58835 -0.0549541 -0.998487 0.00172921
27.3036 45.5838 -3.58826 -0.0559138 -0.998433 0.00233253
28.3151 45.5274 -3.58816 -0.0555547 -0.998454 0.00193145
29.3878 45.4698 -3.58805 -0.0535394 -0.998565 0.00156232
30.5832 45.4047 -3.58792 -0.0549126 -0.998488 0.00267936
31.5439 45.3525 -3.58782 -0.0533629 -0.998574 0.00118689
31.747 45.3404 -4.48481 -0.0518086 -0.998655 0.00181258
30.6899 45.3966 -4.48494 -0.0547443 -0.998498 0.00231976
29.6424 45.4544 -4.48506 -0.0548615 -0.998492 0.002012
28.5825 45.5111 -4.48517 -0.053927 -0.998544 0.00131987
27.5188 45.5701 -4.48528 -0.0562112 -0.998418 0.00162552
26.484 45.6281 -4.48537 -0.0557524 -0.998444 0.00137691
25.4224 45.6871 -4.48545 -0.0550935 -0.998481 0.000575132
24.3341 45.746 -4.48552 -0.0532524 -0.998581 0.000411186
24.273 45.7492 -4.48553 -0.0523992 -0.998626 0.00064935
24.2422 45.7501 -5.38255 -0.0536325 -0.998561 0.000592605
25.4023 45.6873 -5.38247 -0.0545858 -0.998508 0.00117315
26.455 45.6285 -5.3824 -0.056061 -0.998426 0.00143926
27.554 45.5669 -5.38231 -0.0559247 -0.998434 0.00122965
28.6419 45.5069 -5.38221 -0.0538786 -0.998547 0.00114337
29.676 45.4512 -5.38209 -0.0560441 -0.998427 0.0015829
30.7245 45.3925 -5.38196 -0.0555628 -0.998451 0.00302944
31.7005 45.3404 -5.38183 -0.0520811 -0.998638 0.00298149
31.7357 45.3386 -5.38183 -0.0521345 -0.998636 0.00298513
