-47.6317 56.7765 2.72356 0.0399641 -0.9992 0.00129895
-47.5867 56.7799 3.88055 0.0397515 -0.999209 0.00144807
-47.5978 56.7808 5.02189 0.039615 -0.999215 0.000768127
-47.3609 56.7911 6.03531 0.0395528 -0.999217 0.000955704
-46.1456 56.8387 6.07251 0.0387412 -0.999249 0.000651457
-45.0705 56.8796 6.08091 0.0371299 -0.99931 0.000917214
-43.95 56.9204 6.08469 0.0358249 -0.999358 0.000635143
-42.8563 56.9594 6.10494 0.0352258 -0.999379 0.00012284
-41.6622 57.0012 6.11553 0.0350205 -0.999387 -0.000330124
-40.6165 57.0382 6.10497 0.036096 -0.999348 -7.75218e-05
-39.5891 57.0758 6.06111 0.0363661 -0.999339 -0.000198424
-39.1339 57.0927 5.27487 0.0365422 -0.999332 -0.000719046
-39.0988 57.0938 4.20115 0.0367635 -0.999324 0.000400438
-39.122 57.0931 3.18691 0.0365086 -0.999333 -0.000561727
-39.133 57.0934 2.10887 0.036735 -0.999325 -0.00060243
-39.1186 57.0941 1.09025 0.0367838 -0.999323 -2.84523e-06
-39.1374 57.0929 0.0168561 0.0367373 -0.999325 0.000732059
-39.1084 57.0921 -1.19465 0.0371521 -0.999308 0.00187423
-39.1334 57.0899 -2.24119 0.0366767 -0.999327 0.00107619
-39.116 57.089 -3.37526 0.0364133 -0.999336 0.00161388
-39.1195 57.0874 -4.50765 0.0363818 -0.999337 0.00121115
-39.0971 57.0868 -5.54443 0.0363271 -0.999339 0.00135447
-39.7093 57.0639 -6.07766 0.0362736 -0.999341 0.00127328
-40.7776 57.0256 -6.08055 0.035102 -0.999383 0.00140469
-41.8064 56.9894 -6.09104 0.0351497 -0.999381 0.00136401
-42.9095 56.9504 -6.08942 0.0355523 -0.999367 0.00106061
-44.0371 56.9103 -6.07384 0.0358247 -0.999358 0.00105298
-45.0945 56.8717 -6.06843 0.0370624 -0.999313 0.000432415
-46.1845 56.8308 -6.06422 0.0380808 -0.999274 0.001296
-47.1856 56.792 -6.06128 0.0398965 -0.999204 0.000613238
-47.6072 56.7757 -5.28552 0.0398981 -0.999203 0.000909186
-47.5873 56.7773 -4.26875 0.0387938 -0.999247 0.000796215
-47.5972 56.7773 -3.19102 0.0389423 -0.999241 -0.000101515
-47.6198 56.776 -2.11176 0.0396589 -0.999213 -0.000537577
-47.6036 56.7767 -0.952501 0.0394311 -0.999222 0.000220502
-47.5961 56.7772 0.0684768 0.039548 -0.999218 -0.000294277
-47.6004 56.7768 1.17486 0.0405272 -0.999178 8.77581e-05
-47.629 56.7761 2.30276 0.0406166 -0.999175 0.000527537
-47.6315 56.7764 2.64002 0.0399471 -0.999201 0.00120356
-48.5781 56.7387 2.63395 0.0395704 -0.999216 0.00109578
-48.57 56.7382 1.55245 0.0396497 -0.999213 0.000576702
-48.5663 56.7388 0.421951 0.039408 -0.999223 -0.000732102
-48.5428 56.74 -0.604411 0.0392877 -0.999228 0.000537584
-48.5762 56.7381 -1.65901 0.0397185 -0.999211 4.60657e-05
-48.5571 56.739 -2.67116 0.0398188 -0.999207 -0.000613144
-48.5596 56.7396 -3.68897 0.0402532 -0.999189 -0.000514666
-48.5541 56.7387 -4.76376 0.0396022 -0.999214 0.00171284
-48.5738 56.7361 -5.85676 0.0407429 -0.999169 0.00123406
-48.4943 56.7386 -6.88913 0.0399834 -0.9992 0.000344295
-47.5445 56.7767 -7.02727 0.0397966 -0.999208 0.000631753
-46.5195 56.8166 -7.04102 0.0383917 -0.999261 0.00180833
-45.4752 56.8567 -7.04475 0.0382422 -0.999268 0.00123168
-44.4387 56.8951 -7.04391 0.0361684 -0.999346 0.000534462
-43.3511 56.9339 -7.05478 0.0354549 -0.999371 0.000765131
-42.2005 56.9743 -7.05055 0.0348385 -0.999392 0.0016503
-41.0775 57.0136 -7.05569 0.0350197 -0.999385 0.00158892
-40.001 57.0516 -7.0414 0.036056 -0.999348 0.00190832
-38.8797 57.0925 -7.03706 0.0360994 -0.999346 0.00187264
-38.1437 57.1196 -6.55976 0.0351874 -0.999379 0.00161407
-38.1571 57.121 -5.36835 0.0358588 -0.999356 0.00158776
-38.1601 57.1226 -4.31323 0.036288 -0.99934 0.00139559
-38.1631 57.1241 -3.22643 0.036442 -0.999335 0.00158365
-38.1747 57.1252 -2.1532 0.0364055 -0.999337 0.00106927
-38.1536 57.1277 -1.02338 0.0368395 -0.99932 0.00175825
-38.1623 57.1287 0.067536 0.0368022 -0.999322 0.000615798
-38.1559 57.1295 1.1506 0.0367553 -0.999324 0.000249629
-38.1811 57.1284 2.20163 0.0367139 -0.999326 -0.00051442
-38.153 57.1286 3.34058 0.0368197 -0.999322 -0.000482299
-38.16 57.1283 4.49023 0.0363095 -0.999341 -2.74766e-05
-38.1706 57.1268 5.5683 0.0353312 -0.999375 -0.00102208
-38.1846 57.1262 6.59724 0.0359371 -0.999354 0.000351986
-38.9181 57.0994 7.04776 0.0363394 -0.999339 0.000119738
-39.919 57.0634 7.03054 0.0360458 -0.99935 -0.000155071
-41.0948 57.0209 7.05954 0.0354767 -0.99937 -0.000242558
-42.1179 56.985 7.06148 0.0346856 -0.999398 -0.000219754
-43.2623 56.9452 7.0508 0.0350768 -0.999385 0.000173075
-44.2956 56.9086 7.03857 0.0359378 -0.999354 0.000475046
-45.4173 56.8674 7.03104 0.0378089 -0.999285 0.00078656
-46.4275 56.8286 7.03993 0.0388101 -0.999246 0.000636006
-47.6676 56.78 7.04388 0.0395973 -0.999215 0.00143842
-48.5251 56.7457 6.77531 0.0397125 -0.99921 0.00144329
-48.571 56.7425 5.59107 0.039951 -0.999201 0.00104876
-48.5446 56.7427 4.5795 0.0402104 -0.999191 0.00115368
-48.5402 56.7413 3.49009 0.0399093 -0.999202 0.00160041
-48.5788 56.7388 2.77046 0.0395612 -0.999217 0.00109294
-47.1443 56.7961 2.69103 0.0403709 -0.999184 0.000823102
-46.1275 56.8367 2.69099 0.0391146 -0.999234 0.00109093
-45.1281 56.875 2.69095 0.0376727 -0.99929 0.00102145
-44.1201 56.9123 2.69092 0.0365749 -0.99933 0.000921787
-43.0496 56.9511 2.69088 0.0358564 -0.999356 0.00101308
-41.9439 56.9908 2.69086 0.0359664 -0.999353 0.000550171
-40.7843 57.0328 2.69084 0.0361898 -0.999345 0.000430164
-39.6776 57.0731 2.69082 0.0363289 -0.99934 -0.000481283
-39.7446 57.0709 1.79386 0.0369228 -0.999318 -0.000155438
-40.7615 57.0331 1.79388 0.0366751 -0.999327 0.000715722
-41.9079 56.9915 1.7939 0.0359495 -0.999353 0.0008078
-42.9237 56.9549 1.79393 0.0360798 -0.999349 0.000844034
-43.9908 56.9163 1.79395 0.0363163 -0.99934 0.000755807
-45.1328 56.874 1.79398 0.0375414 -0.999295 0.000821615
-46.1363 56.8357 1.79401 0.0390245 -0.999238 0.00103339
-47.1351 56.7958 1.79404 0.0404098 -0.999183 0.000666793
-47.1066 56.7966 0.897059 0.0400801 -0.999196 9.54798e-05
-46.0851 56.837 0.897039 0.0390536 -0.999237 0.000647822
-45.0187 56.8777 0.897014 0.0377244 -0.999288 0.000709007
-43.9863 56.9159 0.89699 0.0364095 -0.999337 0.000771524
-42.8251 56.9578 0.896965 0.0359723 -0.999353 0.000732204
-41.7354 56.997 0.89694 0.0360191 -0.999351 0.00085324
-40.6651 57.0361 0.896918 0.0376663 -0.99929 0.0009524
-39.6543 57.0742 0.896898 0.0373809 -0.999301 0.000425797
-39.6168 57.0756 0.896898 0.0373841 -0.999301 0.000433631
-39.7779 57.0691 -6.74068e-05 0.0373302 -0.999302 0.00126645
-40.9443 57.0252 -3.97625e-05 0.0367727 -0.999324 0.000479297
-41.947 56.9887 -1.94027e-05 0.0358281 -0.999358 0.000642706
-43.1008 56.9472 7.32011e-06 0.036056 -0.99935 0.000589048
-44.2005 56.9074 3.10637e-05 0.0362978 -0.999341 0.000726537
-45.2961 56.8666 5.1597e-05 0.037896 -0.999282 0.000595123
-46.356 56.826 7.0735e-05 0.0388552 -0.999245 0.000490302
-47.0411 56.7991 8.27694e-05 0.0394274 -0.999222 0.00030254
-47.1152 56.796 -0.89689 0.0393538 -0.999225 0.00014882
-45.9548 56.8411 -0.896906 0.0382554 -0.999268 0.000291267
-44.9304 56.8799 -0.896922 0.0371329 -0.99931 0.000490382
-43.9197 56.9171 -0.896941 0.0361376 -0.999347 0.000448992
-42.8514 56.9557 -0.896962 0.0362176 -0.999344 0.000428991
-41.7628 56.995 -0.89698 0.0359351 -0.999354 0.000327786
-40.7413 57.0321 -0.897005 0.0368621 -0.99932 0.000787417
-39.6654 57.0721 -0.897037 0.0370693 -0.999311 0.00157167
-39.6192 57.0725 -1.794 0.0367253 -0.999325 0.000761161
-40.7717 57.0303 -1.79396 0.036163 -0.999346 0.000669143
-41.8284 56.9923 -1.79394 0.0358084 -0.999359 0.000387636
-42.976 56.951 -1.79392 0.0361717 -0.999346 9.14045e-05
-44.0271 56.9129 -1.7939 0.0363516 -0.999339 0.000274551
-45.0602 56.8746 -1.79388 0.037548 -0.999295 0.000638365
-46.0655 56.8365 -1.79387 0.0382053 -0.99927 0.00073793
-46.9795 56.8013 -1.79386 0.0389934 -0.999239 0.00022548
-47.0526 56.7983 -2.69083 0.0382695 -0.999267 2.02524e-05
-45.9655 56.8398 -2.69084 0.0380747 -0.999275 0.000438517
-44.849 56.8821 -2.69085 0.037488 -0.999297 0.000389113
-43.8431 56.9194 -2.69086 0.03631 -0.999341 0.000275389
-42.8173 56.9567 -2.69087 0.0361545 -0.999346 0.000233975
-41.7641 56.9942 -2.69089 0.0354462 -0.999372 0.000345372
-40.6627 57.0336 -2.69092 0.036166 -0.999346 0.00069422
-39.7654 57.0664 -2.69095 0.0364908 -0.999334 0.000926222
-39.7507 57.0656 -3.5879 0.0362276 -0.999342 0.00152008
-40.7818 57.0284 -3.58786 0.0355396 -0.999368 0.000790812
-41.9114 56.9885 -3.58784 0.0353242 -0.999376 0.000741981
-43.0482 56.9479 -3.58782 0.0361484 -0.999346 0.000507425
-44.0483 56.9116 -3.58781 0.0367738 -0.999324 -0.000109572
-45.1901 56.8691 -3.58781 0.0376962 -0.999289 0.000120885
-46.3331 56.8257 -3.58781 0.0380829 -0.999275 4.74024e-05
-46.9592 56.8018 -3.5878 0.0384782 -0.999259 0.0002201
-46.9408 56.8022 -4.48477 0.0387033 -0.999251 0.000218219
-45.8991 56.8421 -4.48477 0.037819 -0.999285 0.000101413
-44.874 56.8807 -4.48477 0.037293 -0.999304 0.000266225
-43.7705 56.9213 -4.48476 0.0362969 -0.999341 0.000500243
-42.6934 56.9598 -4.48477 0.0355958 -0.999366 0.000901866
-41.6422 56.9971 -4.48478 0.0353998 -0.999373 0.000917056
-40.5869 57.0344 -4.48481 0.0353761 -0.999373 0.00127792
-39.6111 57.0695 -4.48484 0.0363089 -0.99934 0.00119117
-39.7153 57.0645 -5.38177 0.0364352 -0.999335 0.00128105
-40.8579 57.0237 -5.38173 0.0350494 -0.999385 0.00124388
-42.0107 56.9832 -5.3817 0.0353138 -0.999375 0.00127793
-43.0696 56.9455 -5.3817 0.0355507 -0.999367 0.0010869
-44.1996 56.905 -5.38171 0.0362762 -0.999342 0.000659068
-45.262 56.8658 -5.38173 0.0372706 -0.999305 0.000555951
-46.3614 56.8244 -5.38175 0.0384226 -0.999262 6.46489e-05
-46.9022 56.8035 -5.38176 0.0387141 -0.99925 0.000253943
-46.9815 56.8036 3.58801 0.0399387 -0.999202 0.00110206
-45.7638 56.8516 3.58795 0.0390131 -0.999238 0.000951184
-44.6812 56.8924 3.58791 0.0368607 -0.99932 0.000908807
-43.5597 56.9336 3.58786 0.0365858 -0.99933 0.000613223
-42.3822 56.9756 3.58782 0.0357098 -0.999362 0.000622212
-41.2715 57.0156 3.5878 0.0362515 -0.999343 0.000528594
-40.2412 57.0524 3.58778 0.0356208 -0.999365 -7.16384e-05
-39.5929 57.0758 3.58778 0.036271 -0.999342 -0.000383031
-39.6916 57.0721 4.48472 0.0367303 -0.999325 0.000173105
-40.7492 57.034 4.48473 0.0357393 -0.999361 -0.000504482
-41.7586 56.998 4.48475 0.0355816 -0.999367 -8.1464e-05
-42.8846 56.958 4.48479 0.0355892 -0.999366 0.00020141
-43.899 56.9213 4.48483 0.0365105 -0.999333 7.53466e-06
-44.9464 56.8829 4.48488 0.0369307 -0.999318 0.000255181
-45.9629 56.8445 4.48494 0.0384913 -0.999259 0.000799458
-47.008 56.8037 4.48499 0.0393653 -0.999224 0.00124233
-47.0081 56.8044 5.38198 0.0394861 -0.99922 0.000854042
-45.9376 56.8461 5.38191 0.0382923 -0.999266 0.000986339
-44.8901 56.8854 5.38184 0.036669 -0.999327 0.00112866
-43.7538 56.927 5.38177 0.0361334 -0.999347 0.000625911
-42.6037 56.9682 5.38172 0.035383 -0.999374 0.000280101
-41.4611 57.0084 5.38168 0.0350782 -0.999385 -0.000237984
-40.4453 57.0444 5.38167 0.0369234 -0.999318 -0.000269711
-39.8586 57.066 5.38166 0.0367696 -0.999324 1.41688e-05
-39.7869 57.0686 5.38166 0.0368066 -0.999322 9.81242e-06
