24.2497 57.9991 3.96958 -0.13007 -0.991505 -0.000124727
24.3117 57.9902 4.96817 -0.129709 -0.991551 -0.0010228
24.3907 57.9799 5.97891 -0.129572 -0.991569 0.00152446
25.4717 57.8408 6.10561 -0.127824 -0.991796 0.00163971
26.5215 57.7065 6.04491 -0.124282 -0.992246 0.000234411
27.6274 57.5695 6.0778 -0.121542 -0.992586 6.59797e-05
28.7169 57.4354 6.04856 -0.123663 -0.992323 -0.00105119
29.7842 57.3031 6.06923 -0.123572 -0.992335 0.000698307
30.8309 57.1729 6.05548 -0.121593 -0.992573 0.00364445
31.9826 57.0343 6.04857 -0.119106 -0.992878 0.00271462
32.8346 56.9334 5.73472 -0.11357 -0.993528 0.00165722
32.8754 56.9267 4.58184 -0.116115 -0.993235 -0.00100117
32.851 56.9288 3.51192 -0.118873 -0.992904 0.00329452
32.8782 56.9215 2.43405 -0.116641 -0.99317 0.00276957
32.893 56.9158 1.34332 -0.115952 -0.993251 0.00280702
32.8744 56.9151 0.322843 -0.117329 -0.993093 0.000822248
32.8934 56.9113 -0.783599 -0.116543 -0.993185 0.000267975
32.8683 56.9147 -1.95426 -0.117169 -0.993111 -0.00144481
32.9015 56.9113 -3.02153 -0.115982 -0.99325 0.00138621
32.8773 56.9115 -4.07266 -0.115645 -0.993286 0.00290406
32.9062 56.9057 -5.08236 -0.114803 -0.993388 0.000753359
32.5957 56.9426 -6.04469 -0.115725 -0.993281 -0.000247526
31.575 57.0611 -6.04847 -0.116605 -0.993177 0.000243496
30.5528 57.1856 -6.02952 -0.124332 -0.992235 0.00328592
29.4371 57.3223 -6.07581 -0.119262 -0.992859 0.00254589
28.3082 57.4626 -6.08993 -0.126159 -0.992006 0.00260938
27.1781 57.607 -6.04231 -0.125721 -0.992061 0.00274736
26.1317 57.7381 -6.05153 -0.122702 -0.99244 0.00253366
25.0708 57.8704 -6.04084 -0.125941 -0.992037 0.00140955
24.3046 57.9703 -5.57152 -0.129155 -0.99162 0.00281578
24.2849 57.9773 -4.43226 -0.131677 -0.99128 0.00503404
24.2741 57.9847 -3.39579 -0.134684 -0.990883 0.00341562
24.3049 57.9836 -2.36758 -0.131692 -0.991285 0.00323632
24.2676 57.9916 -1.31165 -0.129627 -0.991558 0.00296131
24.2737 57.9937 -0.197168 -0.131085 -0.991369 0.00197809
24.2925 57.9921 0.876212 -0.132175 -0.991226 -0.000271505
24.2733 57.9948 1.8928 -0.132154 -0.991229 0.000474036
24.2855 57.9939 2.96499 -0.130385 -0.991463 0.00105902
24.2513 57.9988 3.85935 -0.129628 -0.991563 0.000432331
23.2871 58.1262 3.74752 -0.131444 -0.991323 0.000905735
23.3271 58.1214 4.82702 -0.131966 -0.991254 -0.000689985
23.3319 58.1198 5.96381 -0.132766 -0.991147 -0.000529134
23.4177 58.1087 6.98371 -0.132338 -0.991204 0.000586654
24.5763 57.9579 7.04137 -0.125768 -0.992058 0.00163816
25.7309 57.8093 7.07346 -0.127976 -0.991775 0.00226723
26.8919 57.6627 7.03902 -0.12609 -0.99201 0.00422013
27.9687 57.5258 7.04686 -0.123952 -0.992281 -0.00385336
29.0102 57.3975 7.03593 -0.12163 -0.992573 -0.00217081
30.0868 57.2659 7.02237 -0.120001 -0.992774 -0.000115457
31.1799 57.1342 7.05061 -0.119612 -0.992814 0.00377344
32.2189 57.0095 7.0261 -0.117883 -0.993022 0.00306534
33.2591 56.8907 7.02419 -0.108515 -0.994095 0.000369879
33.835 56.8269 6.43388 -0.105821 -0.99438 0.0032964
33.8284 56.823 5.34839 -0.105081 -0.994452 0.00490704
33.8182 56.82 4.27463 -0.107416 -0.99421 0.00211013
33.8205 56.8147 3.25614 -0.112706 -0.993608 0.00638547
33.833 56.8077 2.21162 -0.117795 -0.993033 0.00201463
33.84 56.8058 1.11397 -0.114245 -0.993452 0.0010076
33.8605 56.8018 0.0686242 -0.112348 -0.993667 0.00199519
33.8555 56.7991 -0.954056 -0.112203 -0.993681 0.0028233
33.8503 56.7994 -2.14121 -0.117239 -0.993102 -0.00145996
33.8754 56.7966 -3.17204 -0.117712 -0.993047 0.00114378
33.8579 56.797 -4.26874 -0.115704 -0.993282 0.00165417
33.8745 56.7935 -5.29764 -0.114127 -0.993465 -0.000638852
33.8388 56.7985 -6.30198 -0.114342 -0.993441 -0.00108027
33.3937 56.8497 -7.04318 -0.11437 -0.993438 0.000638857
32.3832 56.9669 -7.04315 -0.113869 -0.993494 0.00199002
31.3784 57.0831 -7.03133 -0.115846 -0.993264 0.00249415
30.2872 57.2153 -7.02926 -0.123252 -0.992369 0.00343831
29.2774 57.3398 -7.05733 -0.121715 -0.992564 0.000844099
28.1174 57.4847 -7.04163 -0.12539 -0.992104 0.00257821
27.1005 57.614 -7.01425 -0.125871 -0.992042 0.00287639
26.0152 57.7491 -7.02192 -0.122434 -0.992472 0.00310377
24.9697 57.8816 -7.02244 -0.12958 -0.991568 0.000969947
23.9579 58.0153 -7.03355 -0.132692 -0.991156 -0.00161479
23.3248 58.1002 -6.39282 -0.136857 -0.990589 0.00195406
23.3219 58.1036 -5.35058 -0.137793 -0.990455 0.00356239
23.3153 58.1097 -4.31788 -0.135567 -0.99075 0.00602455
23.3209 58.1145 -3.1236 -0.132712 -0.991153 0.00156317
23.3319 58.1136 -2.09381 -0.13147 -0.99132 0.000772137
23.2949 58.1201 -1.05492 -0.130155 -0.991488 0.00336651
23.3198 58.1203 0.0631478 -0.130191 -0.991486 0.002461
23.3115 58.1232 1.14453 -0.131659 -0.991294 0.00114746
23.3261 58.1215 2.28502 -0.133121 -0.9911 -0.000303973
23.3137 58.1226 3.30423 -0.132937 -0.991124 -0.000333776
23.2908 58.1257 3.68405 -0.132225 -0.991219 0.000477793
24.7771 57.9302 3.58953 -0.129062 -0.991636 -0.000155058
25.8635 57.7899 3.58948 -0.127459 -0.991844 -4.30616e-05
27.0192 57.6425 3.58939 -0.124494 -0.99222 0.000614682
28.0345 57.516 3.58932 -0.124453 -0.992225 0.000901777
29.0721 57.3849 3.58922 -0.127197 -0.991876 0.00173904
30.0661 57.261 3.58918 -0.121516 -0.992586 0.00248422
31.0647 57.1423 3.58919 -0.115773 -0.993276 0.000135989
32.0726 57.0224 3.58931 -0.119519 -0.992825 0.00377742
32.3619 56.9876 3.58937 -0.119577 -0.992818 0.00382071
32.3849 56.9809 2.69219 -0.118318 -0.992965 0.00450783
31.3491 57.1042 2.69202 -0.1179 -0.993013 0.00498555
30.2959 57.2313 2.69189 -0.121488 -0.992593 8.4885e-05
29.2433 57.3633 2.69185 -0.125436 -0.992101 0.00147846
28.2415 57.4897 2.69182 -0.125756 -0.992061 0.000664484
27.1413 57.6274 2.69181 -0.122479 -0.992471 0.000459735
25.9815 57.7733 2.69181 -0.128261 -0.991736 0.0030242
24.852 57.92 2.69179 -0.129134 -0.991624 0.00257267
24.7667 57.9288 1.79404 -0.132942 -0.991123 0.00137605
25.8493 57.7877 1.79415 -0.127664 -0.991812 0.00340434
26.8887 57.6579 1.79422 -0.122747 -0.992438 0.000924725
27.9299 57.5275 1.7943 -0.127127 -0.991882 0.00280545
28.9238 57.4011 1.79441 -0.124942 -0.99216 0.00276255
29.9323 57.276 1.79452 -0.12203 -0.992526 0.000678597
30.9597 57.1501 1.79465 -0.122216 -0.992503 0.000638338
31.9536 57.0278 1.79484 -0.118096 -0.99299 0.00482667
32.2009 56.9984 1.79488 -0.116828 -0.993142 0.00454017
32.2838 56.9863 0.897575 -0.118948 -0.992895 0.00337694
31.2902 57.1088 0.897377 -0.122461 -0.992473 0.000669947
30.2473 57.237 0.89718 -0.121715 -0.992565 0.00073825
29.2491 57.3585 0.89701 -0.121928 -0.992538 0.00157262
28.1457 57.4976 0.896802 -0.126938 -0.991908 0.00239127
27.0351 57.6384 0.896661 -0.125699 -0.992067 0.0015299
25.9869 57.7705 0.896512 -0.125966 -0.992034 -0.00114094
24.7947 57.925 0.896317 -0.131971 -0.991253 -0.00129987
24.9274 57.9076 -0.00134189 -0.130005 -0.991513 -0.000419866
25.9339 57.7778 -0.00114395 -0.126142 -0.992012 -0.000876233
26.9826 57.6443 -0.000902188 -0.126991 -0.991903 0.00122515
28.0598 57.5061 -0.000677871 -0.126692 -0.991937 0.00308401
29.1622 57.3671 -0.000436882 -0.121664 -0.992571 0.000709285
30.2742 57.2322 -0.000194599 -0.120252 -0.99274 0.00249267
31.3308 57.1025 4.01959e-05 -0.122728 -0.992438 0.00208249
32.3442 56.9783 0.000266146 -0.120643 -0.992694 0.00213623
32.3899 56.9728 0.000276588 -0.119796 -0.992795 0.00264717
32.3635 56.9749 -0.897051 -0.120603 -0.992701 0.000832006
31.2378 57.1116 -0.897322 -0.121406 -0.992601 0.00193805
30.0865 57.2522 -0.897636 -0.120521 -0.992704 0.00367202
28.9311 57.3938 -0.897931 -0.122686 -0.992438 0.0037893
27.8103 57.5352 -0.898221 -0.127794 -0.991799 0.00166485
26.7418 57.6746 -0.898539 -0.128112 -0.991757 0.00245128
25.6182 57.8176 -0.898883 -0.126267 -0.991996 0.00120926
24.8338 57.9187 -0.899112 -0.129808 -0.991537 0.00216532
24.9976 57.8943 -1.79673 -0.129467 -0.991577 0.00361727
26.0158 57.7641 -1.7964 -0.124622 -0.992193 0.00469371
27.2106 57.6116 -1.79599 -0.127517 -0.99183 0.00345869
28.2389 57.4782 -1.79564 -0.126539 -0.991962 0.000137544
29.3376 57.3402 -1.79528 -0.121313 -0.992602 0.00486526
30.3814 57.2142 -1.79491 -0.119497 -0.992832 0.00206068
31.503 57.0783 -1.79456 -0.12041 -0.992724 0.000976797
32.3507 56.9762 -1.79434 -0.118969 -0.992898 -0.000669947
32.3845 56.972 -2.69159 -0.115705 -0.993283 0.00123132
31.3768 57.0925 -2.6919 -0.120075 -0.992763 0.00159348
30.3208 57.2206 -2.69231 -0.119351 -0.992851 0.0017368
29.3082 57.3418 -2.69269 -0.120999 -0.992652 0.000667568
28.2525 57.4753 -2.69316 -0.127788 -0.991801 -0.000307446
27.1254 57.6207 -2.69359 -0.12598 -0.99203 0.00231096
26.015 57.7602 -2.69404 -0.124799 -0.992173 0.00417113
24.927 57.9002 -2.69441 -0.131604 -0.991292 0.00460011
24.8469 57.9108 -2.69443 -0.130967 -0.991378 0.00410159
24.8914 57.901 -3.59226 -0.131625 -0.991292 0.00382149
25.887 57.7731 -3.59179 -0.125796 -0.992054 0.00223489
26.8939 57.648 -3.59132 -0.124445 -0.992224 0.00217497
27.9211 57.5175 -3.5908 -0.127876 -0.99179 0.000791174
29.0428 57.3744 -3.59026 -0.124546 -0.992214 -0.00076495
30.1273 57.2423 -3.58972 -0.120571 -0.9927 0.00310323
31.2033 57.1104 -3.58926 -0.120107 -0.992754 0.00382648
32.3295 56.9766 -3.58883 -0.116468 -0.99319 0.00296886
32.3802 56.9707 -3.58881 -0.115555 -0.993297 0.00275711
32.1965 56.9897 -4.48609 -0.115359 -0.993322 0.00206165
31.1298 57.1161 -4.48652 -0.118975 -0.992892 0.00328786
29.9675 57.2595 -4.48714 -0.121604 -0.992576 0.00223745
28.8311 57.4 -4.48782 -0.124727 -0.99219 0.00108926
27.833 57.5273 -4.48839 -0.127095 -0.991888 0.00224658
26.8311 57.6542 -4.48897 -0.12387 -0.992297 0.00183444
25.6736 57.7982 -4.48966 -0.124274 -0.992246 0.00171533
24.7801 57.9115 -4.49016 -0.129208 -0.991603 0.00542125
24.8307 57.9021 -5.38798 -0.124553 -0.992208 0.00304626
26.0167 57.7541 -5.38721 -0.123327 -0.992364 0.00191269
27.184 57.6076 -5.38637 -0.125923 -0.992037 0.00228948
28.3069 57.4644 -5.38558 -0.126608 -0.991948 0.0032288
29.4223 57.3257 -5.38482 -0.121815 -0.992549 0.00275006
30.4245 57.2029 -5.38414 -0.12457 -0.992211 -0.00024063
31.4299 57.0789 -5.38353 -0.117821 -0.993034 -0.00151929
32.3509 56.9704 -5.38309 -0.116088 -0.993239 0.000509668
32.2852 56.9968 4.4864 -0.119364 -0.99285 -0.00124259
31.1859 57.1283 4.48635 -0.11754 -0.993067 -0.00123886
30.0675 57.2633 4.48643 -0.12363 -0.992325 0.00243787
29.048 57.3911 4.48658 -0.125124 -0.992136 0.00313626
27.9401 57.5291 4.48682 -0.122621 -0.992451 0.00239195
26.8948 57.6593 4.48701 -0.125534 -0.992088 0.00154279
25.8056 57.7972 4.48715 -0.125774 -0.992059 -1.42097e-05
24.9033 57.9134 4.48728 -0.129079 -0.991634 -0.000645298
24.9135 57.9116 5.38501 -0.128886 -0.991659 6.07191e-06
25.9897 57.7737 5.38483 -0.125145 -0.992138 -0.000669519
26.9875 57.6486 5.3846 -0.123362 -0.992362 -0.00020927
28.1947 57.4997 5.38426 -0.121517 -0.992589 0.000671503
29.355 57.3559 5.38381 -0.123645 -0.99232 0.00359981
30.382 57.2265 5.38356 -0.124572 -0.992204 0.00353639
31.3923 57.1034 5.38338 -0.11834 -0.992972 0.00174451
32.1354 57.0143 5.38331 -0.118304 -0.992977 0.0012061
32.1544 57.012 5.38331 -0.116679 -0.993168 0.00154723
